24
100 196 55 151 102 23 75 110 29 61 66 7 22 181 150 122 51 61 152 137 36 101 149 82
90 30 51 157 27 100 52 140 32 138 64 185 167 34 4 79 76 189 61 87 105 106 2 153
91 9 35 153 148 200 118 194 113 95 34 136 118 32 49 170 7 36 99 129 4 116 54 130
1 26 75 195 36 97 67 17 15 143 183 76 170 191 134 87 130 156 185 36 175 196 139 64
180 77 169 44 102 112 189 104 135 184 161 108 44 62 192 45 0 106 175 95 119 28 146 8
4 125 38 186 28 146 60 160 114 16 35 9 127 128 156 152 135 99 136 34 47 59 80 26
119 153 133 41 89 162 166 121 122 82 154 25 3 163 38 4 20 65 178 73 157 4 163 68
146 199 135 182 39 11 112 121 94 119 112 138 61 149 199 94 183 114 77 59 127 169 134 6
74 77 110 0 37 186 52 40 169 119 57 9 194 189 169 179 164 127 6 18 184 170 26 193
114 143 9 192 11 146 42 25 34 109 66 130 81 19 116 160 3 127 128 188 104 165 42 189
183 114 45 14 77 126 115 82 148 188 72 119 121 52 96 100 128 174 177 147 107 39 115 196
151 121 135 195 45 84 91 136 129 147 151 30 42 193 155 166 150 109 138 27 112 5 115 164
17 144 185 124 82 18 137 135 123 118 42 122 123 187 84 149 74 81 153 33 85 94 124 12
165 70 42 24 111 24 194 25 199 0 76 111 46 79 67 10 26 9 65 154 122 19 110 123
149 153 106 157 137 44 23 128 173 103 173 146 190 150 141 69 156 88 51 135 68 59 21 107
128 177 195 190 171 21 68 103 72 10 38 149 198 105 122 26 27 181 186 141 197 0 7 7
187 57 129 95 21 151 190 42 61 178 191 40 30 91 189 95 143 11 63 96 20 94 130 157
14 9 109 98 92 152 64 110 82 34 154 80 128 123 88 96 25 106 20 140 38 19 2 19
16 114 169 66 43 176 126 169 197 189 132 137 127 73 107 95 97 47 30 154 30 163 138 174
80 139 187 5 63 82 118 151 173 90 16 86 87 176 34 58 17 39 21 102 183 53 104 51
48 125 146 58 172 5 119 191 22 104 89 178 183 59 62 193 198 129 115 196 103 166 194 150
73 124 130 193 191 170 166 17 69 107 166 159 91 5 35 135 197 39 147 19 7 36 192 61
78 178 101 114 146 60 134 40 157 163 34 110 185 44 0 39 156 68 150 175 45 92 185 166
149 157 29 57 157 66 96 124 159 137 16 8 200 63 20 128 89 145 82 44 5 124 157 77
