99
196 137 9 73 1 143 42 126 84 175 23 62 128 173 142 141 138 73 29 46 41 93 83 131 90 190 83 29 93 117 111 0 118 11 167 198 176 174 154 49 96 48 42 89 184 146 23 112 154 179 41 91 151 196 18 198 69 21 181 36 96 180 151 68 129 106 69 155 44 105 130 151 48 15 83 71 8 113 98 177 24 102 20 182 97 9 170 181 145 60 147 86 83 143 151 37 56 31 13
102 130 196 23 16 170 2 97 200 71 113 41 155 85 91 107 7 191 46 0 88 44 174 46 94 174 0 192 75 87 15 183 125 97 140 158 123 15 179 17 54 143 190 156 178 24 154 80 178 137 39 174 161 1 199 62 169 132 171 72 39 112 116 65 181 100 104 144 31 70 45 95 26 161 45 105 67 81 162 8 185 197 71 98 180 194 55 108 62 80 145 92 161 39 0 107 56 24 54
144 56 12 196 99 78 99 77 45 54 106 10 98 42 18 149 59 165 44 51 71 24 5 9 176 101 37 40 9 95 7 20 178 137 128 18 30 88 184 199 78 4 188 138 29 44 56 13 159 19 12 170 22 34 145 87 172 145 30 13 56 74 45 108 188 100 197 159 82 63 102 84 152 199 0 5 104 75 11 197 116 147 157 1 42 56 181 174 31 171 145 109 154 147 66 133 31 87 120
132 66 192 125 102 9 16 69 172 4 139 102 186 166 60 73 101 145 180 139 106 9 89 126 161 178 145 9 173 165 98 142 57 158 61 160 112 43 127 144 123 188 164 100 180 175 171 171 108 50 177 126 192 112 71 36 89 146 171 166 98 139 154 7 48 93 188 29 3 111 191 27 86 108 43 198 112 123 113 30 163 123 7 13 158 96 23 24 168 37 137 30 51 11 166 173 193 143 137
2 109 62 43 99 37 20 119 84 32 172 195 66 50 41 189 41 57 173 66 52 6 146 180 162 80 182 151 82 129 155 166 34 57 74 115 46 53 27 73 62 154 160 102 89 112 188 149 197 154 118 9 12 81 11 55 97 61 17 159 155 173 37 183 132 1 92 84 150 105 96 74 167 185 85 137 169 84 32 16 124 36 116 51 12 129 48 153 150 92 199 36 23 25 171 78 33 181 195
13 196 148 175 131 52 82 101 65 6 179 32 130 99 173 10 62 191 89 12 49 155 122 33 171 22 175 57 89 104 159 4 38 148 187 66 50 100 49 159 5 54 1 118 177 55 13 73 66 191 167 63 129 119 172 120 182 124 159 163 42 45 101 44 152 113 162 75 37 52 35 158 157 171 142 150 51 164 6 5 89 37 138 14 88 131 111 45 43 16 198 199 190 14 10 126 168 101 95
80 119 32 133 111 43 83 109 87 156 41 0 28 104 42 162 175 60 199 46 128 143 62 104 147 1 113 40 34 77 34 170 16 82 63 19 144 46 55 186 194 25 51 37 39 92 93 164 82 104 101 35 149 80 104 143 155 43 20 91 39 69 127 42 84 55 3 178 128 73 154 181 83 44 23 121 183 138 127 183 113 116 123 122 196 133 142 127 149 63 39 149 81 80 33 136 178 95 199
101 115 4 179 43 42 189 54 127 75 185 7 97 172 145 73 26 186 118 59 178 154 159 121 145 89 5 60 42 193 156 45 145 24 24 156 163 88 54 12 173 113 103 195 103 103 88 1 149 161 130 54 67 50 185 107 196 150 131 114 29 141 95 154 0 137 162 94 11 59 78 94 196 69 191 179 72 48 30 96 200 113 55 108 88 65 19 145 4 140 41 78 85 13 41 167 19 73 128
118 141 178 32 154 56 198 157 128 91 174 184 110 188 8 38 83 84 121 166 125 96 61 194 145 104 168 51 139 183 134 3 171 36 116 173 94 78 174 150 24 170 8 157 177 123 187 194 67 151 80 127 23 66 47 27 45 155 147 75 26 146 71 132 72 175 62 80 137 23 152 113 171 5 0 5 191 58 193 78 20 132 118 149 52 57 154 144 3 157 178 110 29 53 120 42 185 103 31
146 151 130 192 181 132 3 38 145 118 26 150 116 150 145 86 12 179 6 1 172 19 102 111 200 179 140 89 191 74 27 7 195 159 87 97 25 108 10 0 12 133 177 13 47 30 173 46 62 21 25 186 25 105 78 192 122 42 54 189 152 44 54 128 166 168 182 92 72 45 83 88 18 53 74 119 197 78 81 189 156 112 147 138 142 58 196 7 54 183 61 32 25 127 142 181 151 198 34
193 116 77 135 192 170 119 192 188 22 19 153 158 153 159 181 81 194 67 29 96 9 137 62 25 8 88 31 16 194 180 6 50 141 68 49 6 30 35 165 179 24 64 153 94 136 9 194 72 157 11 149 176 73 130 61 6 154 74 140 129 153 117 155 177 131 15 169 144 44 46 93 198 74 28 91 92 185 136 17 49 12 156 186 38 34 45 7 107 102 114 131 105 38 152 63 69 143 39
64 91 181 43 168 163 69 37 141 153 173 131 25 52 33 64 70 161 28 12 184 0 115 108 99 14 64 197 196 190 130 152 91 106 116 67 199 143 174 6 123 163 19 39 139 162 76 197 149 0 77 13 114 139 83 139 197 182 60 152 163 58 104 86 158 196 97 145 186 160 140 144 67 144 54 34 52 97 71 0 82 48 10 143 49 197 166 131 12 197 57 21 131 95 103 82 67 124 75
138 34 34 157 151 35 97 87 87 72 91 167 105 196 185 94 73 123 152 42 187 81 25 90 57 9 1 69 169 154 182 184 79 50 13 192 153 108 146 28 187 60 119 176 63 114 7 0 155 4 190 53 29 170 44 31 42 89 152 27 84 58 125 61 104 142 157 4 25 40 192 70 70 149 137 141 148 68 47 43 155 180 151 175 127 64 38 126 29 124 100 147 104 35 71 182 192 38 104
21 195 103 164 168 19 17 41 85 108 173 105 130 34 162 105 133 163 125 55 101 76 21 182 134 197 187 33 128 45 3 1 34 33 53 116 153 19 134 114 40 190 182 165 138 86 41 56 35 124 74 45 134 11 131 34 96 154 114 100 140 138 106 196 143 102 182 40 38 45 166 141 157 196 114 25 158 144 75 24 184 92 20 31 165 89 84 39 111 185 35 152 26 19 136 126 77 7 11
166 128 154 16 0 54 139 177 132 105 171 78 85 48 26 155 95 82 73 181 123 46 20 186 184 15 147 185 194 176 108 188 96 148 71 163 78 145 98 177 135 19 81 70 14 66 67 34 59 53 181 94 8 83 1 1 146 93 188 150 53 90 81 168 5 116 65 142 53 3 35 54 72 22 2 107 121 150 144 21 19 182 164 42 48 167 81 138 158 80 32 189 130 165 127 178 123 98 40
74 198 35 116 74 191 54 58 197 113 168 48 48 190 153 111 200 127 24 83 180 135 124 196 166 40 149 20 124 171 46 29 116 139 109 160 30 172 167 189 95 98 19 126 182 197 135 170 38 5 39 66 107 4 106 43 194 137 42 68 48 102 42 116 94 98 11 103 2 17 193 101 152 37 8 73 57 75 181 133 185 91 92 195 101 159 178 111 112 134 176 187 43 103 62 185 86 86 120
129 173 12 189 131 128 175 38 43 59 167 196 164 34 165 133 156 193 122 151 130 118 87 19 74 31 29 72 13 97 67 107 73 74 172 191 32 27 29 40 36 92 63 117 92 87 70 104 18 8 184 94 91 47 84 94 168 52 171 3 33 137 84 147 158 19 183 20 92 74 193 52 44 79 52 72 147 76 199 36 33 67 103 114 176 85 55 22 80 175 144 158 142 184 30 110 161 175 152
35 166 85 54 164 66 97 166 56 180 27 151 149 184 92 142 153 42 134 144 58 95 165 1 150 16 184 118 65 50 100 178 5 178 3 18 49 85 31 98 54 89 104 112 17 25 22 99 91 16 77 44 55 62 70 120 70 78 44 37 124 15 26 116 146 70 81 36 47 41 68 185 27 16 142 141 173 71 199 128 5 155 116 60 130 199 146 82 191 19 107 2 107 36 46 178 170 101 33
81 151 23 20 140 104 91 39 161 72 50 24 18 110 52 55 76 165 113 16 3 25 4 40 13 25 115 148 184 75 55 176 40 199 182 37 143 29 161 186 64 162 41 181 103 95 189 181 69 161 178 75 163 79 188 35 145 27 121 189 18 113 136 18 78 144 197 97 123 59 3 26 166 158 164 127 164 146 19 18 139 82 93 82 148 155 6 77 113 38 124 68 19 28 55 51 113 39 88
79 73 81 71 152 172 60 148 85 124 109 57 98 156 57 104 4 80 24 22 5 198 15 3 158 15 9 13 13 177 172 1 145 133 47 156 42 63 23 123 156 167 5 22 108 72 95 126 102 26 45 185 86 52 142 88 181 79 82 46 166 32 98 92 35 53 107 167 102 13 36 190 86 113 84 10 168 54 3 97 4 150 47 88 95 41 149 102 141 133 11 125 9 176 49 125 58 70 35
66 99 195 41 84 151 124 114 4 60 104 149 69 36 157 113 97 131 165 115 50 20 16 109 135 55 7 78 102 86 28 105 97 170 175 81 88 77 35 112 97 95 130 42 76 111 146 125 104 75 2 5 19 134 86 28 181 72 80 60 55 57 124 162 10 104 191 107 178 84 36 183 73 190 86 142 87 63 1 40 41 198 192 88 37 57 31 117 103 181 152 31 47 1 60 128 72 132 30
67 44 195 74 6 77 92 85 191 35 150 81 125 37 52 7 67 184 55 154 142 146 28 52 32 58 183 50 58 23 189 123 122 138 4 130 143 154 127 128 54 11 91 135 150 29 181 113 42 55 34 112 139 88 119 194 170 193 9 184 24 155 50 136 145 67 88 114 122 178 198 46 9 188 84 37 196 85 24 132 157 164 190 175 50 157 7 8 180 67 2 75 143 44 199 69 142 191 109
2 15 84 87 161 48 56 161 123 170 70 35 150 135 82 42 47 11 155 159 43 158 6 91 54 112 139 26 169 104 5 175 3 200 166 67 1 96 159 6 43 105 78 130 168 101 125 186 47 165 46 88 111 198 129 84 64 62 68 65 2 99 97 54 28 19 138 117 143 135 55 114 56 95 11 23 91 9 41 108 191 148 131 179 31 100 52 153 81 197 160 77 136 163 172 101 156 30 92
66 179 3 22 62 168 88 35 189 142 144 17 183 137 21 110 55 199 75 158 51 63 84 9 67 146 25 82 179 60 15 3 149 187 92 96 86 106 66 31 69 24 68 35 173 154 77 117 77 25 124 119 188 146 180 192 160 11 0 120 131 137 4 79 40 183 28 186 116 88 88 91 59 90 101 44 107 38 16 129 110 67 123 174 20 6 70 189 46 75 171 97 123 34 97 83 129 181 35
137 97 73 103 50 115 131 123 155 129 33 10 182 152 164 127 111 37 74 36 58 25 183 9 125 176 9 12 167 51 83 21 65 112 70 37 52 65 57 32 48 192 164 56 160 21 73 134 33 3 37 21 121 2 141 189 179 198 94 77 76 135 44 1 171 125 9 49 91 170 135 12 85 37 75 150 161 2 128 91 176 193 90 13 97 11 118 151 77 179 46 77 53 164 89 180 92 113 90
56 136 119 102 19 153 86 26 110 188 55 187 35 1 84 48 144 109 167 200 193 31 99 176 13 45 94 28 108 16 135 167 104 80 168 104 137 169 196 63 125 168 83 123 171 108 33 76 60 171 103 188 26 112 54 29 167 160 173 116 190 69 13 108 48 90 187 17 16 57 153 166 8 134 76 122 64 95 36 23 174 130 181 172 50 161 43 130 58 131 85 125 93 155 163 104 51 100 112
46 24 80 144 127 178 147 184 171 137 18 146 85 170 178 125 93 197 133 187 175 177 22 153 5 83 125 26 163 171 13 178 17 185 86 117 197 17 48 59 127 163 162 125 28 143 166 41 174 39 46 185 14 136 146 200 131 165 199 185 130 111 22 176 71 38 165 197 127 22 103 107 83 14 151 136 196 104 152 10 101 125 70 116 186 103 72 194 198 153 188 49 136 37 158 54 85 16 11
25 194 149 138 31 190 48 65 176 46 2 158 107 164 142 102 55 147 116 149 63 81 165 53 141 1 47 122 88 151 153 47 19 150 180 145 86 5 130 116 102 191 169 182 176 118 153 142 7 107 9 3 15 154 11 118 163 18 16 111 184 101 16 59 200 18 70 180 108 114 76 57 85 110 143 25 165 11 180 42 182 186 31 122 93 103 94 180 38 194 51 106 123 108 131 115 95 59 56
178 141 136 122 193 74 91 79 78 5 52 23 28 166 54 110 8 12 51 198 94 97 51 90 133 179 5 78 77 185 32 94 198 65 169 29 128 72 43 165 195 16 94 131 124 83 191 91 130 50 155 99 130 116 121 96 2 36 110 176 11 75 188 112 119 93 169 147 23 138 119 15 72 1 156 119 99 83 40 14 174 179 90 33 23 85 45 30 32 128 132 34 188 21 46 133 40 60 40
162 109 183 49 162 53 136 90 141 114 64 142 80 37 115 154 6 88 186 137 78 122 4 77 97 55 135 56 53 25 152 153 0 127 97 70 83 24 131 8 195 134 66 178 99 145 126 17 25 77 183 56 22 102 174 104 194 132 63 82 181 100 18 70 140 117 155 26 75 88 73 24 189 8 49 142 76 140 7 100 41 183 111 18 13 165 177 116 38 193 128 97 75 4 43 185 37 171 1
180 22 173 142 35 115 152 45 71 122 106 17 158 179 1 110 182 190 61 166 116 0 172 147 177 86 71 5 20 31 76 82 183 151 16 188 126 192 83 96 28 84 114 33 160 16 200 196 67 12 29 66 156 36 87 60 38 185 146 46 173 96 34 27 171 176 199 62 24 91 192 198 130 134 161 14 128 46 47 60 92 2 3 28 35 96 125 105 114 93 105 74 169 104 4 41 82 11 195
110 20 122 186 11 10 181 113 80 124 198 73 27 138 7 77 187 47 121 0 34 156 88 175 157 67 28 97 56 188 127 195 167 176 149 119 53 80 137 83 62 8 50 187 54 169 9 199 198 175 32 137 96 60 21 178 33 131 168 65 46 69 174 63 57 127 86 139 78 124 163 43 81 77 141 172 154 100 92 119 147 195 51 81 90 138 70 3 29 65 186 4 139 53 80 150 132 15 70
94 95 164 167 114 56 8 48 13 90 99 152 119 46 101 116 140 182 46 178 50 162 58 117 118 68 20 95 192 65 21 124 40 121 195 115 105 81 142 49 114 200 20 127 172 146 53 179 34 188 6 52 163 190 66 171 119 87 153 33 145 155 165 32 135 69 178 137 32 31 43 167 114 92 193 86 103 29 19 147 115 60 94 61 126 119 54 193 191 102 156 1 175 179 92 10 79 28 11
11 182 96 57 35 145 18 16 168 33 110 65 156 192 182 53 195 147 185 151 85 161 124 137 9 65 26 115 148 190 100 129 179 166 33 93 21 109 105 9 58 195 104 48 178 42 128 192 198 184 117 109 56 153 177 3 48 12 54 77 21 16 26 16 18 105 168 105 122 47 135 141 78 47 114 86 193 198 102 21 177 121 44 37 39 139 177 184 50 43 115 96 112 61 150 97 14 3 127
70 133 5 146 34 54 30 107 15 156 148 123 189 71 75 83 188 19 47 72 54 4 175 84 171 41 181 73 66 174 45 0 79 11 43 83 200 15 19 192 143 95 37 32 136 73 26 52 128 113 189 117 125 163 44 29 75 104 44 12 195 138 179 87 42 144 102 93 130 75 71 27 167 33 182 79 128 133 11 122 85 41 10 56 160 77 142 24 190 39 144 76 123 121 77 149 92 184 65
64 80 59 104 124 80 65 122 67 4 50 17 50 109 94 87 66 163 173 98 190 129 173 151 126 89 98 53 111 164 34 60 20 24 148 138 120 45 192 145 158 26 142 150 172 108 199 148 135 139 68 153 97 125 98 124 42 100 109 181 65 116 126 77 184 15 84 7 99 88 5 72 155 6 136 185 5 185 81 173 43 189 82 28 16 77 185 17 68 93 53 40 54 36 174 74 120 99 105
182 129 195 110 178 70 148 122 1 166 17 168 54 104 115 57 111 152 128 199 31 174 106 31 180 5 103 113 95 85 178 25 170 136 163 188 160 36 26 186 23 95 158 44 136 153 156 120 183 146 80 153 178 102 18 85 133 33 92 183 172 53 141 25 52 93 159 98 49 56 56 84 157 35 191 20 21 58 11 32 82 133 103 53 91 20 38 11 50 162 95 119 38 22 162 197 34 21 166
169 66 14 43 100 80 64 175 119 40 180 176 154 80 31 154 104 171 40 150 184 198 188 187 166 140 101 52 135 45 89 109 106 158 155 160 82 181 2 120 168 197 52 190 174 18 101 170 5 75 41 42 157 69 144 174 3 19 42 76 8 11 44 30 200 86 6 106 96 33 82 97 151 57 3 194 113 31 3 93 14 8 148 142 43 190 186 123 100 156 27 52 77 166 200 177 145 49 44
199 76 101 34 23 50 175 69 14 103 59 28 49 41 118 61 129 113 107 38 104 199 138 159 108 90 19 49 104 85 47 6 49 65 119 164 6 8 144 10 187 3 34 121 3 68 76 115 123 15 93 84 187 181 122 126 98 113 199 199 116 50 148 135 174 143 174 90 121 126 111 151 152 161 166 72 14 143 168 142 102 29 126 132 4 71 9 5 14 23 60 7 136 130 131 158 61 130 138
171 8 65 172 124 83 154 0 197 10 152 38 112 131 141 7 175 72 116 1 17 174 183 11 57 133 14 110 31 41 142 90 5 103 21 167 146 127 125 155 53 95 165 193 116 86 29 115 83 118 200 192 64 10 44 195 157 168 84 187 49 133 26 21 158 134 125 52 32 35 84 112 123 113 126 137 90 126 195 91 22 51 23 75 170 157 169 184 182 169 9 176 141 167 24 35 41 97 148
155 125 155 102 12 24 94 189 123 178 126 75 12 197 155 180 156 159 36 90 27 163 68 137 108 84 79 47 187 199 87 80 110 59 172 61 81 153 88 76 170 15 163 106 118 165 20 144 136 22 125 73 51 125 161 65 71 165 190 46 72 8 165 66 86 192 194 143 149 139 124 136 9 111 14 75 57 98 170 90 103 109 23 38 98 102 168 137 147 123 88 25 29 144 108 183 111 138 49
32 189 34 18 108 134 5 188 190 193 152 79 36 10 90 22 46 105 59 31 52 67 157 197 177 84 28 13 54 84 29 41 104 58 172 78 113 141 91 123 117 68 186 183 177 23 177 189 150 22 188 2 9 188 200 157 134 50 82 144 127 8 47 146 18 70 178 82 179 161 62 161 15 17 10 184 148 0 29 146 110 84 144 56 36 115 72 36 110 86 168 10 117 70 158 138 92 174 194
17 49 33 85 177 76 20 34 54 185 156 53 110 87 64 164 33 76 66 101 78 7 136 200 8 80 66 26 161 75 126 146 39 198 58 143 185 44 70 27 10 125 68 38 108 26 12 35 113 174 2 35 80 120 192 58 82 82 153 116 150 8 62 130 142 113 144 40 114 88 54 92 198 21 32 45 186 99 163 51 9 185 28 76 193 191 66 187 87 39 35 136 10 61 24 46 187 119 79
11 171 83 143 36 145 61 187 31 186 184 138 56 21 80 131 23 139 43 152 118 127 101 145 100 19 24 28 22 69 114 60 156 58 61 47 75 91 150 65 79 96 93 0 9 159 183 61 144 142 125 29 42 149 84 124 77 166 158 71 42 13 85 27 16 53 16 104 9 161 78 163 170 182 188 157 18 79 191 26 142 160 198 100 184 191 184 55 9 100 164 6 181 189 121 19 182 82 115
42 73 180 173 82 189 108 93 50 48 67 73 148 17 161 167 117 183 144 138 57 154 77 124 144 186 175 177 10 150 8 114 146 159 191 146 44 142 183 48 13 104 147 186 65 16 4 147 133 163 139 172 152 184 107 161 170 194 182 81 14 28 120 170 38 153 78 166 11 75 43 0 10 191 14 136 108 155 50 145 43 151 171 10 46 26 150 146 83 22 143 141 24 20 6 45 190 160 80
16 21 157 71 1 148 77 106 11 16 119 163 16 98 104 149 100 170 194 90 188 4 112 73 71 35 82 194 124 157 153 72 165 124 55 185 11 81 34 200 21 46 122 6 135 126 111 110 171 148 103 110 183 111 93 95 152 147 161 185 188 48 91 39 59 197 20 8 10 89 91 41 147 45 110 6 57 174 90 3 0 151 121 118 95 189 90 156 144 190 47 127 20 107 188 90 46 29 11
23 28 41 164 4 127 139 13 23 94 49 75 60 30 124 120 81 92 196 142 28 92 184 33 122 111 54 34 52 164 160 143 30 175 38 161 31 156 58 119 179 11 1 185 26 193 66 157 62 158 78 32 3 62 86 78 171 33 156 82 65 183 88 130 63 0 116 129 31 70 16 49 48 185 14 62 152 49 16 8 95 70 49 14 6 10 111 11 147 19 102 163 171 94 113 195 84 94 54
131 127 31 40 188 117 100 172 150 15 75 59 119 130 29 86 116 50 73 43 196 175 60 103 135 3 115 193 39 37 13 162 59 29 73 190 15 163 198 144 180 43 82 99 92 193 73 19 86 35 71 1 158 53 142 5 57 133 1 143 133 4 32 157 145 190 67 123 122 83 1 97 143 163 24 154 87 170 95 190 32 17 59 182 200 168 169 93 147 138 36 55 74 193 140 94 136 107 134
81 58 6 151 129 105 74 4 108 63 190 53 107 110 122 160 126 166 182 129 173 183 192 114 179 108 104 8 143 172 172 171 59 25 51 24 7 99 64 110 57 152 112 134 48 60 128 103 6 87 12 142 185 65 126 80 198 173 92 130 153 192 140 85 166 171 21 167 134 4 189 133 32 109 111 86 88 14 99 84 125 165 98 144 123 196 148 121 54 113 77 39 91 126 78 39 138 171 1
108 114 146 148 168 194 177 117 191 164 56 110 93 90 70 199 78 190 125 84 67 18 182 190 101 105 49 175 42 7 183 8 95 183 156 16 67 98 97 53 44 101 10 102 99 57 162 121 25 42 103 157 133 68 106 85 68 11 77 199 187 105 189 71 171 170 127 167 86 68 160 194 187 59 6 115 103 57 44 147 4 85 107 97 153 133 195 128 175 117 11 1 121 18 91 22 18 66 88
86 34 87 58 48 191 56 148 151 105 9 91 88 188 92 129 60 26 73 44 113 144 113 45 10 126 75 99 51 92 63 83 147 198 175 31 131 55 35 144 28 2 8 59 134 97 73 96 189 171 134 148 21 190 76 33 62 103 122 91 102 129 72 87 197 200 76 154 193 189 51 71 134 18 38 64 58 53 141 114 76 138 111 92 120 89 72 167 119 154 160 193 168 2 66 69 132 116 163
147 194 43 58 161 141 108 187 6 34 70 200 158 187 63 47 122 139 77 29 161 162 19 100 24 164 168 66 146 153 72 0 182 98 14 101 91 129 135 96 149 148 200 21 192 163 27 62 34 174 81 193 23 76 41 22 8 197 80 72 146 3 30 165 69 79 72 118 192 163 60 169 17 153 196 96 182 105 23 117 115 157 164 119 197 53 118 76 127 60 10 113 123 53 199 160 151 185 48
81 19 48 187 175 14 191 104 130 72 106 83 102 50 170 51 74 120 63 143 26 194 43 69 0 105 198 18 29 153 23 6 170 95 37 172 107 27 148 43 87 53 184 172 48 22 31 170 184 169 86 67 118 197 24 84 166 48 120 194 78 14 45 111 21 182 86 0 197 15 139 138 172 110 180 2 6 106 153 9 13 127 196 104 6 96 147 81 120 12 105 117 106 173 199 136 6 159 40
86 125 196 161 114 124 94 117 88 67 131 89 64 40 194 170 113 197 172 107 48 182 185 100 185 103 127 95 66 124 62 74 123 180 31 50 12 139 83 76 99 195 89 55 27 45 139 164 198 82 42 45 151 50 179 141 103 167 106 55 93 190 108 12 54 79 82 174 91 70 78 1 142 55 189 127 183 118 3 55 103 177 6 157 94 162 163 154 65 85 126 4 164 20 81 95 2 1 122
128 4 57 132 73 124 21 97 56 42 48 139 191 137 37 183 199 35 74 147 120 34 110 78 114 7 1 61 47 21 25 155 118 13 74 40 74 143 40 146 34 33 147 154 28 84 6 33 2 121 70 184 71 196 84 195 62 69 88 34 31 109 160 40 67 156 120 191 192 16 184 69 91 130 200 101 103 48 96 100 75 23 11 143 92 56 46 188 178 68 25 184 90 18 34 200 17 149 102
122 197 109 139 19 148 68 195 192 116 33 180 146 123 33 133 24 82 119 100 19 168 112 31 126 69 138 79 158 4 110 133 169 34 78 17 44 122 106 153 10 179 19 114 164 58 155 124 56 47 141 95 20 144 157 91 194 109 38 56 194 152 15 84 82 63 43 22 183 93 45 162 9 17 12 97 27 122 91 67 5 106 167 145 188 82 52 30 79 104 77 171 198 39 119 41 15 93 75
61 98 102 13 101 163 25 10 100 184 41 113 36 136 186 103 70 95 97 144 165 86 150 63 176 47 82 93 164 51 15 122 145 39 169 184 56 102 93 105 120 28 73 72 87 45 182 174 118 129 184 128 39 18 38 83 52 114 176 161 112 3 34 126 54 87 167 13 189 59 195 127 69 98 133 134 159 26 103 130 49 6 41 39 163 36 198 163 184 195 119 173 51 93 47 104 178 51 7
115 164 67 188 58 50 79 52 91 117 143 32 163 107 13 165 159 42 149 40 14 13 131 41 43 108 90 113 152 109 39 176 27 88 23 175 34 197 66 37 181 58 86 119 47 116 147 30 17 76 104 68 170 80 85 174 105 97 70 28 82 172 84 11 104 82 16 165 134 127 142 50 93 110 149 110 98 116 152 62 85 97 44 115 197 90 32 159 196 172 182 64 64 199 60 114 39 52 36
98 190 16 164 64 105 43 82 45 64 41 194 138 101 104 196 161 10 19 161 45 99 189 26 2 142 44 144 136 41 100 47 195 184 95 152 72 187 31 188 100 200 46 96 136 200 79 64 191 145 0 40 150 41 103 177 20 16 112 114 148 93 17 198 15 104 94 108 62 105 46 130 105 68 31 69 146 134 11 166 25 54 131 19 39 101 105 5 197 99 156 95 174 47 129 62 194 95 142
95 70 144 152 69 195 105 79 75 130 112 44 151 129 121 179 172 5 52 178 115 38 0 78 60 153 1 68 110 113 195 98 163 58 198 146 63 23 41 52 149 19 81 190 72 8 146 119 23 169 171 118 81 169 123 196 109 51 133 33 13 58 53 186 122 45 82 114 76 102 179 36 83 77 19 134 3 88 34 109 4 132 74 4 46 52 112 54 34 76 44 191 163 11 60 77 80 8 129
7 33 177 182 91 69 66 27 23 186 127 139 197 153 38 41 91 96 140 44 118 167 72 161 184 23 127 135 115 161 142 166 200 99 169 9 116 97 66 151 62 76 140 5 6 187 181 98 183 15 192 77 145 107 4 94 16 188 200 84 156 5 40 113 44 36 179 127 15 136 103 122 128 115 8 165 6 55 91 95 94 6 42 166 154 132 112 157 138 61 15 109 119 128 23 56 34 97 46
58 169 196 151 62 104 128 160 144 14 72 149 21 66 141 142 122 95 158 151 4 25 145 41 140 6 123 185 117 178 30 21 135 193 22 177 149 81 132 179 101 136 141 192 141 157 67 188 30 53 20 145 149 8 9 68 141 159 200 18 174 172 42 100 95 198 16 23 179 13 69 142 110 57 31 29 166 143 9 69 111 148 176 108 98 192 78 104 150 154 35 96 84 111 11 123 33 58 177
174 177 164 51 121 39 141 103 87 8 137 192 35 138 72 7 160 79 169 75 1 113 10 138 119 91 139 41 5 185 177 61 190 5 64 94 92 8 128 76 10 124 191 81 0 183 125 99 80 61 164 163 136 17 138 58 181 55 23 148 142 122 34 158 169 200 143 170 87 110 120 163 68 49 186 172 119 69 57 76 97 119 83 6 173 136 44 54 156 169 34 57 126 70 27 178 11 26 145
148 127 147 8 131 42 194 118 46 116 80 165 30 119 100 77 127 4 94 159 71 40 11 85 155 50 22 134 15 180 81 112 115 176 53 175 39 48 63 67 14 81 68 164 128 105 69 187 177 1 16 151 150 60 196 12 188 169 193 105 184 95 146 198 149 34 59 67 123 136 143 138 0 151 109 142 9 157 60 111 182 154 35 176 194 16 171 61 138 64 85 71 140 32 110 74 185 97 168
42 0 51 81 4 1 72 200 180 175 81 79 191 86 188 41 150 83 196 171 40 171 42 129 154 81 4 97 27 9 63 120 188 67 139 87 190 179 118 178 96 137 156 116 55 181 187 119 96 113 83 161 134 43 193 141 165 55 16 191 96 72 39 10 126 106 177 79 47 59 126 16 64 193 138 76 96 128 11 155 18 64 123 180 56 131 145 105 133 82 99 9 189 45 95 115 199 154 5
151 41 199 107 20 160 138 138 194 50 181 149 56 72 23 157 81 81 103 39 55 157 161 90 98 76 196 186 178 108 146 80 137 131 9 150 192 112 43 116 17 52 89 4 92 46 144 28 110 137 189 106 194 44 109 154 97 129 141 91 50 26 155 110 114 116 188 38 82 39 107 50 114 195 132 135 113 166 37 96 13 85 70 18 173 16 105 77 136 74 96 14 73 30 132 14 7 137 70
199 141 99 34 156 117 67 115 16 93 162 117 87 23 19 88 122 83 112 132 35 123 74 43 155 120 49 132 146 72 136 51 122 186 0 106 84 48 144 53 11 120 141 115 18 35 163 6 198 181 21 111 26 99 19 23 137 104 166 111 114 71 172 172 118 50 59 101 95 36 182 96 183 12 39 17 120 156 191 197 44 67 69 36 115 161 158 1 184 78 31 46 113 3 112 82 59 17 58
7 103 36 161 55 139 116 55 161 187 55 129 142 89 191 36 181 175 177 138 79 21 90 129 67 148 127 32 30 21 144 113 12 10 96 117 4 17 189 6 20 67 68 89 31 7 34 81 57 160 11 133 132 147 67 176 109 171 166 87 31 80 94 134 182 164 19 7 183 18 29 200 127 53 24 133 145 42 38 200 82 148 125 140 39 75 128 137 57 6 80 42 144 182 197 116 193 185 59
13 147 118 153 133 153 12 128 4 166 145 39 142 157 92 42 86 182 89 10 115 199 18 183 12 72 190 8 105 89 199 130 67 139 45 142 61 75 95 70 138 189 96 145 149 15 64 28 97 95 193 99 63 41 103 41 164 148 60 88 100 117 43 99 61 136 148 27 116 110 198 112 55 111 126 116 49 121 11 14 96 7 157 56 191 128 57 105 76 54 99 194 191 21 130 30 160 142 140
33 116 29 188 8 6 120 185 117 187 118 84 27 55 73 88 152 33 122 62 123 195 120 48 79 31 200 149 138 130 134 194 150 25 79 161 8 38 89 45 112 190 140 45 24 67 190 22 9 189 94 66 31 142 108 18 29 145 129 184 46 24 192 151 174 95 90 16 87 22 16 178 106 71 34 134 61 16 178 122 195 52 57 112 121 45 49 144 189 73 196 175 95 86 78 117 11 13 48
118 69 139 64 90 32 10 30 171 36 50 114 140 186 47 142 47 31 120 173 72 83 9 164 78 152 28 134 154 21 72 55 113 79 106 34 33 153 176 103 92 117 180 51 165 157 8 57 199 136 119 32 68 49 83 180 145 117 147 199 2 90 140 139 41 167 24 135 138 196 181 175 116 195 26 161 47 20 188 55 151 104 152 148 48 82 14 134 149 136 108 53 120 137 196 133 13 16 122
148 50 193 88 99 82 194 181 3 12 2 23 144 110 58 153 15 89 23 66 91 132 177 156 9 168 88 146 0 195 52 16 44 3 68 54 7 175 167 133 110 21 199 18 44 174 181 103 144 17 137 84 183 125 71 56 200 8 130 47 122 41 129 191 150 32 6 61 142 190 128 94 41 122 45 52 78 91 128 87 150 89 70 121 154 174 14 64 74 128 86 5 43 151 9 91 7 200 103
96 12 78 74 82 69 9 42 101 197 119 28 53 93 131 187 107 133 191 72 102 63 152 122 70 170 27 0 65 17 183 199 26 115 71 194 125 105 65 112 49 5 152 189 49 156 124 175 60 31 53 144 81 28 141 110 143 108 195 3 30 27 190 181 54 36 82 184 109 18 41 71 167 85 51 158 153 186 133 121 148 46 56 71 4 79 41 167 101 58 111 174 148 99 33 138 61 46 38
45 105 104 171 82 42 97 102 7 122 165 51 23 165 198 15 30 83 111 165 78 34 101 127 33 42 182 32 39 20 75 87 22 35 10 160 36 107 185 117 171 148 164 141 145 194 168 65 119 50 118 102 183 10 50 37 176 98 22 180 121 2 183 154 130 196 52 31 23 106 197 68 53 191 14 47 182 30 196 198 31 53 165 101 59 120 117 59 134 112 74 47 79 107 89 116 94 80 155
86 84 60 112 157 143 76 47 117 142 129 45 185 83 180 13 184 115 169 108 148 168 9 74 61 21 184 67 117 163 60 69 55 94 154 152 6 122 18 66 179 101 114 156 15 150 96 152 45 159 21 25 164 49 130 41 75 147 90 7 12 195 151 87 76 62 77 95 80 96 140 49 70 111 167 19 133 195 98 160 92 126 144 63 26 189 185 89 175 136 181 194 67 162 3 185 96 11 172
162 178 87 57 85 125 70 52 28 188 161 56 175 142 68 5 198 147 197 119 77 181 198 11 70 11 180 158 39 101 177 109 125 74 11 131 62 20 23 40 192 63 164 126 45 185 197 163 162 174 49 25 196 82 122 73 123 101 2 178 66 0 43 110 143 37 20 164 188 122 146 15 162 83 199 52 172 35 72 137 11 154 139 143 30 13 192 43 171 190 83 67 60 200 21 7 173 107 151
194 188 141 178 109 21 22 44 192 3 124 48 59 79 5 8 16 70 98 71 50 59 28 193 179 137 109 129 113 47 54 57 54 12 86 146 70 166 133 115 107 168 178 33 10 84 38 195 74 104 32 173 99 78 55 50 93 111 53 118 43 195 176 185 188 22 128 95 115 160 108 63 162 196 53 66 114 39 116 29 190 39 3 43 189 147 105 197 154 74 7 156 185 7 194 28 50 3 25
99 168 199 148 90 69 97 53 175 43 155 100 113 152 143 136 26 160 108 24 119 26 56 194 92 92 128 62 130 69 163 24 174 104 139 8 121 58 195 152 61 25 197 95 15 51 174 135 199 92 197 118 79 183 159 104 101 71 11 199 126 90 109 51 4 167 154 199 148 19 25 107 91 47 78 142 119 7 156 21 25 37 62 79 71 82 75 18 0 61 121 81 61 44 136 61 58 86 12
134 36 172 14 18 125 37 82 79 143 45 32 115 126 60 26 134 160 154 20 48 28 114 10 156 50 59 39 122 150 5 168 174 51 155 58 153 121 71 190 149 4 79 83 26 105 78 125 100 3 166 19 31 13 172 198 158 149 199 28 72 37 152 65 133 188 101 133 32 106 186 155 179 68 147 11 182 41 29 175 63 47 143 109 65 65 95 149 187 124 33 45 154 31 94 48 84 35 141
176 167 142 3 149 5 143 34 114 71 3 66 89 182 84 28 92 198 169 67 55 41 122 171 112 134 134 130 131 78 96 70 142 54 158 75 177 144 118 200 108 113 36 32 106 113 62 12 21 187 104 58 35 73 164 165 187 53 169 0 40 162 46 69 146 100 26 29 195 71 150 47 87 159 200 144 146 31 120 142 139 143 151 95 56 5 180 149 153 153 99 131 31 161 167 155 152 137 123
198 189 173 112 115 7 119 66 165 142 54 114 194 185 142 117 131 66 135 21 121 2 187 24 114 193 195 115 86 177 107 64 136 110 59 117 92 144 84 38 94 68 103 115 105 3 173 59 79 1 122 146 70 151 27 138 24 181 61 41 174 177 108 77 16 74 95 149 158 172 70 22 3 84 25 35 120 172 34 48 67 49 131 172 96 126 199 116 18 191 117 134 69 141 198 101 93 13 140
153 158 46 140 181 95 113 67 26 126 148 157 0 104 94 20 93 129 55 173 22 97 109 197 33 77 94 191 135 87 70 163 10 106 71 73 10 175 97 4 60 128 131 74 42 25 83 13 173 135 69 35 176 7 6 47 22 139 163 68 67 136 83 93 0 183 171 102 175 158 95 87 97 159 60 61 18 124 95 57 34 171 112 32 141 40 23 9 128 142 24 27 142 177 57 185 115 94 198
157 144 15 122 59 102 70 85 118 83 65 176 172 54 161 35 42 40 118 181 145 78 155 27 128 14 24 151 23 104 83 43 43 22 183 66 151 143 158 104 120 31 141 106 133 181 175 122 68 1 38 63 174 71 140 163 39 12 29 34 152 46 44 21 94 118 119 133 18 95 72 18 79 139 126 195 158 187 48 156 15 13 67 68 134 140 162 58 47 171 106 18 92 103 73 43 165 0 68
112 32 87 4 2 4 88 33 191 144 121 87 195 159 139 51 75 27 50 190 2 189 30 154 9 79 159 156 17 101 75 93 177 42 59 105 80 55 143 124 10 183 3 123 158 184 51 196 151 13 180 135 113 39 173 17 59 76 50 93 153 28 37 27 87 159 83 198 38 189 81 21 111 14 103 94 141 130 164 127 180 139 31 27 102 3 92 73 147 173 99 59 186 63 136 161 85 200 0
71 124 32 107 198 127 118 84 67 101 189 195 165 129 38 155 36 168 114 159 180 49 138 57 190 91 125 50 132 7 117 12 41 135 116 95 122 72 28 81 74 47 53 143 50 41 161 151 33 80 138 98 184 62 155 156 110 112 185 164 23 145 179 161 60 32 0 143 195 2 55 15 30 66 190 75 68 166 33 78 180 32 127 43 82 2 88 50 0 33 178 9 158 68 107 159 199 127 109
129 126 184 192 200 64 146 17 122 57 120 157 123 146 85 14 11 187 97 178 31 164 131 177 139 74 116 116 47 198 92 162 76 36 163 31 121 21 123 25 182 63 92 109 163 48 66 11 60 80 94 71 117 168 62 37 69 147 9 1 63 81 121 73 21 126 74 127 104 134 55 0 170 172 176 153 85 46 159 84 184 9 99 175 165 21 156 71 76 57 11 49 145 80 105 197 51 124 94
29 164 80 179 2 43 153 47 94 61 134 22 83 38 171 67 190 41 6 27 157 121 3 174 32 101 15 164 116 35 118 77 82 110 57 143 41 88 129 97 10 99 46 151 124 85 22 142 24 89 173 69 72 50 136 65 180 123 74 36 56 182 190 191 176 181 105 74 10 13 57 78 43 33 71 137 68 37 36 115 54 77 5 10 134 166 170 166 21 35 128 175 9 63 41 183 119 161 4
161 100 76 172 75 74 113 57 98 187 90 163 127 101 164 24 53 182 136 168 162 107 41 161 13 12 24 85 50 111 145 137 94 181 52 77 130 50 59 5 27 179 117 57 156 118 131 30 192 109 31 3 82 137 186 19 178 36 193 156 193 136 23 99 101 0 191 189 184 81 21 45 86 62 139 90 167 152 16 95 18 155 63 42 0 110 192 191 134 94 185 1 199 34 30 121 106 8 104
138 126 29 130 43 1 102 10 102 114 107 15 106 26 81 182 94 183 94 191 191 176 75 180 142 38 27 11 120 69 113 3 175 60 62 168 178 184 112 24 199 111 148 146 174 31 114 35 184 36 176 114 126 18 16 98 35 191 39 134 106 200 124 49 99 122 141 121 52 198 128 56 80 128 42 105 82 174 193 166 145 20 2 50 81 117 116 183 125 122 145 150 193 6 190 176 16 35 66
102 132 130 171 74 118 38 188 55 50 93 85 174 60 25 114 12 38 52 184 82 60 30 41 140 139 131 77 5 71 123 90 191 199 163 124 115 185 69 118 4 155 48 194 142 85 182 180 89 178 108 70 107 53 170 193 23 26 197 107 71 160 137 153 181 128 70 1 141 13 117 163 125 143 31 116 129 44 33 78 185 136 43 119 9 23 181 195 192 91 27 93 94 50 108 47 80 176 134
50 183 48 79 65 64 127 8 139 41 170 0 156 4 53 75 14 32 154 77 141 24 171 46 156 33 75 176 157 179 184 142 163 99 74 43 101 56 169 119 199 94 142 98 167 30 61 154 182 67 65 179 17 194 191 0 73 67 58 197 36 9 113 14 37 133 123 28 109 90 129 87 105 132 47 175 194 128 22 64 174 88 78 3 6 128 153 145 50 117 35 145 80 4 100 173 154 80 22
160 200 68 42 104 92 21 180 62 73 190 0 107 51 45 150 10 20 198 66 136 184 47 56 14 132 172 168 21 130 62 200 146 138 20 191 194 3 172 143 175 4 165 38 172 185 15 5 15 129 79 158 97 162 150 191 77 170 60 196 198 156 39 178 197 72 61 156 97 197 142 165 97 175 105 33 137 35 13 70 133 6 36 49 29 99 67 141 11 134 51 152 85 27 157 175 154 58 132
36 25 181 8 91 67 93 3 105 12 27 141 137 114 38 40 6 129 115 106 79 89 152 192 139 156 91 184 144 23 146 145 62 125 103 149 162 92 156 172 14 64 50 160 22 114 103 200 153 25 13 185 24 162 71 174 21 19 89 3 92 131 90 130 189 97 117 56 118 99 119 8 21 171 98 74 52 135 174 10 49 23 53 168 136 61 126 45 86 147 173 110 180 36 159 13 152 105 4
0 21 19 40 116 174 77 126 46 67 60 124 169 96 17 178 57 165 45 147 148 32 141 111 69 14 90 88 21 125 54 2 67 184 177 64 95 153 185 145 66 165 96 72 73 182 173 112 6 163 147 6 20 15 32 24 167 168 19 46 175 128 58 43 84 58 85 166 103 107 92 122 18 155 71 170 38 154 159 138 194 45 98 31 31 178 81 74 45 4 104 53 36 18 28 157 155 48 126
168 137 13 19 72 9 177 69 107 119 121 169 95 69 24 1 17 68 108 78 82 97 21 170 54 185 47 169 161 60 5 172 111 57 37 53 146 112 6 8 78 84 111 73 77 81 126 60 136 141 45 92 161 19 27 134 160 188 145 189 127 82 111 8 162 180 135 131 12 33 97 194 94 22 151 92 187 45 96 188 56 42 120 177 143 80 153 28 143 23 176 189 12 175 75 40 181 10 166
152 37 14 107 192 29 20 59 35 7 195 157 53 82 183 126 179 199 52 57 9 77 153 150 16 200 69 120 43 59 125 102 101 100 37 9 17 33 120 158 39 27 134 47 143 71 125 41 117 84 143 171 190 187 18 121 20 12 35 159 118 116 45 180 200 74 70 67 154 49 112 177 3 157 118 71 85 135 194 36 36 33 46 161 36 65 155 200 8 165 140 176 94 12 17 179 33 100 109
23 98 124 0 102 30 161 52 120 72 60 137 65 82 8 31 26 29 155 168 63 87 139 153 161 9 25 35 64 15 3 29 188 163 79 122 170 32 171 38 67 50 52 17 144 36 26 53 22 22 75 42 43 33 63 146 49 186 72 156 186 103 186 106 193 22 134 10 23 126 50 180 8 85 116 196 190 37 129 133 156 159 25 23 195 178 25 147 133 153 72 109 197 90 46 47 92 28 50
125 184 181 24 2 171 93 53 148 102 10 137 60 67 139 193 57 92 190 20 187 121 190 194 154 57 199 122 96 179 135 21 13 145 194 162 149 40 106 158 145 170 57 158 142 23 146 180 123 82 189 172 123 153 45 188 150 182 58 115 177 195 29 76 31 178 158 65 125 26 78 161 98 160 172 40 158 116 103 9 106 200 99 189 3 176 3 168 68 24 176 91 38 101 149 98 180 25 170
164 112 173 125 50 133 190 163 109 29 159 186 32 176 61 15 96 174 120 16 105 75 142 197 192 142 164 133 176 175 69 34 8 144 88 188 84 32 171 108 62 199 67 134 40 181 81 152 177 100 63 56 58 41 129 126 74 140 199 189 21 112 71 94 171 123 178 28 125 95 10 51 112 26 152 10 182 135 74 52 163 92 110 127 101 17 16 159 159 69 148 151 0 67 167 17 186 98 170
