87
160 56 94 50 0 60 25 196 22 2 49 112 92 126 177 33 198 197 140 107 144 93 30 15 160 83 184 152 72 76 96 25 82 72 57 102 91 130 67 169 161 112 90 98 167 162 90 86 105 71 120 107 17 38 160 170 77 150 83 116 64 175 180 93 154 165 1 100 113 47 48 68 29 123 89 46 171 69 113 44 45 82 198 139 109 97 78
179 95 125 134 13 73 2 21 190 174 63 80 178 120 174 198 40 40 5 126 64 127 94 88 92 39 29 106 83 51 164 57 30 31 80 64 119 170 9 188 179 84 177 112 52 23 58 103 97 36 68 96 117 22 90 95 198 164 194 87 92 24 123 39 151 55 147 23 107 124 103 59 151 164 186 91 118 195 122 32 69 115 158 146 142 44 134
192 151 67 71 196 25 110 50 180 111 78 179 126 158 39 19 109 144 5 124 3 48 92 59 97 72 176 9 134 186 174 178 0 56 164 6 78 128 132 118 77 18 120 173 62 169 165 133 91 31 64 179 21 117 188 199 74 15 109 188 113 170 55 60 173 60 88 64 13 46 162 75 12 133 156 110 23 12 60 163 29 72 160 8 44 83 37
8 125 176 111 103 65 153 166 173 9 17 125 37 38 62 166 138 11 199 72 56 129 29 156 33 134 111 197 34 13 103 129 16 1 91 194 27 90 177 146 0 158 92 100 193 95 58 52 59 145 116 168 48 159 67 196 157 9 26 70 73 75 160 0 182 47 190 146 65 147 86 126 166 104 165 115 182 68 101 111 176 23 95 42 5 178 138
197 0 135 20 106 75 147 172 167 28 83 123 164 71 10 40 11 116 147 190 128 59 15 57 127 126 123 99 74 74 53 16 83 162 166 161 71 176 61 195 122 99 70 177 36 88 104 48 60 129 68 110 151 180 112 152 52 103 65 156 68 22 57 24 135 11 148 27 43 42 96 81 189 140 15 133 63 114 94 73 146 120 153 185 165 173 167
92 138 185 90 8 118 67 53 19 13 119 100 36 50 163 71 110 101 64 146 29 73 29 77 120 14 149 6 141 132 131 32 40 137 161 92 150 80 134 65 138 175 95 57 135 65 68 9 74 54 44 103 20 52 110 184 5 74 156 146 18 191 73 76 127 58 183 158 98 192 0 74 84 29 95 22 154 83 74 108 145 107 36 135 47 166 13
53 72 21 148 21 122 99 196 118 179 198 136 142 145 91 149 33 34 35 39 59 90 162 157 188 46 189 66 182 79 114 10 114 114 163 172 126 72 22 198 168 197 123 129 6 19 59 61 109 130 131 82 113 190 44 112 52 0 103 151 21 26 154 47 41 103 28 139 26 191 82 28 102 30 199 4 74 53 27 48 73 67 10 115 81 104 180
164 109 185 23 41 54 122 64 11 69 117 60 183 167 31 43 9 91 88 3 122 104 198 5 56 32 172 198 172 106 148 162 96 161 199 14 76 124 159 127 147 113 64 57 34 200 120 35 20 120 66 94 68 177 174 48 72 162 75 46 156 184 144 43 113 19 60 176 109 152 21 56 160 13 156 183 81 10 176 110 61 51 143 39 20 190 52
25 199 41 97 17 195 137 128 117 75 191 25 95 75 101 133 38 195 157 46 148 157 4 96 163 182 180 83 89 89 120 175 80 8 187 104 47 53 34 169 148 165 92 142 28 133 188 66 122 47 2 35 176 152 164 93 146 3 66 85 87 173 139 140 122 44 104 77 159 108 149 123 22 127 95 166 132 65 165 129 194 40 67 104 85 186 108
17 153 127 27 96 34 2 43 54 71 132 87 184 135 135 8 87 173 6 66 193 126 7 47 2 70 128 129 194 0 170 17 11 41 31 10 113 42 150 156 45 122 103 85 190 160 41 89 146 2 88 196 51 131 159 85 103 27 51 26 86 132 107 154 52 19 12 198 197 179 181 112 192 152 34 53 154 117 193 57 30 23 148 160 128 143 86
50 187 9 74 87 104 149 117 101 54 59 86 133 87 49 186 144 58 35 22 179 39 142 34 92 15 110 66 44 136 42 60 5 193 67 61 56 148 153 151 190 95 195 42 12 140 68 128 79 185 49 58 122 125 25 57 173 172 160 89 111 147 46 115 188 105 170 30 121 30 125 55 198 103 91 149 146 118 76 40 95 45 192 47 65 15 60
179 106 197 12 117 7 172 80 21 173 192 156 31 14 22 38 173 91 51 98 6 197 119 70 114 97 46 25 30 156 200 110 118 27 142 91 148 83 176 12 49 170 110 40 153 173 180 85 18 62 91 145 69 104 135 94 188 94 15 28 54 106 86 176 103 189 148 37 24 103 33 9 40 142 179 110 146 157 189 135 11 91 2 76 196 133 20
76 141 28 161 115 27 76 46 76 95 127 31 145 134 183 162 195 98 188 178 102 182 178 170 84 147 53 10 22 131 13 5 88 184 192 54 181 114 21 123 87 4 91 158 34 9 129 90 39 73 149 27 55 3 78 143 163 197 57 112 39 111 96 134 43 172 22 33 103 46 116 51 18 85 185 145 54 5 166 117 104 11 70 36 139 103 59
146 131 110 189 51 19 150 124 102 169 91 140 195 161 154 116 190 24 101 80 190 141 122 87 31 22 17 118 40 52 189 45 36 82 127 130 176 76 75 70 71 1 2 65 148 184 181 8 32 107 90 194 181 161 12 186 26 57 67 9 83 34 124 14 71 56 186 200 189 75 83 85 101 115 90 165 194 196 193 70 26 165 193 78 155 81 80
73 130 71 5 155 163 156 23 29 27 100 36 36 38 30 198 91 101 129 113 183 184 35 37 34 152 83 57 27 187 39 167 10 64 183 88 99 25 114 176 71 47 193 55 186 137 166 1 183 73 107 118 101 22 190 84 64 28 66 123 116 191 64 104 165 149 103 179 167 60 188 96 180 41 109 1 169 2 42 33 154 93 165 181 102 189 189
113 182 7 124 23 35 79 11 25 144 22 87 22 184 181 78 174 75 57 102 97 106 48 180 50 102 42 170 128 51 36 73 36 144 95 72 118 155 127 170 188 191 30 80 102 44 145 30 61 124 132 169 52 104 129 4 141 153 52 41 75 53 113 191 142 120 28 113 33 141 61 69 63 128 68 3 126 52 136 38 112 155 115 47 189 197 195
108 190 86 146 194 4 76 25 35 8 39 130 23 106 46 187 76 195 181 29 12 149 96 114 119 7 57 26 22 40 132 61 42 191 73 45 123 183 150 109 150 71 85 51 123 16 157 30 30 164 54 56 15 13 169 151 102 31 99 118 42 174 1 52 114 133 115 57 173 171 100 58 184 6 126 200 115 79 89 69 24 189 49 103 36 162 9
6 140 147 170 138 90 178 33 40 182 15 40 146 55 20 134 168 1 142 52 189 34 3 152 59 112 39 142 73 156 63 109 42 155 120 149 164 142 102 156 140 56 23 176 20 22 165 0 77 77 109 5 108 70 38 177 101 156 78 121 2 156 125 87 27 25 174 52 51 146 159 187 119 111 105 144 66 153 196 88 43 97 81 28 7 100 47
21 40 103 47 189 167 25 114 65 36 53 11 197 141 165 108 128 62 141 81 62 44 27 124 92 139 18 20 15 50 32 141 79 9 104 120 82 38 178 62 125 152 165 69 116 33 26 187 176 76 78 173 83 66 180 180 145 37 76 11 44 195 70 188 199 41 147 147 7 52 123 200 171 44 9 178 118 75 198 91 186 112 9 118 121 142 179
164 83 176 2 9 168 199 67 182 81 110 67 134 10 37 183 135 150 76 85 163 193 26 114 63 113 90 93 176 23 67 176 59 8 27 198 60 46 40 122 147 54 133 189 109 16 123 60 18 151 6 188 171 150 159 112 13 186 128 107 158 127 123 54 52 105 26 176 105 125 178 184 21 193 156 78 135 117 86 50 154 90 34 19 38 84 96
4 16 10 41 9 0 58 42 66 85 46 14 159 95 123 47 161 144 48 41 44 169 49 52 137 183 129 136 157 29 156 112 59 23 121 63 146 52 52 196 21 183 9 74 109 65 4 43 41 113 154 151 38 91 147 140 39 135 121 116 7 7 182 42 162 158 178 137 187 141 177 11 70 34 91 119 197 16 61 188 82 17 81 63 76 147 51
43 171 7 38 84 20 109 65 116 157 122 12 171 171 147 161 140 80 185 69 18 41 24 69 143 164 127 173 80 145 13 21 119 92 52 104 75 173 182 121 38 194 70 183 11 68 193 12 118 66 145 126 8 26 39 4 75 173 171 38 106 117 199 82 102 23 188 63 58 90 183 151 119 84 10 115 22 100 186 35 175 119 119 124 61 14 44
90 28 123 161 21 187 27 57 35 198 29 18 60 116 59 95 131 65 100 45 90 71 196 127 147 27 172 191 140 49 7 58 9 54 129 164 86 34 125 91 0 148 147 89 157 107 78 78 61 143 119 166 30 157 148 46 1 112 136 118 96 41 131 146 135 3 81 21 10 158 122 126 119 28 142 173 123 172 14 132 144 31 189 53 88 95 183
155 101 193 85 30 178 45 152 173 171 39 199 186 108 91 181 153 133 7 165 132 112 200 163 147 161 108 67 189 169 167 4 62 148 8 169 13 152 172 18 161 179 86 122 98 171 34 110 51 42 21 71 38 175 60 189 94 33 10 3 88 123 42 169 195 189 12 91 43 195 13 126 151 165 18 88 191 189 137 189 75 35 45 112 119 61 100
193 193 52 97 97 133 141 175 146 44 44 175 23 53 75 64 87 139 16 161 161 156 22 16 27 21 139 106 54 116 69 92 175 150 82 60 62 11 143 143 119 90 75 112 135 94 186 139 149 49 55 101 118 121 91 91 159 151 180 169 135 18 3 197 150 137 153 178 26 92 51 27 36 26 3 105 181 65 150 1 144 100 124 109 43 186 171
111 182 3 92 152 97 80 100 183 22 90 167 83 2 28 22 191 93 188 163 119 87 55 80 2 47 59 32 85 112 65 91 41 52 60 63 180 16 143 182 161 16 195 74 64 151 199 182 57 129 148 118 174 48 37 97 57 165 167 60 71 17 101 182 109 20 142 19 147 58 106 16 188 59 75 162 75 75 166 167 98 96 107 200 195 132 66
139 31 142 26 147 138 67 135 165 4 131 9 190 19 189 48 23 62 9 196 124 82 163 83 172 74 109 34 36 45 79 184 120 26 148 181 12 52 62 106 122 62 47 177 112 109 150 81 87 94 71 164 67 176 122 41 106 53 62 146 17 17 107 68 140 26 186 85 89 146 118 102 134 80 108 112 194 86 103 111 4 55 71 122 191 58 128
149 59 82 87 109 162 83 135 182 77 12 114 32 155 7 197 185 20 197 30 142 107 60 182 46 61 170 23 188 74 19 107 62 25 48 64 121 91 67 133 147 66 36 173 162 17 92 130 165 157 159 86 6 70 36 10 200 153 139 49 167 121 146 100 125 7 88 194 23 8 85 64 8 61 74 53 190 146 57 121 71 187 181 54 130 187 34
83 93 35 39 94 198 59 187 182 122 33 154 95 118 53 15 157 31 47 147 160 83 127 106 175 101 101 77 80 69 152 101 167 55 182 139 45 145 121 156 44 86 164 81 186 27 57 90 97 159 119 20 107 46 153 48 91 15 142 116 196 80 61 69 139 176 158 192 105 198 83 125 87 188 21 194 8 15 116 28 175 8 125 86 83 190 110
199 156 59 197 20 72 65 30 174 35 89 105 41 55 80 26 180 137 119 101 30 111 133 152 155 20 100 147 66 91 123 93 67 40 137 140 184 57 145 198 196 180 7 85 10 144 37 19 12 165 26 187 36 174 140 16 145 27 3 29 0 86 86 104 85 163 12 131 149 79 107 77 42 108 111 124 64 170 187 156 65 148 73 53 36 131 127
65 120 91 114 59 181 164 67 66 143 116 81 9 119 166 56 77 83 200 96 69 161 96 69 60 155 60 141 129 16 41 99 177 70 88 156 155 87 5 156 17 31 57 110 79 8 69 149 184 64 66 56 138 29 121 106 17 188 100 69 184 42 51 70 129 53 40 147 142 129 79 147 3 128 144 123 123 139 30 78 48 181 194 121 168 131 166
114 175 200 79 99 79 124 47 103 130 44 23 197 77 40 149 46 96 92 199 27 118 19 66 78 193 136 178 87 40 14 139 23 89 2 116 184 78 40 146 55 15 90 198 48 62 49 128 85 52 154 27 175 139 132 51 77 62 75 103 52 3 70 147 139 18 30 59 20 61 177 150 133 28 27 29 30 97 83 162 126 74 104 111 194 66 84
200 21 95 0 63 57 130 186 82 77 30 149 142 39 166 170 169 164 19 170 103 19 194 25 97 166 178 132 115 18 52 94 71 151 136 66 168 163 194 149 151 81 4 181 13 183 165 86 152 149 181 15 145 145 128 129 188 176 112 87 73 5 66 64 162 197 95 18 48 96 21 134 80 89 119 134 127 117 118 137 187 170 71 27 141 82 199
94 46 153 163 117 148 158 193 160 112 93 106 76 129 186 187 178 112 176 78 76 95 24 118 99 195 98 86 199 57 92 158 200 171 170 105 18 169 181 167 16 176 22 91 128 151 121 35 29 124 152 93 125 99 199 94 82 76 181 159 31 30 157 46 123 30 120 117 57 122 162 18 199 12 11 189 49 9 137 32 166 124 54 179 27 107 21
50 31 164 92 90 146 61 90 38 101 23 58 5 156 150 8 90 35 109 185 171 55 194 147 55 163 10 98 179 120 108 168 65 24 155 37 118 156 133 71 16 143 135 168 100 135 85 26 171 74 64 161 98 98 189 164 161 3 82 134 98 147 52 6 73 101 133 103 44 118 76 183 19 159 10 198 28 55 195 65 151 38 151 58 29 51 174
190 155 114 102 62 170 51 109 184 64 185 199 4 15 74 198 46 77 148 73 133 195 92 144 99 73 24 176 153 163 9 200 142 119 166 79 116 96 66 110 20 62 152 173 97 25 26 43 44 54 129 173 111 0 124 163 64 31 167 160 96 98 28 30 200 189 147 69 70 85 189 141 49 53 11 34 98 199 153 92 79 196 170 186 148 85 41
122 51 174 115 107 126 83 25 84 128 52 154 18 150 107 148 38 31 82 28 93 31 103 137 177 154 86 130 37 140 65 117 180 43 32 6 122 78 5 39 138 81 30 140 34 160 186 79 58 73 143 2 8 167 38 141 144 156 33 119 27 150 176 114 146 195 93 27 166 46 126 19 190 94 42 57 188 57 184 191 48 196 70 7 3 127 49
61 103 171 126 172 28 82 109 62 189 148 66 18 132 79 168 114 49 5 171 7 30 0 90 96 174 83 101 118 94 47 187 127 123 38 148 124 160 142 43 166 176 161 42 46 45 77 116 45 14 157 120 75 69 124 168 55 62 70 145 192 116 47 124 59 138 71 111 28 68 71 40 43 11 102 13 92 58 152 76 63 191 187 97 111 37 163
20 4 130 157 52 139 194 164 120 12 106 148 190 133 127 54 172 182 144 21 169 142 89 52 83 71 163 38 103 108 51 75 117 170 112 26 189 49 7 37 174 146 24 9 20 54 28 63 56 42 138 52 140 156 120 92 170 196 33 101 65 89 74 54 186 192 119 188 30 37 22 86 164 44 63 107 65 78 158 78 136 192 39 7 157 97 175
146 57 36 193 53 103 119 112 118 9 96 125 178 175 155 2 133 70 66 139 147 95 19 154 157 66 148 130 28 28 172 193 129 3 149 93 98 43 17 13 13 171 181 155 159 79 16 184 76 42 5 140 158 15 184 85 68 10 16 56 199 3 84 149 190 150 83 189 134 41 85 92 132 83 93 130 107 29 28 54 116 132 88 126 151 155 85
101 125 134 131 106 185 147 118 152 143 26 27 175 152 87 17 8 79 105 42 161 164 133 1 139 86 108 198 41 45 120 51 89 99 179 162 176 175 57 107 93 154 87 197 77 58 43 188 84 102 137 100 161 111 110 42 176 86 152 51 152 174 116 161 42 176 113 74 186 43 11 164 12 161 147 131 146 152 125 180 45 118 192 196 120 117 117
117 82 60 65 95 65 182 157 168 108 27 129 171 38 193 161 130 86 149 103 114 0 108 172 125 7 149 95 86 4 29 93 31 87 37 126 73 29 24 167 97 176 15 162 77 127 127 105 102 6 38 170 158 45 11 199 59 198 119 78 112 70 1 133 192 168 5 142 197 58 123 45 181 43 144 131 130 23 15 1 125 10 152 82 163 192 0
161 26 153 116 63 89 135 184 0 38 176 65 138 1 4 88 26 87 123 76 78 73 17 148 74 46 156 80 65 80 21 137 3 111 200 56 125 190 134 28 141 109 71 43 197 180 171 25 120 22 156 16 149 98 145 140 23 141 47 134 45 104 94 162 179 76 37 54 158 189 179 108 160 103 143 190 198 109 154 107 49 81 164 123 158 117 78
142 29 48 89 80 42 162 95 193 51 176 102 63 58 38 187 161 159 108 34 25 133 88 117 74 112 133 18 124 43 155 159 49 20 169 93 194 62 175 105 153 72 129 67 66 91 140 76 156 51 84 77 92 151 156 26 85 26 104 151 178 165 103 110 135 196 198 34 28 133 65 131 59 185 123 123 193 169 19 57 45 104 51 56 22 124 199
161 0 77 33 25 173 75 59 25 162 115 82 180 43 114 107 6 130 15 93 198 35 94 156 112 134 104 171 62 129 175 150 120 27 190 11 148 162 152 98 141 94 37 102 94 195 6 19 14 29 26 106 143 106 128 56 194 88 59 189 105 102 140 173 132 26 95 63 93 1 197 118 10 143 31 182 11 111 38 12 102 3 16 89 194 181 129
31 125 122 160 50 50 182 196 126 171 87 63 29 70 24 111 177 128 58 188 44 174 165 134 167 48 199 123 88 50 90 121 173 195 110 103 69 152 65 105 35 158 98 143 126 169 43 107 69 158 197 200 26 185 142 99 97 40 62 7 75 21 90 114 22 145 100 147 15 134 125 142 39 44 61 123 3 141 200 85 14 49 185 184 86 80 135
128 168 77 103 18 193 17 52 66 95 135 125 154 107 12 17 34 193 89 147 143 89 117 43 170 144 27 159 129 142 10 3 193 129 64 11 33 96 131 173 85 35 40 63 54 84 192 137 25 131 92 46 139 144 193 177 171 62 136 185 129 187 77 196 95 184 93 72 50 3 134 171 70 12 108 12 108 170 199 161 99 100 171 169 168 4 30
16 158 10 52 64 132 24 74 93 200 97 68 123 72 134 55 138 132 100 171 123 107 195 36 116 102 11 21 139 175 131 8 77 55 8 0 129 141 68 132 157 47 103 19 148 177 103 56 169 109 194 149 59 136 173 141 8 108 54 74 189 85 141 118 173 133 29 79 107 39 137 142 179 56 12 38 92 149 200 143 38 68 54 53 11 160 72
186 111 78 58 101 52 96 79 172 28 128 176 191 75 155 52 92 36 33 159 142 161 18 161 114 117 170 147 134 1 180 175 102 174 35 112 0 166 190 71 172 87 43 157 182 179 53 199 142 178 55 20 93 49 165 156 76 161 101 44 38 108 94 37 180 84 1 142 123 16 26 0 65 61 98 194 52 172 17 183 70 72 10 55 83 17 2
147 84 48 181 73 19 166 159 27 72 48 111 113 151 116 120 67 99 38 74 114 99 62 116 4 50 154 54 49 144 18 129 91 98 87 67 192 155 38 172 177 163 177 3 148 192 67 4 13 181 1 67 118 101 56 59 176 31 180 115 95 29 88 26 127 1 119 164 47 184 134 92 69 14 63 94 99 87 86 80 56 14 2 65 90 125 66
144 172 91 5 107 70 177 98 89 60 188 116 136 93 170 97 68 124 192 89 39 134 129 120 35 179 196 93 141 200 112 45 96 131 9 150 41 189 99 157 112 5 39 120 181 163 52 142 30 199 35 60 104 80 17 104 25 88 72 106 25 182 86 154 125 130 96 53 77 181 133 57 27 165 187 18 96 39 189 171 134 129 30 73 181 120 86
9 31 11 72 19 59 125 185 197 107 162 42 55 36 137 200 54 135 186 184 72 174 118 190 160 64 145 33 98 34 192 65 168 92 89 177 142 7 123 131 50 105 88 148 183 159 91 69 21 188 188 115 34 190 50 57 173 50 114 23 57 77 26 85 185 105 124 160 71 52 46 169 154 143 119 25 170 158 177 59 110 127 175 164 152 132 184
66 26 78 198 57 14 3 91 61 158 173 149 150 4 196 49 13 7 141 188 84 131 194 134 39 165 21 151 99 130 24 154 7 185 163 28 142 146 117 179 176 173 35 134 8 75 182 92 29 17 14 134 42 66 153 152 100 104 174 73 21 110 133 64 18 46 89 24 85 4 145 18 54 98 96 7 78 143 65 188 57 148 107 186 128 181 52
186 45 146 85 173 131 82 19 133 7 137 21 132 24 61 125 65 100 107 92 113 156 45 67 78 197 59 10 160 46 40 24 62 26 79 12 111 72 3 127 167 197 83 166 184 118 197 175 176 13 30 104 112 121 182 39 14 102 3 171 11 118 81 185 37 176 87 85 70 47 88 101 24 180 112 185 197 175 138 18 188 19 117 151 42 130 1
61 186 106 164 168 108 89 19 151 197 133 2 47 198 2 35 46 21 23 2 190 162 42 119 121 68 154 197 149 38 152 29 86 118 75 29 22 68 20 56 154 118 138 7 45 152 10 131 21 125 186 135 124 78 123 134 24 80 143 115 7 0 94 162 171 118 72 19 2 32 87 132 105 174 49 121 139 149 80 86 45 192 23 92 23 83 119
31 83 137 147 87 117 186 74 105 89 129 70 135 160 137 183 87 88 140 111 63 97 88 30 68 175 6 175 37 168 5 109 79 113 128 152 119 83 122 76 154 170 135 6 97 39 169 189 182 78 20 114 190 30 149 159 61 125 40 60 83 135 80 192 107 189 78 56 84 49 131 93 193 115 158 96 55 22 70 114 62 152 51 93 56 18 160
67 79 40 85 92 125 15 160 200 47 183 60 114 189 136 161 118 97 159 81 146 141 136 150 166 11 183 150 126 169 101 40 182 106 163 62 182 8 197 52 112 197 191 92 97 23 15 193 122 141 133 126 159 23 141 42 127 107 92 87 190 61 150 116 120 16 51 28 149 172 113 83 104 121 51 55 105 174 63 76 65 140 34 176 72 186 99
116 8 112 85 12 68 22 30 105 55 65 178 158 15 165 185 112 19 122 119 19 52 102 92 176 90 109 167 74 156 137 138 69 133 140 170 114 75 128 78 132 184 64 122 23 171 75 7 91 102 136 58 32 62 163 174 54 197 179 95 161 23 73 14 76 0 85 44 152 0 18 94 116 67 155 158 148 85 152 45 195 166 189 185 87 17 141
21 140 129 141 124 68 27 106 180 84 31 39 175 0 144 139 194 66 60 185 118 176 63 169 4 39 62 167 0 163 124 150 12 123 58 196 90 14 63 118 75 115 6 77 10 177 66 95 141 64 95 51 48 54 23 165 17 108 128 111 179 105 80 161 71 125 132 194 27 93 27 28 135 179 29 59 12 3 121 51 137 89 22 185 61 30 71
124 200 99 135 117 70 39 193 32 39 1 178 101 61 135 81 23 151 82 132 38 121 71 81 150 29 8 120 130 67 65 63 47 164 113 13 49 36 177 60 192 87 47 140 171 26 94 197 141 186 124 3 159 144 104 190 3 81 180 104 112 85 121 110 111 120 139 20 121 26 8 112 121 104 167 36 3 112 6 103 156 13 90 104 102 82 17
148 167 106 3 115 116 126 122 112 41 104 142 85 23 8 183 102 194 128 117 117 75 129 10 177 62 19 180 111 2 151 59 184 196 192 78 137 0 55 63 45 86 55 35 3 48 22 118 190 197 17 78 16 72 63 67 12 90 138 39 28 108 18 62 11 85 74 40 55 110 106 7 22 73 93 53 189 183 10 194 183 127 191 17 127 49 56
123 174 166 179 149 50 130 23 106 80 78 186 32 25 17 198 119 78 125 137 101 178 6 171 164 105 24 197 122 185 111 45 132 160 199 135 162 150 142 43 129 85 190 58 19 13 2 155 49 192 31 133 196 31 143 131 30 132 38 70 119 21 200 30 41 36 161 132 173 166 46 108 83 88 26 13 31 171 8 183 68 34 83 48 135 76 114
130 126 124 51 75 37 0 128 79 131 181 167 178 189 172 151 168 16 160 121 109 24 156 83 156 10 197 40 86 123 103 156 149 154 192 57 41 147 37 135 50 92 186 87 163 57 113 61 12 176 40 145 137 184 144 166 185 125 19 141 94 0 156 7 129 45 130 49 128 141 58 114 140 144 45 77 153 27 52 139 142 97 163 19 71 200 168
103 78 78 54 161 195 99 103 137 200 64 170 62 190 39 141 65 49 60 39 18 53 153 101 131 43 8 150 127 97 36 40 150 3 20 94 179 51 179 12 9 8 55 120 148 149 26 165 80 198 120 143 130 170 128 53 200 128 173 138 104 190 63 88 56 34 191 100 9 86 3 95 80 185 198 119 169 195 132 185 144 23 40 148 111 146 143
191 73 150 190 198 170 4 188 98 191 46 13 32 147 49 125 96 164 134 173 159 182 119 154 43 140 101 32 113 166 94 106 137 119 182 14 7 74 101 41 129 116 182 155 116 32 43 117 116 106 32 88 82 33 188 13 64 122 149 118 120 50 46 44 101 106 63 4 50 176 121 17 133 196 5 12 65 36 140 62 22 147 200 77 139 167 4
192 77 150 197 77 138 107 129 4 180 6 79 181 55 63 173 100 39 103 92 99 144 192 156 166 47 53 90 145 78 19 160 151 189 148 151 76 30 30 116 107 32 5 199 27 43 144 80 67 200 19 77 13 139 55 129 134 196 123 138 24 187 49 26 94 108 198 138 194 99 140 170 89 146 133 103 68 7 131 81 108 74 129 78 158 144 181
161 78 134 28 5 0 141 60 2 80 12 187 45 109 44 192 57 69 151 79 187 150 187 98 190 35 113 155 114 85 9 75 20 110 73 110 141 35 171 111 1 63 23 140 147 101 157 136 135 57 148 193 168 74 10 84 196 122 35 3 82 47 31 169 109 160 132 168 195 5 158 135 147 188 155 32 132 152 170 154 57 170 41 6 70 138 104
98 174 89 178 112 84 124 129 39 32 132 153 77 55 3 33 154 55 74 118 104 145 23 33 182 100 128 35 129 67 30 14 198 2 4 150 28 181 20 20 17 83 13 126 21 59 106 28 4 199 174 32 149 27 136 127 8 186 184 49 100 14 17 127 135 188 115 83 155 6 193 98 176 168 65 77 87 106 119 54 150 183 116 121 197 10 127
155 109 114 178 95 14 61 131 117 127 80 168 156 100 197 178 46 68 39 156 99 48 11 56 147 59 33 171 141 45 48 2 88 18 9 129 0 103 155 183 56 129 113 174 111 155 140 14 169 150 12 74 46 180 144 98 42 130 3 130 35 18 74 134 52 196 3 162 182 101 137 8 93 140 75 84 157 18 142 136 32 38 39 82 152 177 129
78 70 47 28 175 141 115 170 98 25 119 163 52 113 65 3 118 25 58 85 55 124 8 58 76 109 146 78 1 123 39 58 34 88 173 36 87 17 108 199 36 189 185 94 4 141 45 179 45 27 7 160 73 163 168 112 118 4 98 198 101 105 98 78 157 101 198 151 40 110 103 136 81 93 194 77 144 168 88 158 36 39 90 63 105 184 138
35 179 72 187 176 105 94 68 90 112 173 176 183 132 140 40 193 35 188 68 107 153 92 96 78 121 160 146 75 22 138 16 68 135 82 89 34 1 140 140 177 158 7 174 51 129 150 103 164 72 109 113 157 77 196 187 78 199 196 95 146 80 24 139 67 86 192 158 176 153 139 99 95 104 33 176 5 154 54 42 119 199 166 149 14 69 87
68 76 135 66 20 28 6 88 42 178 145 101 45 98 20 171 132 109 76 127 120 151 193 126 188 153 179 38 104 181 17 200 22 119 137 56 0 111 96 35 62 156 130 17 54 83 87 83 51 117 25 133 151 97 98 89 178 46 42 167 120 117 18 78 185 121 69 18 76 132 188 29 126 45 73 163 91 174 95 112 26 161 43 138 172 152 100
137 79 90 14 191 16 196 174 8 34 101 103 178 108 136 186 75 60 52 159 147 87 175 86 19 61 174 130 90 21 104 59 144 149 17 20 144 32 28 66 28 19 187 175 124 92 155 0 178 23 147 5 54 176 188 74 186 99 168 111 73 84 60 39 38 75 37 13 83 191 4 107 98 121 7 27 156 70 59 99 190 0 34 49 193 61 77
130 108 177 48 34 112 155 120 50 8 116 131 63 23 177 10 196 152 105 114 56 128 83 27 178 71 68 45 88 172 2 139 189 108 19 120 121 165 47 105 181 45 159 118 86 71 32 111 153 168 103 49 81 121 5 21 176 95 72 78 184 2 96 110 162 183 46 36 101 98 165 200 144 96 59 112 170 131 147 16 11 54 18 125 193 51 7
80 26 37 65 114 118 105 49 184 68 17 178 71 10 12 99 98 27 54 70 22 162 102 97 90 44 60 197 28 73 169 141 161 123 149 11 175 99 175 48 152 158 103 20 39 79 159 140 192 69 178 72 177 172 9 172 127 105 177 95 166 79 25 96 46 194 192 135 187 33 105 159 198 95 147 186 158 107 67 103 136 111 6 124 147 90 3
122 44 21 53 159 89 138 137 22 147 37 73 17 178 52 52 21 80 6 55 75 4 10 59 130 188 14 167 197 194 79 196 12 190 69 190 7 91 183 156 178 104 79 113 122 4 23 60 60 43 117 56 8 81 48 102 138 145 171 8 152 1 189 15 99 74 76 168 154 58 15 107 146 15 92 166 167 75 130 9 115 118 27 171 21 136 84
51 178 157 57 19 181 129 129 69 169 60 168 166 112 23 39 141 22 76 2 9 61 116 64 106 101 118 179 129 39 162 189 176 47 125 145 87 71 0 149 137 190 158 197 3 11 79 63 34 68 32 52 117 20 131 180 62 4 160 167 106 183 5 184 117 125 56 151 76 90 175 160 73 8 193 48 10 98 20 150 142 107 30 135 50 46 27
66 169 181 15 111 173 125 46 177 184 182 100 184 161 24 78 124 141 78 121 51 181 10 38 121 175 86 42 98 88 100 132 141 171 109 90 58 26 189 134 147 58 112 176 92 50 42 35 183 35 178 51 105 18 183 22 48 1 153 59 200 171 92 125 90 189 185 137 127 149 84 130 173 31 163 122 56 21 94 108 161 150 135 97 139 6 29
38 100 131 43 106 174 105 2 69 139 135 198 190 167 100 182 148 152 9 134 180 22 83 13 90 59 8 82 148 28 16 31 92 184 30 47 179 145 178 174 66 72 53 6 47 89 46 20 197 40 130 92 88 158 184 197 103 99 141 150 80 12 110 33 100 123 165 38 182 86 35 164 180 14 112 87 117 194 89 140 154 120 127 193 169 160 68
182 112 19 113 88 181 36 198 183 137 180 46 138 84 152 15 176 98 99 41 98 62 12 136 130 82 69 4 114 12 23 44 178 156 48 88 66 93 48 199 62 139 67 98 174 111 28 83 183 144 92 188 178 24 194 87 54 86 175 75 42 112 32 176 135 46 85 181 58 32 122 116 18 119 45 71 103 129 4 177 103 15 39 24 96 150 107
75 184 103 161 115 118 133 84 186 47 161 8 55 185 7 133 148 99 75 115 164 40 62 31 76 58 12 20 15 124 155 69 42 68 72 105 127 103 84 149 53 196 169 23 20 157 118 123 88 174 67 74 65 45 182 117 4 53 47 114 162 82 155 81 38 94 130 24 59 163 99 74 82 49 115 81 176 47 143 157 111 57 72 182 187 172 177
42 88 109 10 129 181 139 72 52 25 121 10 78 102 138 26 3 99 38 41 97 82 87 99 116 38 183 160 63 16 164 89 79 15 163 191 57 51 83 42 15 26 166 183 24 54 107 179 101 39 81 198 186 9 95 116 86 28 109 31 80 78 44 198 172 131 50 190 154 132 7 52 80 151 188 59 75 22 129 169 176 127 127 9 51 167 71
164 14 114 177 134 190 18 144 52 116 46 193 132 70 166 71 58 124 45 99 191 168 193 158 156 96 19 89 158 154 175 114 65 142 153 144 112 188 109 137 125 60 165 192 96 196 155 178 107 123 144 17 21 23 52 12 53 167 136 13 44 56 65 66 78 5 167 126 103 5 59 69 102 82 99 52 196 37 200 19 152 134 179 53 22 24 179
16 124 77 28 41 105 195 109 152 9 160 175 164 26 24 71 184 45 71 174 57 132 125 69 116 170 63 58 76 71 75 62 128 77 112 173 197 155 81 14 101 33 127 109 153 112 76 147 148 102 49 79 65 37 145 151 188 169 38 168 101 194 60 111 64 62 153 88 157 48 47 112 12 90 88 166 163 153 116 47 100 83 37 136 60 174 1
77 163 5 126 167 180 148 141 143 107 108 161 57 75 164 159 38 160 113 32 144 6 150 61 138 179 134 3 40 27 128 70 34 105 35 131 80 51 1 156 104 68 22 5 87 163 103 168 190 103 79 6 172 86 35 167 37 12 76 171 16 157 62 15 18 143 179 169 194 61 171 117 199 74 142 29 182 24 91 129 167 64 133 3 111 124 198
9 112 117 25 197 76 30 5 85 178 132 121 104 60 65 94 52 11 144 33 81 187 38 194 34 170 96 116 86 103 72 128 46 3 148 118 93 106 27 89 92 82 54 84 167 57 31 119 197 194 176 28 40 6 146 148 111 120 103 120 116 135 54 23 129 117 134 121 56 145 10 103 152 128 137 192 197 77 25 101 190 118 56 148 8 41 8
11 110 104 125 43 126 82 114 30 8 10 158 33 26 187 173 105 125 30 21 192 31 92 159 77 168 164 156 45 43 155 21 36 73 73 91 155 138 137 167 164 60 28 163 58 116 77 57 3 167 90 21 77 88 49 81 53 58 142 46 15 163 194 67 28 195 73 120 8 69 97 73 182 11 149 160 149 112 110 200 57 57 142 2 156 133 163
