81
47 21 162 42 152 55 150 163 154 61 86 95 113 180 47 66 174 143 198 134 57 80 108 147 10 110 124 173 31 158 0 11 183 16 61 30 96 110 70 28 113 106 149 150 5 106 87 10 129 42 16 30 33 178 68 76 123 46 89 36 25 22 32 44 4 76 42 117 97 155 1 157 84 46 157 195 185 187 14 125 120
191 13 14 131 90 9 6 110 27 116 197 18 124 154 20 174 26 103 184 79 158 82 187 57 169 115 41 128 72 58 54 38 118 111 35 58 128 62 34 69 6 54 145 173 101 200 67 80 166 160 105 60 150 170 148 59 154 184 102 21 91 143 22 195 42 129 43 29 65 53 131 21 146 123 115 45 181 101 85 49 173
113 37 85 140 184 171 28 186 9 98 36 115 34 190 53 135 155 66 142 35 144 180 55 188 111 10 184 147 97 128 0 25 38 166 79 6 119 72 104 147 95 97 105 50 54 37 199 20 199 71 171 147 128 86 30 192 175 109 155 160 70 197 185 171 107 141 6 68 150 130 36 12 149 173 115 17 87 71 57 140 36
131 24 46 47 166 89 74 22 7 177 120 113 35 150 77 1 92 36 113 165 137 154 99 192 89 44 35 29 50 88 99 103 160 64 117 97 189 188 161 185 36 96 69 64 173 38 173 132 21 193 183 128 76 39 152 181 16 46 15 72 179 35 161 178 161 198 191 18 18 66 165 112 142 38 35 194 74 79 200 104 111
158 30 172 42 147 20 145 174 106 157 107 125 8 133 185 56 63 185 112 16 103 76 173 117 192 0 161 31 197 165 130 187 100 83 80 150 161 117 29 55 170 98 200 58 101 155 66 193 196 2 133 135 82 132 113 13 199 156 148 92 21 186 124 125 175 66 87 161 162 32 131 122 30 200 85 195 83 105 68 125 115
118 14 174 155 126 108 69 191 109 97 109 83 170 192 86 100 65 56 38 95 49 58 22 65 8 197 63 198 169 31 74 43 152 57 38 199 95 163 36 189 120 192 0 56 91 166 53 118 45 4 41 3 25 177 21 44 34 79 79 70 96 87 68 108 158 153 120 10 92 106 50 186 22 123 3 52 22 78 190 181 135
76 178 101 99 150 175 123 12 81 41 89 172 137 71 114 56 4 180 47 184 116 74 197 146 62 161 176 28 129 199 98 195 67 199 191 0 69 93 159 133 36 156 185 79 181 129 105 162 108 196 113 60 145 79 69 193 4 164 96 50 85 57 92 42 53 75 71 52 160 1 39 122 10 194 122 190 173 145 140 103 176
83 159 163 60 57 77 166 88 183 16 113 2 111 167 29 130 56 8 135 65 95 54 166 188 20 71 75 172 121 85 176 148 73 40 136 101 119 69 189 65 36 186 53 176 103 28 105 104 44 40 57 35 168 94 157 119 131 48 147 134 18 3 112 140 166 157 44 121 157 80 70 151 74 196 151 144 138 141 13 178 108
149 165 82 66 132 154 165 44 168 136 137 54 5 158 101 132 23 159 15 113 8 194 182 156 17 49 101 78 132 2 91 73 76 35 0 45 37 5 103 169 87 106 145 78 164 9 132 31 190 98 59 21 104 37 110 161 189 99 168 0 200 21 98 149 106 191 84 111 5 93 59 164 175 38 172 138 197 22 116 174 194
172 49 2 198 157 80 142 91 184 176 3 14 84 22 163 164 96 183 130 139 150 114 169 53 156 114 163 3 94 31 162 106 52 26 188 77 69 70 75 122 34 118 26 18 189 181 4 44 153 16 129 53 180 54 21 31 199 178 44 199 37 93 30 89 5 183 90 45 73 147 73 116 184 35 178 161 99 137 150 154 23
26 114 4 95 195 13 168 195 90 39 200 83 23 41 114 192 72 144 107 171 93 60 49 195 15 132 83 6 199 200 75 126 30 108 184 129 124 33 161 141 143 75 73 105 43 167 137 10 11 184 60 102 109 70 178 92 7 106 161 149 93 198 113 26 154 79 99 115 119 54 130 72 164 197 186 127 133 107 3 26 116
114 1 140 72 124 32 3 193 186 45 18 103 64 66 149 52 116 97 39 185 172 130 95 193 68 92 139 71 84 143 62 40 92 8 116 99 101 177 73 69 57 79 20 187 11 192 190 164 184 35 136 180 111 90 63 185 26 80 36 130 38 180 31 155 15 180 32 78 20 127 42 21 82 79 92 181 160 97 1 136 152
8 139 83 139 162 11 59 37 15 169 100 97 107 80 102 124 93 113 6 37 95 129 64 148 155 123 81 121 127 8 81 76 50 6 109 125 183 70 22 7 45 76 117 130 53 31 195 53 134 98 172 194 66 121 102 124 76 135 187 42 78 9 100 141 198 5 132 80 126 166 17 40 21 152 183 20 133 36 64 77 77
165 160 74 74 15 140 164 31 97 150 16 142 71 170 191 55 108 83 164 33 40 107 156 148 135 76 106 53 196 185 194 190 155 88 64 71 5 57 66 139 174 10 106 122 184 85 62 139 76 10 4 105 190 77 69 139 42 140 197 3 163 190 64 116 56 131 127 39 85 118 81 81 145 105 33 104 187 107 39 92 119
42 167 44 64 49 50 116 141 163 155 196 147 93 7 41 174 12 133 188 90 186 89 4 15 186 42 12 28 145 142 159 2 35 94 136 140 134 189 96 124 139 97 139 194 81 69 29 185 181 113 89 46 48 163 44 75 197 66 130 183 199 122 40 145 195 12 191 175 106 176 186 126 0 92 122 183 8 42 119 149 149
179 28 173 144 82 55 7 131 71 193 17 54 180 154 157 86 88 25 98 10 38 131 65 4 157 153 85 115 80 54 72 13 151 88 143 89 41 85 180 27 29 54 115 84 53 99 189 198 43 50 23 183 174 89 17 129 98 122 122 28 146 200 30 11 149 57 14 12 45 42 106 55 4 145 19 166 13 2 99 131 150
75 96 51 124 129 111 192 49 30 199 145 107 39 188 25 181 150 155 184 26 52 25 41 91 67 179 95 59 15 177 25 24 190 29 79 64 35 162 108 19 94 112 118 34 114 191 114 183 34 76 186 118 16 148 33 115 55 102 110 24 200 156 5 145 30 159 126 70 46 140 51 4 197 53 114 119 145 173 71 143 102
92 24 34 147 47 92 124 107 128 32 111 114 122 129 156 55 150 78 21 106 0 45 137 162 158 84 59 86 68 43 188 188 49 192 11 52 146 96 193 92 148 189 18 35 76 124 171 17 192 59 168 131 142 38 55 95 54 35 123 148 18 25 114 145 9 164 10 186 66 151 34 127 163 18 162 137 19 96 130 159 87
18 131 179 113 91 65 129 134 37 15 33 91 106 198 135 182 186 192 161 103 165 150 5 44 119 41 86 78 75 164 32 32 177 188 18 41 120 158 146 9 157 185 139 15 125 190 143 84 52 99 119 80 45 1 191 179 163 104 172 68 38 109 54 24 99 193 26 186 111 162 85 50 171 41 136 1 23 10 148 111 135
105 61 54 188 100 50 108 111 16 68 24 44 128 49 27 24 39 109 1 69 89 84 195 65 184 35 11 198 167 47 112 82 191 52 133 181 51 177 1 188 166 30 127 101 172 93 46 129 197 198 170 64 69 89 101 68 118 174 119 53 151 62 194 13 145 13 52 167 2 140 174 60 191 58 77 167 74 88 169 160 32
157 16 56 75 148 7 24 197 134 45 133 149 91 108 153 163 62 164 13 13 39 183 13 42 149 84 28 89 85 156 26 135 163 87 35 72 52 158 175 133 93 142 114 124 38 191 34 181 94 178 45 21 33 135 8 141 104 50 166 73 37 74 41 81 21 55 19 145 50 175 137 191 156 15 164 164 200 17 129 64 95
38 79 144 144 153 133 42 137 88 29 123 13 185 159 180 155 105 126 63 50 26 188 87 178 110 56 124 176 90 76 10 0 148 4 197 152 104 58 196 119 114 150 25 198 83 104 45 0 167 163 139 48 115 143 192 116 34 162 105 20 46 18 96 125 30 65 70 84 80 113 56 83 33 0 77 135 56 99 78 182 178
157 40 88 12 130 154 81 178 34 30 182 165 141 190 135 40 129 116 17 24 89 180 50 84 163 103 35 196 188 32 195 128 142 176 60 50 25 26 73 157 118 21 31 113 101 22 49 86 121 199 93 112 129 148 81 47 77 61 119 198 162 123 103 158 64 6 118 192 175 86 176 27 71 141 199 116 107 147 124 129 134
1 76 111 126 40 64 186 169 152 78 128 28 138 101 64 23 33 171 178 90 193 89 99 18 157 62 57 83 120 122 186 109 29 121 77 36 138 22 86 132 107 118 148 143 92 77 169 50 194 132 184 139 107 50 140 42 180 113 13 139 65 104 145 121 73 14 58 35 104 140 65 111 125 86 167 44 28 68 20 35 189
57 32 135 1 104 1 48 194 83 157 107 39 92 78 44 22 63 137 13 16 167 158 14 55 102 195 180 82 124 173 199 17 74 12 168 9 44 78 75 120 163 75 127 142 111 11 102 56 169 33 4 47 146 5 23 43 1 100 66 57 64 158 139 49 176 161 163 199 44 84 146 65 49 59 69 101 79 78 136 128 78
0 163 194 18 58 35 96 45 92 72 6 1 52 113 53 63 3 130 110 108 17 143 10 15 33 9 178 134 55 158 134 93 25 177 108 57 91 129 124 46 72 190 110 106 156 179 167 15 59 161 151 14 155 156 29 42 174 136 144 23 57 67 68 58 23 155 140 91 86 112 16 129 82 189 124 152 139 155 135 143 22
91 197 66 49 140 92 51 116 66 38 150 5 19 34 53 27 12 86 159 83 52 9 49 42 112 142 156 51 127 168 177 127 80 200 157 75 153 46 16 171 100 184 37 159 84 6 195 175 70 131 137 62 111 0 200 42 74 94 161 145 113 135 26 113 134 164 64 79 34 180 51 64 78 31 153 190 4 91 88 93 56
7 129 172 42 188 44 132 108 19 5 199 16 73 90 159 85 58 110 185 22 138 115 129 172 114 97 142 48 28 95 48 22 125 140 42 81 172 143 186 4 194 52 109 81 188 28 49 113 125 197 143 194 121 66 90 173 159 25 198 122 112 32 156 173 129 118 105 191 102 47 26 50 172 139 67 142 9 161 60 10 124
195 168 87 167 127 119 4 129 106 185 82 178 97 189 174 78 155 92 54 121 193 137 57 94 120 142 29 97 31 132 13 92 189 156 10 140 68 9 13 119 116 27 192 124 98 169 117 184 68 189 4 48 16 120 137 157 48 1 199 149 9 55 108 27 7 168 33 109 62 105 197 191 150 129 187 66 60 63 123 134 78
40 156 141 40 185 101 13 58 158 198 126 68 200 66 28 169 179 157 18 165 177 112 32 139 70 185 190 31 198 158 164 174 4 48 36 164 9 89 97 91 60 176 168 165 65 32 161 60 137 4 111 200 52 31 47 121 125 9 41 7 85 179 27 22 150 51 166 177 35 51 133 59 137 131 38 167 73 162 27 51 172
106 185 195 132 154 62 18 195 1 5 73 43 129 71 152 61 150 7 36 50 67 65 99 162 18 52 108 55 183 187 15 50 171 140 78 147 91 112 194 154 21 96 188 84 90 75 160 72 136 9 10 57 186 166 66 92 114 104 167 119 56 123 62 179 66 53 154 59 193 8 113 44 137 163 14 55 89 143 141 166 1
172 119 113 48 71 194 82 196 6 129 141 61 143 160 77 166 94 9 172 183 49 125 149 93 144 41 126 167 185 148 193 134 187 183 142 135 51 4 128 149 107 88 89 163 42 25 33 74 167 97 6 135 100 32 90 107 41 23 111 139 113 43 136 13 40 17 18 128 129 67 98 11 180 176 90 133 78 182 193 59 148
199 26 120 38 36 73 137 35 22 174 78 129 64 187 17 140 141 73 185 66 41 174 74 171 99 19 154 162 37 138 51 132 101 24 94 5 42 43 185 158 82 22 179 64 71 39 44 21 140 103 173 1 26 119 143 54 47 42 32 131 87 168 23 79 128 169 59 37 60 52 36 120 157 135 174 64 182 157 175 80 80
135 86 87 94 72 33 191 72 191 154 7 67 48 78 195 190 169 4 47 170 81 57 31 31 126 43 57 115 135 121 200 128 168 193 172 8 8 175 23 4 0 133 97 76 16 190 122 25 83 34 180 44 12 190 173 189 26 161 128 64 108 84 195 84 163 194 118 135 68 191 69 196 163 54 46 89 50 133 108 148 81
125 2 75 58 57 77 60 139 43 155 46 171 44 79 131 94 116 18 102 115 127 48 139 142 179 151 138 52 29 56 153 33 98 118 152 165 74 165 29 90 157 69 26 43 80 133 177 31 50 25 69 196 21 47 52 3 70 11 192 163 157 62 199 26 23 187 80 31 165 6 114 7 178 55 79 141 104 94 125 135 132
106 150 190 33 70 23 58 191 54 194 52 190 58 137 113 116 29 177 50 182 12 47 155 132 27 68 154 76 64 30 135 91 158 113 20 11 36 198 116 24 49 155 83 160 44 142 112 168 140 191 133 36 76 74 84 153 133 121 150 154 139 14 108 50 194 55 93 147 179 169 26 178 103 20 9 151 35 149 4 87 182
12 70 55 167 106 33 89 28 142 63 74 147 28 44 134 158 11 98 81 30 21 154 100 24 152 129 30 24 55 182 187 52 43 45 50 114 2 193 33 11 188 192 143 42 20 29 191 196 18 192 18 130 185 135 121 65 140 98 196 120 126 8 50 136 9 15 26 65 67 8 2 19 96 85 81 49 24 149 144 78 13
89 85 36 111 11 75 136 98 104 66 38 179 132 191 25 154 182 14 169 126 110 58 108 175 153 192 116 109 185 23 87 116 30 134 122 72 43 73 19 139 184 148 40 152 37 106 143 0 92 46 44 170 69 162 187 179 108 102 148 175 137 62 127 40 79 1 133 46 27 191 109 153 124 56 70 36 66 79 89 67 70
96 187 194 7 121 156 150 112 47 105 157 95 41 6 165 165 107 112 198 35 112 200 33 186 200 37 20 143 8 37 80 139 137 10 64 172 124 38 110 144 116 11 156 95 17 40 116 97 63 141 191 149 14 195 88 163 175 149 108 182 109 98 196 44 68 33 193 99 178 148 173 76 182 181 154 99 42 42 178 165 123
50 146 0 184 166 29 106 85 68 75 105 0 76 120 195 190 51 45 164 155 199 1 193 15 49 20 17 67 17 134 84 17 182 150 185 119 140 118 130 171 176 4 38 70 195 98 183 198 43 2 100 161 187 169 127 153 156 45 100 37 51 17 189 34 18 5 123 108 171 192 118 146 61 136 185 85 17 88 135 171 105
182 141 42 101 41 7 174 105 167 57 188 146 64 166 99 1 55 20 186 89 144 71 32 120 156 119 98 103 115 157 175 54 146 146 51 56 83 147 106 101 43 85 27 146 11 29 56 146 191 130 143 194 189 32 74 197 184 28 194 53 54 47 18 44 74 26 112 167 177 180 42 2 165 184 123 159 82 125 106 140 159
155 55 95 42 128 151 71 65 26 23 164 78 159 145 181 131 50 121 21 74 28 135 37 95 19 107 161 136 190 72 32 149 24 6 133 121 40 48 124 19 67 176 136 39 72 24 72 10 110 30 127 12 57 90 176 135 55 61 198 79 132 21 18 14 68 132 142 35 92 176 95 47 146 26 149 104 86 52 183 56 3
110 48 187 98 199 138 53 150 181 55 80 138 51 165 135 17 159 73 29 143 151 89 121 106 4 97 101 113 37 147 101 129 57 72 138 111 69 79 12 60 169 92 70 80 137 105 114 9 14 108 54 76 123 36 101 106 58 22 186 119 27 183 154 132 179 77 49 87 0 103 166 7 188 83 75 45 172 81 80 51 49
26 22 74 171 27 138 65 30 137 62 30 189 41 6 48 178 28 44 73 120 26 29 127 21 107 80 167 160 199 51 155 70 7 21 159 188 134 165 176 81 184 37 115 93 56 121 193 74 137 89 42 74 45 108 2 71 93 26 157 154 52 39 85 136 111 85 79 82 80 120 147 144 75 86 183 117 154 107 45 173 165
149 130 95 149 120 45 135 79 132 105 19 195 51 110 123 172 184 81 109 178 153 103 51 171 59 24 34 46 147 3 24 93 30 155 108 200 159 86 174 68 140 33 21 73 4 128 194 194 2 13 175 126 4 144 94 97 82 102 31 195 114 191 146 49 120 99 106 13 97 57 200 60 62 117 193 38 109 133 71 74 38
140 34 6 23 108 93 34 143 4 61 139 127 84 53 142 108 23 132 1 138 162 200 9 73 138 18 182 136 50 29 99 47 99 15 98 82 33 56 157 93 130 60 21 66 21 104 81 41 54 63 8 199 112 91 153 168 13 47 28 42 75 45 100 72 13 44 16 52 42 103 182 177 104 172 46 152 132 174 36 160 136
50 199 74 114 17 73 18 56 187 183 69 96 1 36 84 73 108 105 93 193 84 8 95 40 194 87 24 68 71 42 200 161 128 183 170 169 4 139 198 59 146 141 9 121 73 189 182 61 162 7 52 61 120 54 99 157 200 29 78 36 151 183 199 39 179 2 93 47 161 1 126 3 168 98 44 0 193 151 24 21 154
156 4 105 166 156 23 190 7 117 128 124 13 49 34 121 85 166 59 122 94 111 197 81 193 35 149 45 16 183 184 120 190 92 195 81 94 185 192 26 125 112 25 143 25 19 13 166 195 70 171 2 145 89 54 53 78 198 176 185 147 159 15 48 42 113 198 134 53 160 148 194 17 197 65 83 175 33 192 27 148 3
159 90 24 144 51 95 151 139 18 119 97 164 62 190 74 141 120 19 49 136 179 76 9 81 108 10 9 146 161 70 34 98 32 119 105 69 190 122 15 188 91 13 177 7 29 65 155 116 22 182 179 191 135 10 118 10 68 11 75 132 178 74 170 22 97 72 7 51 115 58 106 78 24 10 173 191 99 16 121 33 31
128 120 144 45 63 144 98 92 145 123 1 132 108 186 17 66 197 100 69 79 69 141 52 152 178 118 94 9 165 154 121 189 23 2 96 75 98 192 128 105 10 11 81 141 86 74 135 195 14 38 117 184 69 9 59 141 115 117 62 44 185 17 84 6 32 118 6 5 126 18 8 51 187 125 170 75 18 68 136 181 122
73 37 19 14 15 83 120 170 152 76 185 92 53 182 173 175 180 124 169 40 133 111 92 27 172 157 53 36 135 117 129 142 149 191 161 162 10 142 48 77 39 186 146 147 163 106 7 139 75 79 100 117 195 100 136 127 143 106 125 58 88 0 56 133 178 31 38 36 58 73 134 123 59 95 119 5 76 164 163 165 17
47 86 105 195 87 164 145 72 29 152 112 75 86 57 82 7 157 69 28 125 111 195 188 127 169 78 76 32 19 82 16 158 59 73 14 48 112 43 182 52 52 169 118 27 106 83 85 168 104 3 25 145 50 49 17 127 63 186 176 17 181 138 181 168 3 160 8 41 8 56 42 55 87 36 18 57 176 5 36 142 36
161 146 53 157 46 42 182 180 190 179 140 137 106 126 191 3 116 188 8 71 158 2 137 151 125 84 41 60 142 63 37 133 140 72 54 153 21 116 81 127 15 158 129 88 38 139 129 199 61 129 17 133 91 21 70 198 186 17 83 40 107 131 119 81 145 99 94 95 59 101 69 177 64 142 74 126 49 93 123 95 169
23 149 168 11 22 136 45 172 162 137 40 78 51 14 48 19 128 195 193 114 159 92 76 158 74 1 154 136 37 190 130 188 120 113 51 10 68 69 104 38 46 151 91 30 67 145 2 172 122 40 129 148 128 194 180 115 59 192 35 62 149 75 53 151 114 104 200 52 61 119 190 198 26 152 93 3 103 124 165 93 37
119 171 169 173 7 29 192 19 182 35 166 93 157 70 53 25 68 86 68 22 71 57 199 5 18 186 66 179 69 57 147 57 97 76 168 55 102 93 125 44 115 194 139 121 28 51 99 186 18 68 134 66 132 176 38 173 190 20 122 35 162 100 133 49 2 43 4 163 64 35 127 138 122 182 125 31 55 134 24 65 117
70 49 96 159 0 34 19 23 43 42 158 128 176 58 6 25 46 189 76 154 157 185 147 96 171 163 27 101 21 176 69 190 36 111 82 176 131 69 38 104 112 106 54 81 155 146 126 117 63 194 177 5 3 128 154 187 11 139 164 71 83 144 69 163 139 26 122 80 13 154 155 106 196 10 184 196 68 151 36 194 32
58 187 115 124 77 138 36 121 98 152 20 156 18 62 39 36 106 90 189 148 49 4 166 27 69 35 161 174 144 64 150 125 169 53 126 188 83 168 44 122 18 125 48 61 142 76 66 187 162 162 140 22 67 132 128 178 50 142 92 129 129 17 124 125 158 156 58 7 73 47 5 94 46 177 194 130 25 106 188 23 117
28 9 24 186 163 128 187 175 69 109 26 117 138 77 25 105 18 150 28 192 22 145 180 194 0 165 39 33 197 49 112 84 14 150 80 176 52 174 68 137 188 125 105 32 36 52 72 75 6 189 169 173 45 37 63 97 107 19 60 163 111 101 132 9 107 44 177 28 8 120 41 3 93 41 200 14 92 23 170 99 176
163 163 116 129 112 48 49 188 1 172 197 119 126 144 176 175 37 67 127 23 173 95 177 152 132 65 129 141 115 140 65 80 171 183 2 198 18 124 123 69 77 77 50 59 21 165 191 45 116 75 59 77 42 127 198 11 195 26 37 148 52 6 13 162 170 19 172 0 46 20 70 84 66 200 88 59 101 7 142 57 145
102 75 196 129 194 65 161 91 106 194 195 90 141 85 23 138 5 47 13 76 29 154 143 16 170 128 177 172 158 116 25 176 7 143 6 147 35 104 55 135 11 160 20 166 165 137 12 106 136 88 187 20 118 8 89 146 132 41 142 20 49 93 152 199 164 22 108 14 174 53 142 70 91 21 196 138 145 30 116 74 155
183 134 11 122 102 132 132 44 179 156 41 24 62 8 15 76 19 145 43 138 46 141 129 149 113 183 137 189 119 97 154 50 66 45 62 7 0 32 92 7 192 20 145 25 23 187 128 10 7 132 73 18 71 158 54 47 177 128 177 37 167 180 114 142 40 25 101 56 152 178 44 82 172 43 94 159 144 196 24 19 103
55 90 122 95 134 124 122 40 8 2 69 14 93 18 143 2 192 57 146 145 35 29 92 140 92 10 120 132 55 175 37 119 195 85 13 96 196 40 120 133 94 184 148 169 116 16 53 145 11 36 54 112 126 170 183 70 164 14 13 4 68 101 42 32 16 157 54 179 58 184 155 90 191 20 119 25 36 177 131 154 59
45 156 114 127 121 157 32 79 86 152 158 97 15 190 23 103 35 60 79 47 172 57 10 59 48 35 88 172 110 174 197 27 142 140 116 143 33 35 78 88 87 151 109 78 67 150 75 38 84 158 97 2 9 62 126 75 172 72 70 152 122 180 145 61 77 158 173 137 195 125 115 164 149 62 104 119 40 172 15 135 101
1 19 189 184 75 78 25 118 82 59 123 37 155 90 40 27 75 127 185 19 82 70 159 120 60 79 120 66 69 51 2 179 94 21 90 148 69 24 55 110 108 48 178 170 17 152 10 31 177 33 143 20 77 174 0 78 152 47 180 153 67 130 41 179 178 104 162 170 198 20 55 16 6 95 137 5 62 172 29 129 105
152 80 40 102 41 0 190 14 44 9 50 75 147 171 0 49 141 181 138 10 95 45 100 33 157 58 86 118 135 155 114 192 36 166 48 131 22 45 171 1 82 178 67 146 166 139 82 75 134 34 181 108 81 98 13 193 189 123 177 24 141 199 59 150 163 45 90 184 120 138 183 149 37 157 26 127 132 70 115 35 86
36 4 132 69 90 105 79 73 56 159 143 74 108 37 174 144 131 29 74 50 31 74 109 164 128 28 160 165 14 23 118 91 16 3 92 159 153 18 161 6 79 17 136 118 168 142 67 102 69 128 73 154 45 146 18 184 147 136 193 142 15 77 22 138 1 60 91 20 2 158 28 136 63 55 19 103 124 193 80 7 16
89 20 59 4 67 117 125 174 162 103 184 91 115 143 100 43 157 177 84 145 97 11 17 58 184 79 92 182 41 8 112 68 52 71 20 111 171 77 70 62 8 129 117 37 199 35 90 157 192 79 5 92 138 138 25 107 80 127 181 21 30 111 199 200 10 166 35 119 95 149 117 48 34 153 35 95 157 14 109 150 83
60 44 94 200 1 30 191 6 188 167 94 125 197 155 143 160 45 114 13 190 64 174 88 107 96 110 146 104 78 171 127 88 8 151 25 50 137 181 112 58 109 172 67 82 81 35 96 54 168 68 168 10 28 27 107 28 72 26 111 173 172 79 99 143 95 122 130 22 87 163 123 2 132 140 145 159 195 3 108 0 20
86 13 158 34 165 78 192 156 80 27 179 200 168 183 106 177 39 99 42 124 179 173 30 20 112 108 96 116 113 33 27 104 149 38 31 37 6 121 48 73 1 38 31 146 140 141 127 14 40 104 76 77 89 145 132 17 92 167 90 193 114 109 149 1 174 188 85 140 125 28 22 74 195 61 135 119 45 93 41 118 78
33 84 184 198 118 86 95 82 8 29 60 151 167 95 176 33 16 95 160 49 63 46 44 64 45 74 76 31 59 5 92 138 152 67 106 5 200 111 62 90 132 154 25 159 165 2 138 170 5 88 167 26 165 176 70 184 59 37 41 11 168 74 164 98 48 133 83 116 57 90 34 66 165 143 111 36 30 174 139 90 88
128 10 88 127 6 33 191 62 74 15 80 30 165 179 119 90 162 124 103 73 87 183 50 5 38 123 198 94 180 44 13 167 185 170 199 107 93 158 194 15 72 95 140 44 128 11 6 144 172 147 136 8 39 127 132 91 60 157 40 136 157 117 86 123 38 119 153 88 159 72 158 40 105 16 65 73 12 126 182 97 63
106 57 57 127 64 168 136 141 120 125 57 81 56 198 93 4 20 157 127 69 41 31 144 192 177 69 192 159 58 160 29 160 101 159 78 100 21 81 194 157 69 162 186 121 170 87 151 108 114 197 178 147 75 82 135 69 128 61 108 183 198 169 136 155 69 31 142 160 50 24 61 83 16 3 131 4 121 148 20 62 23
49 5 115 190 112 11 73 101 88 146 177 179 55 164 138 27 35 1 199 29 172 10 25 185 171 37 53 113 110 47 13 58 59 29 31 161 30 128 169 39 184 60 2 56 167 91 116 152 165 180 127 193 177 32 118 85 26 40 129 26 192 75 12 115 176 154 167 176 59 57 116 17 94 184 171 137 194 57 91 129 92
15 120 27 25 60 149 25 72 159 173 117 21 0 122 107 120 24 144 3 144 149 114 26 65 77 6 99 0 11 26 45 59 153 134 124 1 137 178 13 80 108 171 168 26 20 40 156 92 98 79 127 145 105 139 28 115 189 26 65 90 23 7 64 80 71 66 59 163 5 174 14 51 104 71 105 71 50 156 132 58 40
169 30 196 115 171 72 143 2 187 35 163 31 48 194 179 85 139 77 55 117 175 135 128 151 69 163 162 0 121 9 1 132 93 168 175 182 99 92 48 80 125 44 45 194 65 76 182 4 29 198 16 182 176 91 141 52 82 1 108 173 4 30 186 20 187 63 86 10 170 0 183 182 103 98 16 154 11 117 123 21 128
172 41 89 101 25 56 144 56 170 5 5 133 61 154 8 169 58 147 24 160 177 6 86 22 153 125 116 179 89 32 159 42 139 168 5 158 149 191 173 181 51 37 171 39 40 64 149 18 20 63 192 162 102 145 94 102 46 194 130 11 176 110 198 54 182 102 120 141 168 2 64 92 134 14 22 2 75 122 105 126 46
149 126 4 22 193 110 78 41 185 19 152 187 25 193 93 142 134 101 130 59 187 84 3 148 104 163 57 63 158 39 110 148 36 45 46 36 151 101 38 131 93 189 183 185 77 27 127 115 62 41 90 175 140 195 94 88 3 93 2 161 1 139 134 84 132 24 153 50 45 28 114 138 125 123 77 194 13 21 148 169 52
53 129 83 26 193 192 125 197 150 60 124 156 8 100 45 152 90 35 91 137 57 121 116 125 21 154 181 159 83 136 1 153 22 7 197 87 147 1 174 36 82 56 63 168 12 29 121 86 61 32 140 4 37 56 118 61 133 100 137 126 97 147 119 63 120 77 90 73 153 103 51 47 89 135 4 91 72 179 68 191 186
63 200 138 73 162 17 34 98 117 67 102 0 176 45 49 86 186 152 28 101 197 136 76 38 41 177 113 107 107 32 168 136 161 160 148 41 25 151 112 38 3 90 184 3 121 136 79 129 20 78 170 94 194 194 50 65 78 82 104 52 25 87 48 35 102 141 24 100 180 169 61 72 110 55 169 191 6 79 119 117 138
120 70 44 164 159 131 34 159 137 181 189 70 78 56 159 75 59 24 174 132 30 178 126 108 132 156 94 72 32 154 165 128 66 110 60 84 146 124 170 22 48 46 123 181 81 58 167 120 82 146 147 100 76 136 95 100 20 143 184 55 44 197 109 53 94 11 125 9 96 141 20 85 49 148 83 72 189 99 24 139 39
111 163 47 46 16 168 198 197 55 3 21 105 7 50 7 55 102 25 154 193 186 130 115 123 128 28 35 176 20 17 80 133 22 67 58 39 78 55 77 95 196 8 88 18 105 148 183 32 174 67 73 164 124 87 45 167 114 94 0 140 34 134 113 181 178 36 172 91 160 14 199 122 59 8 12 135 40 59 143 192 105
