85
21 48 51 18 30 13 136 88 116 121 192 42 3 69 175 107 47 161 129 117 130 159 17 15 78 132 139 29 161 106 9 60 141 165 11 68 172 101 101 199 16 5 143 186 40 29 129 94 41 68 195 48 195 16 179 179 162 118 15 121 192 27 97 188 25 64 180 196 46 148 80 108 143 141 168 8 183 11 126 19 13 115 5 61 68
139 161 20 105 99 147 103 130 18 135 59 128 2 32 157 75 127 14 112 191 71 56 52 197 122 81 200 191 111 82 130 40 69 7 74 82 95 175 119 0 45 98 138 123 46 120 14 122 159 158 147 60 178 15 116 39 177 31 84 176 95 137 197 30 147 34 105 64 130 127 60 32 150 66 172 28 32 107 50 46 44 8 62 167 46
65 95 150 127 185 196 121 4 48 171 12 155 63 48 80 80 111 32 71 149 71 25 103 151 188 61 11 164 6 126 154 2 150 100 107 26 13 7 93 46 164 145 101 87 137 72 32 62 138 158 52 26 35 185 43 74 191 142 14 84 156 93 109 102 171 10 16 158 52 124 96 125 53 40 131 15 170 1 162 130 105 51 194 177 164
84 2 190 36 152 158 120 80 4 108 70 67 143 87 18 7 190 138 129 190 98 12 112 118 56 143 183 166 57 192 165 177 46 171 137 199 122 80 37 125 76 88 106 94 124 180 142 54 92 38 107 106 2 93 29 193 17 95 177 182 54 65 28 45 1 96 163 157 90 52 109 17 151 92 36 10 61 41 83 35 149 161 79 137 174
70 66 106 16 122 159 92 51 42 144 81 111 171 25 105 126 88 188 82 64 173 29 7 108 80 168 15 89 20 6 2 135 132 195 179 37 35 2 18 72 70 132 3 124 87 82 141 23 111 145 67 198 149 187 193 32 56 132 77 169 192 34 57 177 101 17 75 68 187 100 58 12 153 103 187 183 161 27 2 149 28 47 120 75 109
180 73 32 180 112 137 27 109 56 83 115 184 120 36 163 104 102 56 40 70 69 86 83 0 49 158 66 145 173 158 87 192 6 41 25 12 12 143 3 66 154 185 84 152 18 61 110 85 129 174 104 191 104 142 98 48 65 95 22 48 84 21 54 0 101 103 151 48 22 4 20 151 145 64 97 127 16 104 13 85 128 190 141 157 85
28 180 125 132 100 134 103 2 137 143 87 19 82 111 130 122 41 107 71 167 166 4 144 117 125 5 47 24 97 115 156 116 141 143 65 136 145 43 183 94 176 59 14 196 131 112 88 6 100 34 35 153 3 101 107 149 136 25 41 113 145 75 41 28 128 81 5 120 59 116 153 134 163 163 84 115 138 93 69 73 39 46 83 71 22
33 46 32 183 167 97 184 37 24 108 102 7 26 130 6 2 171 23 4 71 16 12 31 134 34 143 162 126 18 139 159 121 128 81 74 46 40 45 93 33 170 113 34 188 110 2 129 16 53 38 82 165 184 60 9 9 83 11 3 197 172 125 33 81 187 118 23 28 145 37 47 137 55 103 184 20 121 70 80 94 194 39 19 50 65
114 9 68 186 27 182 178 100 53 173 58 116 68 156 148 61 17 137 162 145 142 136 50 187 152 195 150 118 3 66 1 21 140 13 166 125 113 152 172 63 97 123 125 128 3 60 78 173 2 81 105 152 153 182 129 86 134 136 170 122 111 126 18 32 90 107 66 171 24 48 3 68 192 198 97 128 71 61 87 82 157 130 87 32 14
165 16 117 51 21 101 83 162 136 19 11 164 0 14 192 129 52 113 51 80 45 67 60 41 52 57 79 170 38 157 41 137 110 102 191 107 29 81 56 120 80 16 15 121 167 85 82 32 171 54 0 30 117 78 30 164 134 71 125 13 123 135 77 103 165 162 66 24 173 169 20 7 127 111 11 63 77 39 77 65 171 97 47 185 148
127 110 143 3 28 39 3 39 151 112 111 135 111 1 137 67 31 14 7 31 169 139 112 158 20 15 4 181 119 12 62 112 110 71 120 99 200 176 163 64 35 97 99 85 22 19 190 29 73 23 39 3 71 88 171 52 194 53 39 84 169 171 195 142 91 67 76 65 139 186 69 123 56 162 33 35 149 14 72 75 60 15 6 180 190
67 171 77 127 183 102 6 117 88 87 32 141 96 17 43 28 92 22 9 133 188 179 80 196 66 17 149 95 117 184 82 51 189 55 29 27 13 62 167 194 197 120 99 4 110 70 13 99 11 194 71 160 57 176 119 79 22 73 6 9 175 184 171 80 61 104 45 42 175 39 93 101 155 183 151 36 8 170 123 52 178 152 4 147 23
121 134 182 92 138 177 9 148 125 158 84 123 48 182 99 29 140 181 162 55 97 27 136 145 63 96 97 92 123 164 151 145 6 62 136 63 183 87 170 114 5 137 68 120 17 136 184 123 77 49 187 13 39 58 169 106 66 183 107 82 197 102 95 160 134 179 15 16 8 173 86 51 107 98 200 129 65 115 174 167 2 71 16 138 140
25 20 6 152 131 120 171 7 190 119 128 127 5 38 172 77 21 172 64 197 180 161 129 65 28 146 90 198 153 116 14 102 177 19 123 162 49 152 183 47 171 114 54 13 182 49 168 165 151 97 132 119 58 123 24 180 114 89 200 123 53 159 176 21 109 62 31 164 39 38 79 62 0 197 64 18 114 168 81 47 111 137 5 120 161
87 148 154 72 118 107 176 193 66 142 58 18 12 155 3 54 161 47 176 30 1 166 15 109 175 11 78 188 9 47 138 22 72 163 138 184 91 17 133 98 40 148 197 101 146 103 0 110 169 199 87 193 73 42 99 46 142 78 154 6 139 5 22 65 59 67 30 143 42 49 103 172 122 85 2 40 53 152 74 108 111 61 137 80 4
138 147 46 125 27 32 192 1 114 191 187 128 80 58 170 196 70 153 98 54 125 72 35 73 191 1 200 67 165 61 41 7 66 77 60 4 155 194 109 123 63 40 72 6 183 189 3 169 46 173 58 60 45 100 15 135 173 178 146 169 165 187 172 38 15 64 159 60 155 164 3 157 38 161 200 133 120 65 99 156 40 197 84 182 77
33 14 54 75 72 16 144 136 114 31 86 141 62 177 54 105 27 189 139 134 27 36 183 0 150 68 15 54 189 46 139 0 11 74 73 185 37 152 135 113 138 166 199 125 36 76 167 76 59 6 45 74 119 5 128 111 193 166 47 165 45 85 199 79 91 3 44 83 35 183 80 33 83 102 101 82 4 130 87 72 198 84 116 86 88
160 26 27 94 39 197 97 194 68 2 56 192 74 46 107 185 160 13 187 165 12 68 140 181 25 12 112 80 101 69 143 134 66 50 108 109 45 51 126 111 83 75 55 18 65 80 15 104 6 67 131 146 150 141 112 82 37 166 79 175 141 153 169 43 52 163 117 200 85 33 182 22 67 101 32 122 119 144 95 45 108 23 86 177 115
114 110 171 111 171 169 18 138 115 167 12 19 10 138 129 195 126 94 18 126 181 189 49 68 200 27 91 187 146 34 52 147 78 132 182 75 169 162 100 195 22 190 160 139 66 73 196 114 172 140 43 52 144 133 156 69 68 165 76 8 50 113 31 104 7 11 166 161 57 113 64 5 197 16 117 110 176 148 60 133 174 165 147 55 70
74 19 66 48 74 114 90 27 102 111 139 124 13 198 138 184 183 56 17 68 175 116 139 43 115 170 148 122 143 168 199 11 14 58 118 32 71 16 5 141 116 58 29 195 24 76 29 7 79 83 15 141 44 109 126 55 173 179 162 14 95 160 43 60 182 144 109 121 95 140 13 17 180 142 12 51 107 41 0 50 35 189 38 45 66
38 161 182 75 147 94 137 173 81 76 121 171 152 92 22 22 195 21 60 35 22 121 140 62 9 187 49 88 71 47 109 183 88 160 21 185 143 18 130 121 103 29 173 0 61 18 134 194 48 124 71 3 198 151 57 110 92 190 3 45 154 15 187 137 112 30 132 82 20 146 195 49 91 190 29 127 194 51 117 90 27 99 176 94 131
180 196 22 181 151 160 168 99 12 20 114 133 116 126 47 9 110 112 91 28 46 136 187 158 100 180 144 66 119 56 87 38 0 173 124 190 105 3 105 25 8 175 128 187 166 88 31 119 145 48 180 192 27 178 161 3 146 109 79 83 167 198 58 81 185 74 35 52 178 78 72 134 191 121 148 144 107 171 65 184 148 169 118 157 175
195 35 133 177 52 155 106 13 185 156 101 99 110 163 31 51 185 85 105 94 175 49 0 74 162 31 19 142 85 18 131 6 185 70 6 121 129 145 103 190 187 113 10 6 7 111 134 110 138 151 50 149 68 81 52 0 67 25 77 147 58 65 195 96 161 97 99 83 8 161 17 27 119 78 129 92 7 94 121 86 19 59 86 149 85
66 8 75 41 94 74 11 136 39 200 167 158 138 197 175 163 20 150 118 102 164 156 109 1 91 175 67 95 121 24 163 14 111 86 30 186 50 87 65 139 189 153 148 62 27 197 80 90 110 113 9 110 94 73 17 8 91 151 30 177 12 142 107 193 132 157 0 123 111 83 183 11 10 189 110 54 154 47 199 178 42 82 150 144 111
62 160 178 11 4 60 137 79 114 92 6 43 135 169 193 117 143 43 184 110 43 7 198 163 133 173 114 42 98 104 97 78 153 28 145 183 182 0 144 135 8 170 195 2 38 135 32 13 176 5 22 172 56 151 194 25 23 95 11 73 121 141 106 87 66 26 79 108 65 76 87 29 51 0 149 200 58 80 7 31 28 124 4 146 15
132 162 51 67 156 25 10 143 127 12 198 89 41 151 175 168 85 151 162 145 169 183 117 179 15 179 181 48 123 0 145 51 171 159 24 190 109 147 27 192 161 16 117 26 29 77 84 165 67 162 55 190 77 85 106 16 75 43 189 97 178 182 68 59 127 13 64 73 107 24 118 102 34 9 174 36 25 193 37 85 188 186 40 184 166
68 197 131 32 3 129 152 178 53 30 190 148 107 1 75 195 165 95 83 25 155 173 104 108 21 71 91 12 111 37 119 182 112 186 179 62 7 118 167 82 128 49 119 117 183 150 146 125 43 96 116 173 81 181 122 109 151 189 42 188 17 122 185 2 1 67 17 127 170 195 104 174 139 40 44 172 134 183 77 71 63 4 64 107 7
108 190 71 45 29 32 63 31 104 102 156 7 188 41 9 142 158 168 159 70 68 129 36 4 125 58 47 139 80 200 1 177 26 179 50 198 170 152 192 113 31 175 196 172 28 63 57 48 156 132 186 96 143 92 18 187 170 150 132 171 175 160 26 185 157 152 23 197 89 136 84 193 134 99 168 50 87 116 1 183 200 180 45 28 114
80 25 149 41 133 178 71 67 120 64 123 106 8 157 132 186 153 59 132 76 80 30 46 11 12 163 32 160 8 62 54 67 154 190 42 124 154 20 190 190 106 119 75 93 112 2 19 140 129 172 47 44 89 129 101 10 70 150 133 12 52 181 88 131 39 53 27 122 145 164 135 122 98 53 102 37 80 190 32 4 190 123 43 54 6
181 154 189 105 166 164 169 91 21 178 122 165 56 172 164 46 182 33 6 149 27 96 122 99 178 127 62 145 71 185 79 62 34 172 165 57 130 109 162 108 117 102 93 139 3 113 194 9 4 72 77 167 128 14 34 79 34 77 110 96 128 15 42 81 141 4 138 39 27 148 158 115 104 166 13 105 178 65 100 67 182 127 60 147 64
91 174 78 66 44 11 40 194 42 99 188 34 80 123 131 23 24 184 160 189 120 175 102 191 190 195 55 21 92 124 186 40 145 17 173 124 126 116 117 84 113 74 4 64 198 85 86 91 118 187 2 32 59 0 125 89 80 183 58 150 45 91 173 177 69 199 67 87 80 64 34 113 171 172 8 60 73 43 75 41 40 11 58 170 154
104 124 53 166 178 171 188 133 48 23 118 178 183 184 34 55 57 78 80 29 188 89 18 48 151 137 54 15 71 19 91 35 19 192 27 142 65 166 180 46 124 55 168 166 151 84 84 92 49 169 161 102 88 59 198 37 65 79 58 180 124 194 43 184 25 75 157 178 94 56 160 167 164 64 65 28 39 154 33 61 12 166 103 109 97
107 187 142 0 136 134 131 145 116 151 14 29 186 185 174 134 32 19 32 96 139 147 106 31 136 110 109 132 73 60 28 139 61 115 25 26 175 187 179 91 123 1 186 161 24 174 90 47 140 199 191 107 154 135 22 80 63 17 186 128 81 56 67 63 104 93 136 196 173 160 174 25 115 92 81 4 110 8 37 21 123 48 90 1 72
133 155 99 117 38 138 55 45 198 161 117 68 190 37 55 156 133 178 41 159 32 26 15 4 200 147 39 18 123 198 173 157 139 185 6 41 77 97 105 164 0 79 127 160 175 19 113 200 47 169 39 52 59 118 118 38 89 58 62 65 200 10 106 11 102 40 162 136 162 168 169 87 42 158 193 188 71 38 57 95 155 118 165 110 147
139 169 97 170 77 103 107 9 125 86 146 173 105 56 93 176 185 183 82 164 182 141 57 158 44 89 177 37 97 123 49 138 105 3 186 168 14 198 98 171 177 30 37 67 53 35 103 168 196 51 186 133 12 21 122 146 182 23 117 96 18 90 86 93 95 49 106 41 50 157 171 184 55 91 155 64 164 183 10 150 20 140 135 149 200
62 32 43 198 128 84 51 165 82 20 107 152 52 55 25 115 124 20 115 167 131 57 182 149 188 56 189 153 1 118 147 199 52 151 31 178 83 105 83 162 12 72 179 129 200 177 56 170 78 190 155 64 112 146 133 114 172 190 78 129 25 41 177 139 85 59 115 68 26 171 104 10 198 30 157 79 25 172 87 195 162 42 34 84 131
96 53 178 38 120 62 60 102 66 198 145 178 26 176 68 185 90 34 67 32 45 197 92 185 89 32 72 32 131 177 75 90 155 154 124 141 168 125 81 32 2 30 164 48 182 86 87 47 88 29 143 56 100 31 191 3 193 135 143 33 119 61 19 17 91 49 74 114 198 181 71 190 111 133 144 56 137 147 64 29 185 107 173 92 193
147 122 135 152 23 88 84 60 78 35 6 92 8 184 99 137 33 101 87 144 10 91 97 75 2 7 109 56 113 144 190 13 154 169 173 57 118 55 54 71 50 177 199 102 58 105 189 5 149 116 117 132 98 129 143 47 167 162 55 117 151 3 58 13 193 16 8 139 157 129 177 113 175 2 173 165 10 158 82 122 55 144 146 50 10
30 48 114 95 72 46 139 40 42 23 14 83 20 19 166 46 80 31 5 183 137 141 188 78 12 123 130 137 130 40 77 92 159 151 163 92 85 101 175 62 82 113 143 152 126 103 184 58 23 116 118 90 34 87 41 180 152 149 132 190 118 63 162 194 86 97 100 118 123 30 104 162 12 136 75 58 158 89 168 171 31 44 187 137 172
165 127 112 6 193 130 138 62 12 92 162 199 177 100 150 130 4 79 60 167 162 69 13 54 153 77 75 132 99 50 123 125 63 118 197 58 183 56 35 80 54 76 38 10 181 60 139 172 100 171 107 114 139 87 120 159 75 119 170 56 186 167 90 9 156 159 4 158 167 159 90 66 116 32 57 121 24 36 169 35 102 190 180 56 16
136 189 113 52 60 185 99 183 147 5 190 133 76 173 112 63 135 114 180 126 198 29 186 65 40 70 126 22 37 152 176 15 36 137 58 132 102 156 63 99 47 187 109 0 174 159 199 126 183 192 196 154 50 127 35 29 195 132 87 91 99 150 147 178 139 176 105 64 41 156 90 19 125 172 75 91 97 140 79 96 56 168 160 87 143
25 135 190 40 41 137 98 74 40 8 93 22 122 4 35 158 139 187 125 112 122 129 88 93 44 22 108 156 177 86 59 43 60 69 157 42 142 3 17 168 132 56 183 55 139 8 128 173 152 147 113 183 84 65 192 90 127 193 149 182 16 183 78 65 196 173 18 92 187 173 50 15 129 154 23 107 54 106 166 117 18 82 66 144 182
159 131 158 156 124 185 15 7 125 108 148 176 76 25 96 120 171 142 4 123 20 42 159 155 86 10 157 46 70 161 46 140 86 6 186 73 194 171 10 35 91 139 162 60 80 147 11 123 35 197 97 10 27 77 197 12 153 55 78 175 20 181 74 6 134 159 41 193 133 47 60 22 26 33 127 164 119 53 184 158 143 1 9 106 191
25 178 53 165 118 68 35 66 104 119 185 128 45 69 134 92 176 170 108 177 89 52 193 78 7 17 24 84 64 14 154 142 49 45 169 100 37 82 122 124 120 117 43 95 126 78 20 142 126 101 74 134 28 35 32 143 110 25 142 70 14 89 65 43 108 7 146 17 11 116 162 80 187 80 48 185 15 77 134 191 67 37 153 110 129
112 173 196 142 121 96 29 122 73 38 32 91 107 132 43 98 159 12 57 186 190 189 39 155 146 61 135 154 16 53 6 4 38 1 102 49 43 72 126 52 146 27 172 24 141 7 19 131 52 108 48 173 123 137 168 45 90 107 186 87 47 120 88 142 151 69 22 129 168 147 193 114 180 149 10 147 21 173 132 117 125 15 7 187 150
165 66 85 150 44 113 120 18 150 128 182 156 196 171 18 93 169 71 194 181 137 88 163 140 160 8 145 45 17 162 157 77 120 118 159 73 126 152 199 72 10 162 29 55 174 61 124 31 160 188 65 156 161 149 83 157 129 36 60 160 154 159 147 43 43 90 142 48 104 121 179 128 21 126 56 60 3 53 14 170 96 64 150 141 42
151 88 191 155 59 143 68 120 175 97 22 85 27 195 76 144 87 141 64 66 144 27 9 80 42 49 89 130 149 173 184 151 72 121 193 158 120 35 121 20 101 77 84 134 96 109 21 80 88 40 91 55 37 84 61 100 65 150 63 39 44 135 20 177 195 121 140 95 131 83 196 132 147 181 169 146 195 191 140 50 176 15 104 185 179
64 18 112 108 151 194 21 107 140 152 102 141 147 103 57 18 52 181 155 164 113 8 181 56 146 191 99 141 98 13 92 57 122 60 75 125 166 52 122 140 48 25 111 136 169 190 128 147 146 51 33 6 138 80 41 180 8 170 199 74 39 16 191 150 32 64 43 131 136 12 70 32 24 162 110 41 166 191 189 92 10 98 26 155 131
171 161 12 193 193 163 13 140 181 120 106 41 90 90 62 70 77 77 74 186 81 141 152 181 127 152 185 117 47 97 115 130 16 120 104 87 174 20 83 200 165 1 67 164 170 110 35 143 78 54 62 22 18 147 197 10 74 26 43 8 8 79 72 73 193 100 26 33 103 76 73 86 169 116 154 129 148 176 118 163 188 68 40 157 102
179 188 133 90 126 38 46 71 138 163 42 200 55 63 86 149 67 152 23 142 89 55 30 179 102 101 147 9 101 102 6 113 116 166 197 192 29 53 117 16 59 126 154 149 125 28 92 84 4 134 36 141 136 36 191 106 73 25 80 100 148 44 84 46 16 33 75 186 114 177 16 181 52 95 119 28 61 27 39 57 127 139 68 17 155
182 92 178 85 160 50 37 182 102 153 93 105 61 149 137 84 49 2 75 161 147 183 188 15 165 110 65 190 26 135 192 101 70 153 25 156 9 97 153 119 31 136 7 65 109 108 154 48 196 67 57 104 199 78 32 40 197 147 120 65 130 186 165 159 173 0 19 50 169 31 96 51 105 69 64 32 200 50 42 95 181 151 190 64 180
21 79 54 57 184 18 1 114 99 40 144 154 94 46 78 0 198 198 166 63 46 56 127 21 75 168 173 96 49 159 159 64 0 38 132 150 93 107 100 191 123 103 76 96 166 5 131 195 133 146 69 122 188 7 26 185 9 112 95 131 33 32 199 163 94 52 102 109 43 144 47 6 170 148 21 164 35 48 163 139 136 98 152 129 138
105 111 98 22 195 5 108 28 120 112 102 135 16 95 156 199 190 57 128 11 7 180 189 125 71 27 41 98 111 47 25 116 176 17 170 186 161 71 136 134 171 30 174 28 44 9 34 123 61 12 59 185 115 154 177 146 165 92 39 19 199 74 113 56 7 103 106 25 100 147 3 152 110 1 6 170 63 14 108 63 36 168 98 47 27
149 90 173 24 103 102 192 127 156 153 150 129 156 119 64 46 16 167 137 156 22 97 41 29 142 45 176 63 27 58 159 94 132 43 158 50 62 192 67 13 104 186 173 156 163 28 143 187 38 119 28 94 115 146 4 185 112 133 22 160 74 59 98 38 36 65 198 154 62 137 145 159 11 64 169 139 183 50 199 164 145 136 18 157 118
168 194 42 27 14 33 165 26 108 130 145 94 29 73 10 198 3 132 185 107 126 186 135 18 63 81 10 112 131 166 25 111 62 188 73 174 52 135 90 163 85 70 64 127 38 67 23 163 33 19 66 180 48 155 39 132 96 15 67 85 55 50 70 178 139 133 42 79 181 146 52 76 26 105 41 45 186 166 9 130 59 17 32 27 131
80 129 99 149 187 48 125 198 51 198 63 54 94 108 128 144 0 153 41 1 93 45 142 38 32 186 139 82 63 121 170 138 43 12 51 124 132 189 88 173 189 45 181 36 46 107 168 172 120 10 67 78 33 129 122 51 125 150 116 182 23 197 138 35 144 1 35 157 192 39 197 58 33 14 185 132 140 179 149 106 195 124 134 68 143
59 126 38 32 163 189 200 122 19 1 195 9 14 15 184 39 154 139 175 151 29 73 10 120 163 88 8 18 130 189 20 15 168 181 97 36 102 154 146 98 165 15 125 1 196 20 21 69 32 6 60 194 178 101 181 139 119 138 20 75 98 9 50 100 197 183 157 134 188 79 26 62 34 95 147 58 193 49 32 148 191 125 84 90 112
179 1 161 162 126 20 140 89 23 188 169 12 126 159 32 55 40 9 96 151 63 140 122 58 18 86 131 152 140 122 35 152 189 9 165 56 76 122 184 69 128 190 145 101 93 155 87 175 63 37 150 156 200 30 195 43 177 117 134 177 97 62 156 43 182 30 94 95 150 118 2 82 20 7 61 80 44 159 4 131 95 17 182 124 36
132 43 101 30 187 172 56 190 49 108 124 109 127 153 191 69 105 11 83 99 151 174 11 17 183 197 23 112 151 13 6 22 158 38 53 32 113 86 174 186 18 8 84 51 198 34 44 41 14 168 67 178 125 120 4 107 119 131 4 74 83 53 72 108 0 93 28 72 59 64 17 178 14 33 84 94 50 11 192 46 157 9 1 14 59
52 109 55 133 175 88 98 169 95 20 15 185 197 198 50 190 128 136 112 74 1 113 68 85 161 146 189 186 86 159 58 145 56 116 20 74 99 127 133 6 171 100 56 36 11 5 50 139 57 164 75 96 67 109 110 98 91 36 192 117 63 40 87 148 101 141 163 31 135 108 178 120 2 164 19 58 200 175 142 99 61 93 65 114 164
136 74 194 134 47 7 109 83 118 85 165 176 82 53 19 80 104 124 122 42 129 19 41 85 12 113 104 78 193 108 156 120 151 75 38 150 41 121 57 50 114 159 185 15 28 56 155 131 127 115 199 76 147 77 104 28 89 34 190 50 93 159 120 141 142 34 142 62 97 92 196 150 106 143 195 64 176 86 69 113 15 100 151 19 106
17 58 8 14 63 26 51 39 146 140 97 22 195 24 30 113 13 182 172 59 107 16 140 150 173 116 140 38 75 126 167 104 8 65 52 141 177 183 32 28 75 157 34 70 148 63 83 146 84 11 11 66 134 185 92 179 200 146 148 25 108 18 189 105 123 69 21 72 14 29 166 107 150 127 65 53 60 84 131 35 169 99 114 58 48
130 21 31 145 70 132 62 66 60 11 187 120 30 117 153 180 46 129 99 46 53 77 74 40 74 191 39 194 192 123 151 94 89 8 194 169 56 192 127 53 30 27 106 151 102 72 130 134 133 2 172 103 187 154 199 7 98 13 18 24 71 106 1 152 113 104 19 16 144 119 94 99 129 164 118 152 166 121 13 28 105 53 46 76 123
112 92 71 195 119 167 0 54 144 170 190 34 133 67 5 77 36 163 129 66 94 111 148 140 147 36 26 191 185 35 96 185 195 31 177 103 161 176 102 87 41 132 151 128 152 123 68 169 138 125 83 61 48 97 192 11 12 2 173 83 76 160 65 65 158 114 49 53 197 48 5 86 89 183 199 92 83 37 177 117 19 140 194 66 121
191 11 157 122 64 171 14 66 80 20 102 44 12 39 49 73 102 200 146 196 148 11 93 14 174 36 60 2 112 77 64 159 175 193 55 30 111 165 148 2 125 169 32 163 97 185 169 143 187 57 4 15 105 11 53 166 87 95 154 160 178 58 14 127 77 166 17 112 56 132 21 99 87 105 183 162 168 183 169 0 189 159 52 30 137
157 100 113 131 9 145 104 93 16 1 93 148 71 118 58 76 63 149 160 193 101 186 117 6 15 192 116 54 200 109 45 108 34 127 15 12 146 123 122 7 118 196 23 107 92 79 200 103 101 137 14 130 2 100 97 50 57 196 72 160 154 39 132 59 145 40 70 49 124 84 3 111 117 154 143 119 103 17 88 31 158 103 168 56 117
167 56 20 10 2 147 91 34 33 132 105 86 39 102 122 86 98 158 193 6 131 80 113 182 60 110 0 28 185 78 118 66 4 93 107 181 177 138 49 153 178 75 180 24 111 67 89 91 96 26 24 178 74 157 117 151 191 136 164 127 21 29 116 184 89 198 1 71 28 21 17 192 47 185 121 2 93 154 121 169 139 144 44 64 198
48 114 15 200 150 198 46 113 95 61 7 0 180 31 170 123 32 4 145 106 120 199 32 120 38 3 152 23 71 102 196 27 119 164 65 61 62 33 41 133 119 135 169 108 20 139 27 132 130 3 69 110 116 114 92 141 191 4 15 168 74 113 9 51 164 27 21 133 156 166 32 11 65 31 176 52 150 88 167 19 177 112 4 5 40
184 153 135 76 164 192 135 61 37 196 162 13 14 184 59 101 77 148 77 170 48 57 55 195 63 15 154 1 163 100 122 78 87 190 103 45 158 69 153 50 125 110 197 175 94 157 117 51 180 40 18 159 86 32 12 121 154 19 121 16 3 120 144 134 157 147 71 37 190 112 133 29 158 49 116 39 19 31 81 57 137 171 39 86 14
198 137 63 109 117 46 147 154 115 194 28 8 116 141 148 73 101 188 93 109 163 197 68 93 184 162 154 111 188 47 189 51 11 130 113 27 120 86 140 180 190 10 133 181 16 128 195 166 73 126 110 10 145 65 39 114 105 193 15 10 30 148 115 179 9 40 113 18 51 134 44 95 81 153 82 133 101 98 80 96 183 132 69 27 134
142 2 124 68 121 2 129 59 14 94 159 95 17 133 105 149 5 200 55 79 196 105 115 58 38 182 195 33 112 197 137 19 77 98 73 4 162 165 53 116 47 62 125 115 102 35 32 111 116 78 112 99 66 165 122 59 186 36 100 113 73 31 51 93 185 58 157 62 0 107 131 97 132 109 0 132 193 57 195 33 193 127 195 37 20
2 189 14 28 69 35 43 149 22 69 183 187 23 29 61 132 45 121 14 0 18 130 78 41 15 200 63 130 101 111 55 118 73 37 153 147 169 25 68 178 92 111 48 129 12 30 22 161 49 183 168 154 200 28 174 121 130 17 130 85 65 57 69 200 108 142 184 15 38 47 174 21 117 119 126 123 99 109 93 83 116 48 47 55 1
20 164 59 39 148 97 82 18 55 145 81 177 10 133 64 73 62 23 97 84 164 91 67 95 66 169 155 59 142 100 96 129 0 97 152 62 104 73 93 105 32 185 81 24 157 11 183 64 120 36 93 14 16 34 66 95 6 195 127 159 181 128 162 194 12 199 46 158 58 38 148 105 69 141 105 9 86 81 143 186 183 93 86 118 76
159 84 95 136 97 100 194 181 63 184 144 114 47 112 152 41 24 72 16 118 72 11 97 189 121 101 71 138 124 176 143 130 101 26 68 160 77 26 140 153 125 34 69 131 8 139 124 68 75 23 15 101 63 144 42 34 184 80 148 167 78 128 180 32 196 198 157 145 157 68 69 26 128 1 66 47 100 31 155 43 130 45 160 187 37
67 39 17 196 148 18 182 61 92 162 186 108 100 63 13 65 97 59 198 100 160 130 177 127 161 94 61 12 1 53 169 62 74 56 180 183 88 25 126 46 15 185 166 110 125 46 47 56 159 27 96 12 106 173 190 77 85 40 182 90 13 167 129 35 99 117 155 72 1 7 193 126 131 153 63 68 67 96 122 37 153 170 133 143 153
182 120 154 128 50 104 173 53 7 80 41 70 109 88 83 53 193 73 100 34 200 89 133 43 8 70 91 64 51 106 180 69 16 6 38 101 149 114 190 150 55 8 47 183 130 34 168 5 10 72 85 66 117 169 69 189 61 125 175 75 59 147 70 134 54 63 98 75 41 12 11 127 156 146 199 77 92 4 26 146 72 113 38 128 190
142 72 53 24 149 32 194 20 139 118 118 38 88 155 109 42 56 55 151 87 170 128 165 93 47 162 54 98 19 155 37 28 108 182 91 165 3 125 126 176 199 185 132 34 9 23 9 192 121 183 21 52 49 40 55 99 95 171 119 1 5 17 195 74 13 77 28 45 28 93 170 26 1 108 126 139 59 75 186 133 95 120 187 198 144
165 126 178 113 67 86 52 21 156 171 118 51 21 143 148 100 43 98 131 22 119 99 51 29 43 42 133 183 33 170 49 79 198 161 25 173 32 178 170 13 8 192 24 50 105 134 196 20 1 26 116 106 107 123 41 47 67 132 27 44 134 108 11 51 31 72 18 117 199 31 104 149 126 76 110 50 152 111 163 119 56 91 65 7 146
110 91 22 15 80 77 166 55 47 40 31 105 104 22 191 142 161 172 138 12 50 182 65 11 92 126 59 161 86 198 4 95 107 160 23 92 15 27 100 46 128 196 126 137 65 17 177 191 40 187 195 38 112 59 56 187 89 192 60 50 106 65 62 100 23 95 12 73 69 34 172 120 53 101 168 9 184 76 87 4 196 161 123 140 88
38 190 139 16 151 6 28 158 41 117 64 171 5 99 118 79 109 55 94 194 8 147 156 102 165 1 112 52 77 154 24 107 1 178 14 131 87 142 74 112 167 111 170 23 44 39 160 145 116 198 187 29 194 127 157 80 56 188 167 24 128 194 105 117 196 20 190 140 185 82 121 102 103 73 106 55 91 72 138 158 80 165 122 171 41
142 165 10 93 96 24 167 85 107 153 182 186 174 184 151 85 177 41 15 2 112 23 45 90 55 0 199 184 94 134 164 13 129 46 156 32 115 14 179 142 60 51 43 148 121 114 29 195 188 198 159 122 17 174 127 131 181 39 131 126 90 38 185 79 12 57 189 60 67 61 135 164 62 166 174 181 11 142 172 8 133 116 106 146 35
154 124 141 154 102 85 19 140 70 77 169 53 150 185 34 164 12 197 160 13 133 196 180 140 44 27 149 102 8 161 191 55 102 124 159 74 155 70 74 91 29 102 149 9 103 44 139 23 37 175 139 37 192 46 8 137 172 158 39 115 56 11 84 81 70 109 110 19 157 124 120 121 124 161 19 177 50 1 0 45 153 60 184 17 103
44 166 155 6 66 181 145 173 163 159 111 195 139 31 153 73 139 115 10 18 113 94 152 199 3 191 8 7 179 68 98 47 51 112 183 135 110 168 43 52 184 138 130 30 104 20 169 96 160 70 197 12 195 146 167 151 136 66 181 104 87 62 120 113 185 26 79 70 71 185 195 57 22 111 72 119 129 13 14 11 87 135 147 121 25
78 126 86 79 30 22 79 85 190 46 43 127 96 41 101 85 125 89 60 193 185 122 177 9 29 161 132 62 33 7 118 58 104 149 51 26 132 96 150 33 66 166 163 112 121 6 0 5 193 64 172 63 7 69 116 124 51 37 72 56 17 158 113 91 82 97 197 91 65 46 20 9 77 51 139 73 197 74 76 58 100 195 103 82 177
125 43 4 84 151 2 10 55 180 102 128 61 54 138 64 143 170 172 164 25 73 188 58 112 102 128 97 124 69 18 26 96 57 78 79 48 198 185 107 57 150 46 66 19 156 113 173 174 176 126 162 74 23 16 129 77 67 97 133 58 70 121 35 66 113 48 43 3 21 39 22 121 69 104 33 8 196 75 26 178 188 135 109 76 44
