78
40 169 130 68 10 150 25 41 107 37 125 78 67 12 2 123 110 39 116 35 40 49 121 4 164 164 68 87 6 88 160 146 34 106 95 90 27 119 64 37 124 123 141 60 47 66 193 19 29 75 12 150 127 102 196 128 15 158 76 89 131 182 87 3 135 152 77 193 110 60 92 28 110 143 142 113 87 101
89 166 122 166 30 127 101 196 198 93 35 47 0 104 168 197 26 173 15 143 45 192 122 92 80 56 167 69 113 120 155 33 152 126 129 36 147 159 139 192 89 118 129 40 55 64 167 116 71 105 83 87 157 55 139 141 171 54 3 14 33 127 142 186 171 16 120 19 57 118 152 29 107 110 72 125 135 82
182 171 146 18 161 140 21 29 10 196 27 4 34 129 189 199 13 166 160 73 15 141 81 75 146 110 40 181 153 62 34 100 125 88 174 194 103 7 8 100 22 31 2 157 186 25 59 57 5 37 180 74 195 17 78 122 67 144 6 194 165 130 84 44 127 110 175 152 45 173 199 90 39 3 198 42 171 48
160 150 197 86 87 18 71 38 126 56 190 34 27 160 112 27 185 193 77 172 64 29 72 18 27 78 139 80 146 39 68 137 106 5 36 187 142 120 176 108 83 96 41 147 148 17 93 41 187 159 130 108 199 90 138 103 189 135 188 25 67 198 130 44 177 152 133 74 5 114 34 106 64 48 25 110 65 77
127 188 59 81 110 25 11 191 69 52 122 18 176 111 173 139 46 38 70 17 190 200 100 148 121 11 58 53 168 160 177 76 110 102 111 92 54 97 182 112 88 103 177 133 38 171 14 120 74 79 46 68 73 191 138 18 90 83 49 121 108 47 28 69 129 181 112 105 77 75 156 66 89 114 55 63 132 55
108 135 137 132 151 60 125 85 54 41 94 14 80 91 57 112 5 94 198 48 179 182 99 117 199 189 103 134 30 3 44 96 62 3 187 119 48 30 196 9 76 176 16 50 119 117 164 108 15 98 69 92 56 14 140 21 200 80 122 126 74 187 178 94 68 144 177 44 189 129 113 136 129 156 178 177 45 25
13 113 163 141 84 0 65 179 79 24 138 84 55 13 193 47 140 48 48 149 24 22 147 33 80 39 135 17 135 197 185 125 98 145 106 130 5 42 30 62 187 74 142 38 60 88 162 5 7 106 35 165 194 99 176 55 71 189 81 11 155 149 190 13 24 65 51 165 37 1 89 36 63 65 105 124 85 170
181 36 38 197 35 102 170 188 64 154 80 155 174 193 187 172 172 60 122 178 126 187 8 122 154 176 137 60 145 111 181 189 119 45 134 157 158 131 127 175 62 90 12 190 89 125 12 194 184 43 20 173 93 127 163 136 85 2 55 198 180 104 116 43 60 166 37 124 8 66 82 86 123 189 60 72 135 163
2 190 144 179 68 60 184 55 58 36 92 140 128 69 17 134 9 110 200 168 129 31 67 40 143 65 94 80 76 48 52 4 130 37 178 159 20 61 49 56 40 186 66 145 47 191 89 0 79 86 109 23 156 189 26 92 79 60 115 59 195 153 200 23 189 187 41 186 150 157 190 176 42 159 130 104 85 42
166 74 22 173 74 106 148 125 112 157 134 6 36 77 150 127 183 58 130 142 0 30 73 17 53 11 182 47 65 20 198 142 79 151 49 33 160 158 135 70 0 141 41 120 36 128 2 12 74 63 11 81 93 113 180 184 162 192 147 23 76 170 71 13 55 105 109 82 126 9 169 103 21 200 42 76 65 146
101 64 184 91 194 52 190 68 118 26 23 149 109 183 58 90 149 87 33 149 37 116 0 111 98 91 151 181 140 148 100 49 186 2 196 17 152 120 107 189 67 141 92 135 74 5 34 14 47 69 31 107 197 154 50 123 86 87 97 54 6 158 143 184 194 132 81 159 195 109 159 197 36 25 100 153 16 31
14 158 191 45 195 28 185 181 101 36 61 58 13 132 85 188 123 160 65 48 43 100 32 58 22 51 129 122 114 65 54 38 170 172 176 62 120 97 66 20 19 169 188 80 190 139 13 165 173 16 109 159 171 117 147 141 100 138 94 27 91 55 137 89 116 136 80 154 74 149 31 61 87 3 103 36 133 126
65 27 194 88 7 173 113 186 152 52 160 100 160 141 105 38 129 188 196 132 105 173 30 19 185 75 55 110 136 56 39 168 166 67 160 143 63 45 1 67 84 144 166 7 43 165 53 78 141 200 167 100 80 3 147 139 71 104 156 176 73 151 60 85 86 149 55 13 83 32 33 30 135 33 162 108 115 87
10 104 23 61 166 20 108 39 11 21 177 73 192 195 48 5 191 171 168 148 46 119 164 66 14 192 31 171 98 114 126 142 99 116 103 40 182 141 40 114 17 190 11 42 16 73 61 69 199 22 169 176 136 183 66 45 51 169 178 126 89 146 69 66 190 153 199 190 15 40 93 122 159 5 164 67 55 12
171 97 41 59 199 199 36 1 63 32 184 122 185 155 195 8 114 42 78 30 164 68 139 60 6 78 43 64 123 100 65 142 156 30 95 38 32 183 149 113 95 17 163 192 156 119 2 30 5 58 58 9 118 128 26 147 199 76 61 37 195 78 174 91 52 117 112 165 185 79 168 120 11 182 96 162 157 96
64 187 110 91 22 173 12 88 189 143 164 176 94 182 97 114 162 144 184 163 197 10 24 171 75 162 81 97 65 177 164 101 95 166 176 92 107 172 182 124 25 133 9 104 113 138 87 191 6 190 162 177 39 54 163 183 44 47 26 198 28 2 118 53 114 188 48 138 189 37 77 170 138 166 179 71 140 124
124 15 68 38 102 166 176 33 61 43 183 192 80 94 180 196 151 74 113 8 16 43 77 134 189 51 6 53 70 93 149 95 40 37 178 33 10 183 144 85 97 161 92 144 77 53 190 175 64 80 181 132 187 166 119 61 165 16 196 38 10 101 47 111 166 3 52 39 173 56 12 80 139 129 197 9 61 68
55 51 68 199 80 144 107 140 135 122 3 37 169 121 141 45 87 29 103 189 13 58 74 58 77 162 71 80 80 107 51 48 132 92 146 49 137 57 160 78 55 188 85 187 95 173 75 159 154 0 200 112 147 151 200 62 54 95 36 38 100 171 138 113 95 132 170 31 191 84 71 12 172 194 26 196 7 200
26 82 58 160 120 98 6 84 27 125 91 61 158 14 134 152 136 163 59 21 72 115 171 28 40 85 90 173 161 169 116 117 72 119 53 130 6 49 24 67 131 10 98 123 180 104 135 191 150 79 66 101 9 4 4 185 74 125 191 103 64 66 96 103 46 113 26 0 107 88 77 45 5 22 163 26 136 71
0 155 61 21 116 140 80 160 145 12 20 30 31 118 64 27 157 146 135 23 150 13 141 79 37 193 142 129 98 102 147 161 180 15 57 149 107 115 0 54 35 124 140 94 78 156 46 8 26 87 147 165 139 175 35 50 1 196 174 30 36 18 46 68 126 73 41 196 65 92 180 114 121 56 78 170 150 32
151 168 8 152 153 82 26 97 59 110 44 159 40 93 37 9 152 34 63 36 143 141 166 113 58 133 145 48 126 69 40 131 42 192 92 28 149 76 93 141 152 170 118 130 110 126 176 88 20 49 52 71 162 164 145 49 161 98 0 66 127 84 165 99 33 33 188 65 21 41 82 15 157 179 161 41 21 125
136 97 106 28 76 124 101 151 52 62 80 177 148 37 171 109 127 168 73 118 143 86 197 139 60 123 120 30 20 197 29 101 200 165 155 18 52 110 41 66 127 108 80 146 91 62 99 197 122 4 80 116 145 142 51 109 176 46 106 118 30 158 109 147 87 190 57 136 151 86 103 60 200 96 40 115 176 72
23 40 34 187 172 119 163 14 128 97 76 156 104 49 86 188 46 30 164 182 149 103 177 55 11 17 151 138 45 113 179 59 92 98 100 65 42 198 161 193 92 69 122 187 70 122 189 76 83 124 93 35 106 91 169 118 142 110 54 183 176 44 23 54 197 109 193 137 0 169 35 63 99 28 194 123 192 2
132 89 47 70 159 86 115 185 168 108 179 112 143 79 28 184 37 165 31 193 48 134 59 15 191 151 43 35 164 135 44 87 94 99 0 99 23 86 26 42 154 15 63 79 132 45 61 178 59 56 36 39 10 89 82 149 97 107 160 96 90 40 132 30 140 78 174 128 49 116 24 151 190 162 136 82 161 127
91 100 9 174 7 44 11 2 62 94 71 176 169 64 48 129 147 88 137 134 114 133 31 143 149 126 171 167 138 144 48 110 159 14 11 34 27 134 31 63 56 178 193 64 80 83 34 196 108 61 111 151 83 58 128 86 168 96 109 130 13 27 190 184 28 183 91 51 103 49 96 42 6 95 113 30 130 136
161 72 117 26 128 141 87 56 125 193 97 120 125 8 147 165 25 138 152 142 68 59 105 69 185 114 174 37 119 195 147 125 64 103 60 113 31 37 68 45 33 190 158 161 33 115 25 68 125 149 44 48 88 121 182 17 0 37 97 77 9 165 80 1 30 53 0 139 15 152 90 103 19 16 175 166 2 140
68 92 73 25 44 169 4 17 57 4 20 73 4 168 13 143 124 62 10 99 112 68 179 39 109 71 180 118 9 181 98 169 178 188 44 179 106 112 7 1 67 133 81 48 22 82 68 15 136 107 0 46 70 178 123 82 150 6 60 112 6 72 130 107 6 102 10 16 152 194 78 109 28 76 83 150 81 60
134 155 103 149 62 135 184 158 188 159 175 116 129 13 72 11 103 175 80 93 34 75 91 21 104 192 189 84 54 27 113 31 86 198 134 85 90 97 184 155 127 99 192 161 30 106 120 6 123 7 32 40 192 35 117 197 175 134 84 48 80 66 63 100 28 174 6 32 5 124 143 79 47 50 151 93 25 36
12 161 40 147 81 59 80 40 143 128 150 31 70 173 136 91 177 126 124 123 174 102 151 116 142 30 50 156 172 66 8 162 38 104 105 48 109 92 105 103 120 99 148 78 145 142 183 170 4 110 75 128 131 87 18 50 165 93 187 197 184 42 51 58 54 161 29 37 168 134 85 84 78 15 172 176 72 42
98 21 120 71 29 48 90 83 184 12 3 55 62 12 138 61 166 83 3 171 55 60 154 108 45 2 134 108 78 6 8 105 192 74 52 77 182 184 39 5 54 100 116 131 158 183 169 68 90 153 63 14 88 3 135 113 43 173 122 96 114 28 35 49 15 67 65 121 32 145 158 108 43 0 103 197 146 51
64 28 200 194 185 142 110 150 7 4 111 182 123 65 86 19 92 34 148 67 195 131 194 49 139 98 66 39 3 156 22 186 15 188 54 26 147 65 152 120 52 12 99 108 126 74 52 87 50 176 191 137 45 21 190 77 70 15 77 85 188 161 67 45 60 10 59 156 2 32 173 91 149 189 138 72 197 136
93 187 177 90 172 70 193 188 32 50 16 169 178 11 8 0 158 84 133 190 168 50 140 87 15 53 40 20 38 148 113 168 70 97 37 124 7 116 102 142 33 99 77 95 6 124 40 26 95 11 200 148 152 111 8 34 32 84 17 70 104 16 35 66 73 87 91 156 137 9 186 139 109 167 30 79 144 53
91 110 125 200 51 77 40 167 14 36 88 75 29 97 170 25 178 27 192 124 200 103 152 140 169 122 12 76 25 149 65 5 19 64 38 138 96 101 150 157 142 73 150 155 137 15 126 39 158 109 199 102 130 53 38 35 112 8 60 32 181 89 14 56 68 148 152 63 81 130 104 47 116 112 153 20 66 121
68 177 121 119 59 199 164 122 56 81 27 138 94 27 181 177 40 100 113 7 78 151 141 76 123 113 178 42 184 75 37 70 45 64 122 130 92 168 182 20 158 54 146 106 157 153 15 28 151 113 112 25 151 122 30 57 74 180 182 60 84 148 30 136 168 104 31 118 183 122 22 144 81 172 26 7 135 128
42 6 26 176 77 67 177 180 188 193 77 127 100 11 24 17 97 3 168 91 12 181 58 133 196 98 118 197 177 183 125 87 102 122 12 112 63 39 17 129 63 179 160 125 17 103 11 108 179 146 113 126 94 131 20 97 171 51 145 197 186 137 56 106 31 41 198 62 175 126 97 76 191 112 136 137 183 200
140 185 117 20 150 159 29 90 146 80 184 73 195 194 185 163 144 19 140 113 114 37 135 31 194 115 194 16 1 155 8 153 96 189 7 4 167 160 90 52 199 28 69 32 6 195 85 129 32 114 35 73 180 145 131 27 154 5 38 30 41 1 135 65 137 177 117 64 11 13 164 196 135 122 123 33 8 103
157 90 31 183 170 34 191 35 49 75 92 14 134 57 140 74 40 51 163 0 135 150 106 90 70 1 55 180 198 99 24 183 159 136 188 125 106 60 69 26 105 37 53 73 51 40 191 186 176 20 128 5 101 136 69 123 94 9 193 184 188 184 21 81 126 31 149 79 76 150 52 43 70 191 57 120 192 70
179 158 10 155 37 166 190 162 100 180 48 76 78 95 147 94 22 22 53 32 59 190 171 142 150 147 88 57 72 68 95 71 54 86 58 167 21 31 150 72 164 120 47 112 33 44 18 138 117 165 77 102 120 160 139 112 99 153 84 89 32 120 159 157 160 86 158 119 125 53 142 51 192 200 114 28 33 61
7 68 75 99 150 153 45 161 60 130 115 116 30 21 62 194 67 193 54 75 92 180 91 31 66 72 78 31 130 9 89 100 143 170 141 52 65 101 126 38 99 50 103 95 120 66 78 182 20 5 61 28 123 119 134 3 117 134 48 4 171 146 37 28 154 47 90 91 57 21 67 129 84 41 36 5 154 102
83 27 192 78 128 119 31 114 77 53 54 93 132 196 18 29 194 80 54 96 20 166 192 64 16 5 157 38 126 18 177 45 164 82 77 170 2 180 192 128 136 92 85 110 198 138 189 90 149 21 111 20 45 10 11 179 142 119 145 183 135 131 12 25 199 90 38 191 148 152 136 82 197 164 171 156 139 176
47 180 176 24 36 17 96 27 159 50 55 164 6 199 4 113 146 98 4 184 23 195 124 106 107 157 59 88 124 44 158 36 129 135 22 17 97 36 66 81 152 33 35 178 19 142 84 153 173 17 43 151 30 110 87 66 99 191 120 8 71 173 70 76 162 46 26 74 152 174 107 172 50 116 168 154 47 37
17 190 86 35 85 36 3 98 152 49 97 147 192 77 157 33 132 46 20 125 6 170 45 69 79 176 22 120 88 184 22 142 34 121 160 133 179 183 39 48 100 197 155 27 78 197 26 145 120 79 69 129 157 38 88 195 75 23 54 173 46 94 56 57 109 170 181 40 187 83 126 60 76 184 99 64 77 7
147 119 192 141 136 98 176 185 165 104 57 161 43 94 152 30 122 199 44 186 136 136 110 192 63 64 24 32 114 81 171 64 62 167 90 21 115 84 77 84 141 16 112 21 7 120 54 193 163 54 151 172 143 36 61 47 28 182 100 20 17 54 20 154 36 67 33 177 53 60 107 168 161 196 144 159 112 4
29 140 91 180 101 113 128 194 162 170 143 57 28 1 57 8 62 152 155 82 81 0 159 9 27 1 66 48 17 44 41 111 148 9 50 175 176 163 63 134 69 154 172 125 122 31 77 151 38 168 140 104 182 113 62 136 57 198 180 68 117 104 13 5 198 15 169 88 164 95 119 55 38 66 172 194 138 98
69 168 150 5 169 81 197 25 113 173 150 47 142 177 12 115 4 9 4 198 24 80 63 191 37 65 148 65 39 198 158 85 116 173 173 177 138 100 174 93 181 23 183 108 73 112 46 108 60 14 156 176 101 15 124 161 25 60 28 156 84 121 146 136 118 79 94 1 94 94 97 11 182 6 94 142 54 131
133 105 54 94 16 74 41 66 162 73 85 2 38 55 36 191 157 157 196 25 39 70 178 68 138 197 136 75 68 193 71 178 46 81 66 197 141 18 40 98 187 14 179 113 164 89 45 46 188 15 82 26 72 93 172 114 68 37 70 108 101 137 119 4 11 87 105 57 88 160 10 88 18 59 198 184 42 69
177 32 69 138 137 49 166 159 70 151 168 152 140 134 145 135 99 44 187 0 90 58 132 80 189 53 172 54 191 31 110 129 94 13 10 93 28 40 59 186 136 197 52 169 100 84 31 57 91 42 48 176 101 155 109 184 100 55 197 70 112 69 172 199 33 34 62 16 15 197 172 186 49 36 73 173 132 113
130 14 119 147 81 170 164 191 104 127 35 2 107 197 140 102 119 3 166 52 48 84 70 57 153 169 194 174 73 161 113 64 50 66 94 92 174 92 98 108 163 174 188 131 14 24 129 92 46 180 16 4 139 168 72 158 120 165 154 23 144 82 40 31 87 176 128 170 24 196 165 99 129 150 157 137 181 22
132 26 70 58 92 153 111 30 145 90 166 144 181 146 141 142 29 138 73 164 129 29 2 97 159 98 185 136 50 162 32 28 172 127 112 2 17 116 72 75 88 7 136 178 156 10 187 172 1 184 22 60 142 154 187 27 33 50 150 134 173 15 95 60 44 130 4 111 2 130 50 102 200 186 0 108 157 103
100 33 7 194 106 51 20 64 195 172 71 66 69 189 183 58 11 29 150 85 161 134 110 154 122 62 146 24 198 126 180 58 143 92 62 22 168 197 148 22 71 188 98 98 170 12 200 34 61 130 162 56 150 22 40 120 41 22 14 188 37 138 15 30 55 104 40 195 102 70 166 1 105 22 134 185 158 153
61 121 101 38 82 6 125 23 189 120 142 105 143 29 169 134 179 135 150 112 40 6 17 142 72 34 85 42 35 80 106 89 22 131 25 130 50 50 124 6 64 135 103 15 56 161 85 154 66 111 164 171 103 75 52 181 139 84 101 74 102 78 27 116 129 84 61 155 155 160 33 164 40 115 172 75 96 31
131 35 89 64 159 124 111 6 175 118 114 197 93 77 179 136 114 13 73 95 20 59 163 21 180 182 6 99 120 137 84 193 11 109 178 104 147 113 188 88 51 2 45 188 114 32 79 64 42 80 161 99 116 76 98 165 114 94 10 97 157 159 186 174 174 38 139 129 174 77 117 185 188 89 167 171 0 197
85 139 104 124 101 165 158 25 113 171 13 11 57 134 195 45 101 107 176 83 118 24 24 111 147 39 138 65 171 114 45 18 124 59 111 75 49 38 41 122 66 49 105 199 29 197 70 8 108 190 113 70 157 111 136 125 79 186 33 146 171 152 118 157 109 149 137 96 14 176 86 108 97 116 171 26 21 178
100 50 146 78 17 79 188 163 166 76 160 125 130 164 199 23 109 150 77 107 37 3 78 11 94 88 200 126 75 159 35 153 179 48 17 191 19 156 19 57 180 111 173 35 53 133 166 103 50 114 104 64 155 141 62 171 26 21 129 108 54 90 194 35 93 44 196 61 159 147 163 0 18 102 172 88 174 79
137 157 142 93 122 53 37 150 36 189 52 81 172 113 96 43 72 41 171 119 155 67 127 117 200 98 76 13 180 130 110 54 188 68 17 153 104 7 190 118 39 93 43 68 177 9 127 42 184 121 101 151 190 171 77 132 160 24 40 117 57 132 174 191 152 47 152 33 83 51 164 94 179 153 167 183 170 97
158 186 177 98 144 111 191 110 167 160 106 140 93 54 137 84 131 61 158 20 117 118 66 129 12 193 146 122 50 142 20 131 70 192 147 121 167 4 53 64 74 67 91 102 199 71 143 176 60 87 66 175 174 145 59 110 30 100 120 4 80 180 108 94 91 70 12 165 64 68 94 138 63 81 111 17 139 164
115 94 51 13 120 55 115 14 69 12 148 195 110 20 179 164 89 104 192 184 183 124 120 51 115 147 124 184 3 68 182 14 110 37 62 9 21 48 181 169 7 95 11 50 93 183 166 110 0 169 153 64 120 122 30 71 191 110 156 135 188 156 111 78 13 8 104 149 69 28 7 51 101 155 199 48 62 189
187 172 90 57 88 21 81 44 42 72 180 83 165 33 163 172 150 172 115 196 97 149 129 71 183 59 29 31 49 76 116 61 147 80 91 11 35 20 181 69 197 2 178 137 83 72 71 128 18 180 56 91 92 40 33 77 170 113 47 20 136 156 132 172 189 3 199 197 138 50 78 80 9 150 162 132 59 11
168 193 169 156 150 41 57 52 66 7 39 153 71 77 77 53 22 75 133 21 163 67 109 69 135 150 167 101 39 7 4 144 18 43 175 73 3 140 36 67 109 78 149 129 12 67 187 148 27 135 140 29 67 107 22 10 162 53 166 198 200 178 40 140 66 21 4 174 10 28 192 42 174 73 42 33 41 89
146 109 121 0 23 61 8 2 84 186 185 39 2 5 16 127 82 51 134 48 53 5 22 108 24 51 41 54 59 139 151 36 142 9 166 143 146 18 189 198 108 152 171 180 91 152 38 133 126 23 30 115 77 194 128 156 72 42 15 180 187 113 56 158 161 59 126 82 108 1 14 19 183 97 173 64 0 174
45 114 176 51 157 54 193 172 95 68 141 115 178 52 33 77 3 128 42 16 161 48 188 31 137 187 16 47 148 178 153 144 138 135 126 156 134 169 94 86 190 160 25 99 176 67 139 146 27 35 196 54 116 80 146 187 35 70 99 118 45 180 55 16 0 83 147 126 28 10 143 3 173 56 38 82 85 84
53 67 54 79 131 200 118 182 151 82 76 194 179 87 32 187 28 142 22 8 132 109 192 25 127 64 54 101 135 9 81 163 149 141 58 167 90 80 169 91 1 34 10 60 136 139 31 59 143 109 196 6 78 110 5 141 43 154 29 25 84 167 180 162 195 60 73 176 107 81 43 18 175 125 62 107 99 67
11 157 188 199 59 164 29 17 61 26 49 32 41 179 197 106 20 14 78 140 195 118 53 24 178 74 113 165 55 17 28 143 53 43 183 73 76 109 98 129 147 168 70 105 12 129 179 106 5 97 160 141 157 60 94 69 148 61 174 36 48 52 76 156 80 6 184 76 126 119 141 58 167 155 111 102 164 103
53 48 72 183 49 104 137 46 85 31 101 136 46 192 94 55 200 98 121 59 177 104 107 16 4 119 95 94 29 28 135 147 23 120 38 104 193 125 71 10 55 171 140 105 126 185 136 70 197 16 199 19 107 1 123 85 194 76 102 61 179 94 125 11 54 118 27 149 195 45 199 158 105 85 76 42 170 22
161 109 93 35 88 145 96 105 66 122 28 145 189 38 36 5 114 129 99 163 168 185 153 168 53 200 145 175 76 61 175 28 22 76 53 39 156 88 95 83 51 47 159 153 113 31 141 65 13 171 91 32 116 114 13 146 50 200 114 12 179 170 147 193 117 39 187 178 45 3 153 1 158 147 191 175 8 185
132 123 92 37 106 120 158 138 34 167 50 4 106 7 114 40 90 198 111 2 57 46 57 44 44 137 178 48 109 23 69 59 173 200 161 17 85 173 4 27 119 19 24 35 193 124 169 176 196 27 76 85 186 152 12 92 84 196 75 158 43 89 129 89 144 162 44 37 143 31 125 58 79 123 164 8 8 144
32 69 35 12 117 52 93 75 122 96 191 21 53 45 200 120 100 33 153 76 14 38 29 74 98 26 192 7 39 76 199 185 101 163 59 66 173 50 52 60 37 13 122 114 86 132 37 164 168 27 160 127 179 12 12 118 15 149 62 56 28 107 155 20 63 148 120 26 75 178 178 190 142 172 107 175 139 181
98 18 61 13 22 7 111 52 191 99 188 107 76 26 185 160 148 87 67 182 177 94 1 42 24 92 100 50 30 165 32 105 163 95 13 93 150 181 73 26 78 121 105 10 61 79 140 28 160 75 159 7 24 30 107 152 148 95 7 22 162 125 121 19 17 30 161 27 131 52 150 147 75 188 104 10 9 1
135 160 110 106 100 88 165 126 80 149 175 198 111 143 35 114 10 160 85 152 134 135 36 179 152 0 70 102 198 161 23 22 183 119 197 34 114 146 199 60 45 111 200 61 198 9 146 51 183 82 135 177 153 160 99 104 121 63 86 107 65 169 69 120 48 149 132 123 179 38 25 130 7 156 180 58 49 119
194 176 59 163 139 127 190 114 190 42 70 144 179 142 71 132 44 109 144 68 90 43 60 69 197 14 195 135 149 120 44 137 65 192 119 125 34 154 71 174 82 12 8 197 43 60 167 114 134 80 40 106 14 179 20 26 114 4 11 17 65 143 42 27 130 44 43 176 199 100 125 97 164 74 165 75 188 181
20 42 74 173 56 172 100 119 137 199 112 73 119 42 186 54 119 116 43 151 34 67 19 154 164 106 40 17 43 179 165 49 162 87 125 191 106 104 70 46 77 116 101 42 113 109 180 173 138 114 118 125 192 40 171 115 39 102 75 72 6 163 187 51 118 48 134 168 36 75 19 83 73 174 179 129 176 164
96 194 12 79 134 36 57 200 4 28 186 65 180 70 14 148 148 106 158 196 31 190 150 103 121 3 147 194 197 123 71 21 155 2 97 154 118 148 55 191 170 9 173 97 168 10 62 86 85 62 174 189 128 88 103 199 179 1 38 158 58 46 198 9 183 35 170 107 199 11 189 124 47 153 132 150 133 22
102 116 150 55 56 32 152 132 166 115 48 191 43 158 128 53 70 32 174 167 19 177 150 30 50 99 28 193 30 36 119 173 79 77 41 54 170 133 12 135 199 147 2 25 24 20 78 100 68 112 86 161 0 45 6 94 196 126 11 37 108 5 1 63 186 93 193 84 110 59 46 58 86 92 4 8 15 18
123 24 75 192 57 162 62 160 142 72 110 170 145 99 9 61 9 6 75 0 157 89 195 54 175 61 59 59 80 70 103 138 108 57 49 1 11 192 50 31 66 93 109 162 151 57 58 180 176 55 118 143 194 160 2 84 63 32 173 82 38 53 97 152 76 21 134 178 191 44 51 199 195 200 71 36 28 115
168 180 169 53 63 191 25 104 70 96 83 72 193 70 58 148 157 166 77 191 180 182 116 109 133 192 25 111 37 36 160 3 25 57 15 143 200 2 151 176 24 110 79 199 73 88 172 153 115 152 123 67 137 166 2 15 84 25 157 62 154 80 102 17 58 111 58 93 98 58 167 15 128 99 85 191 122 191
163 23 72 22 178 56 118 22 45 199 6 53 157 171 101 99 54 37 183 59 40 69 95 194 172 78 43 116 119 59 182 137 129 78 86 6 198 123 187 140 72 4 120 86 158 169 88 58 88 89 35 90 175 87 21 81 100 8 94 175 91 92 67 200 91 58 170 141 37 71 123 29 104 100 111 66 110 7
6 162 55 66 120 24 77 129 115 49 99 59 83 132 108 45 92 80 145 125 106 3 106 186 137 61 23 63 140 146 43 164 74 165 150 106 22 17 187 152 194 160 161 146 40 111 0 73 141 98 153 107 172 178 26 8 5 137 3 77 187 52 4 114 173 174 53 18 180 194 191 122 117 27 140 53 79 164
7 93 33 89 88 81 2 42 91 55 137 96 36 116 157 123 73 90 11 29 10 173 160 120 36 18 179 79 23 12 94 17 0 126 14 135 119 79 73 136 37 31 86 174 58 7 11 120 191 61 18 122 31 44 118 172 135 109 1 84 27 114 87 46 52 114 3 73 33 10 67 70 161 181 186 112 71 17
