54
29 13 43 59 72 14 8 180 105 27 16 69 41 174 28 193 59 134 174 70 125 87 44 2 199 151 68 81 58 1 124 33 47 143 56 64 90 59 87 168 172 44 115 136 99 165 58 85 7 138 175 32 179 16
60 94 26 131 28 34 35 155 54 66 50 188 150 144 64 84 129 199 68 70 132 36 78 67 3 3 35 132 64 146 197 20 55 95 35 197 130 56 16 93 154 5 136 118 23 160 174 43 108 138 137 50 143 99
64 59 9 123 167 54 1 94 70 189 147 154 127 38 155 125 85 56 9 163 116 46 63 143 188 28 133 110 148 146 34 65 200 41 122 134 92 149 1 146 153 43 4 61 4 56 135 185 42 164 164 46 36 93
15 119 32 182 181 143 45 154 102 85 163 29 137 121 1 157 95 129 147 98 171 93 69 105 89 118 99 170 129 75 198 81 129 126 30 89 117 145 97 69 190 46 149 104 166 184 58 98 197 176 119 120 24 11
62 18 127 102 122 68 115 177 99 199 84 64 199 177 63 70 189 182 74 152 193 146 115 177 166 116 17 108 110 36 52 140 128 185 165 96 67 53 23 145 76 189 163 67 120 46 57 90 97 94 68 151 8 56
189 164 10 35 126 123 152 150 191 70 3 66 11 30 73 172 148 129 100 72 45 183 166 123 103 86 13 147 119 18 179 88 111 141 27 87 115 134 50 60 196 22 176 138 117 30 125 111 154 120 157 114 185 4
107 108 35 10 121 88 64 73 46 19 185 62 24 198 172 46 102 68 178 44 94 27 25 80 6 167 142 139 151 66 26 126 43 170 78 72 66 137 137 70 59 7 12 171 198 190 110 154 43 140 81 71 172 176
107 115 161 33 153 60 166 75 175 182 123 73 57 148 153 93 64 126 155 189 183 26 186 84 192 42 6 14 34 183 175 190 119 133 49 160 4 115 130 81 155 32 2 3 100 32 100 19 28 48 1 157 89 25
113 78 16 85 22 153 185 53 189 122 189 127 197 14 14 180 108 28 1 72 191 11 39 76 61 172 10 185 42 3 36 192 25 161 92 100 175 108 89 127 59 148 17 145 96 6 6 28 122 96 2 69 173 149
31 123 21 90 46 141 160 4 78 116 19 160 188 26 156 44 3 29 15 52 70 192 158 116 27 6 154 70 153 177 135 147 44 82 137 82 140 59 85 21 88 11 94 0 57 80 78 167 57 107 194 135 197 86
90 176 144 138 103 191 94 157 153 185 55 165 159 188 101 162 64 44 89 136 187 110 92 91 199 98 122 3 42 152 136 61 80 132 27 109 119 116 200 8 99 72 51 65 193 59 80 157 5 110 1 58 80 125
78 36 198 28 144 48 69 16 52 85 152 96 7 104 182 112 137 0 90 7 172 8 24 30 53 90 50 65 37 140 16 101 59 103 79 137 23 182 81 142 166 79 79 30 91 20 58 181 32 167 41 16 76 87
176 197 169 110 43 31 27 65 153 198 70 57 15 35 8 149 140 100 128 104 46 9 174 177 119 133 51 186 56 96 120 94 66 155 44 7 20 51 154 150 51 180 38 20 115 88 123 7 174 81 57 1 9 91
110 100 35 175 81 96 3 132 68 127 76 196 38 188 94 24 148 4 61 42 103 125 119 65 79 108 4 123 42 196 58 103 122 31 75 78 152 184 151 195 4 169 8 32 171 157 77 40 77 107 65 194 123 68
26 70 68 67 189 137 0 146 72 39 57 96 182 155 23 149 156 173 187 114 56 18 82 13 27 175 28 48 153 9 151 17 86 99 20 108 46 168 80 135 93 143 187 88 7 102 175 6 112 147 51 168 148 139
151 34 148 52 13 152 124 171 34 84 166 125 67 171 146 25 63 144 2 82 165 117 111 62 192 15 16 199 61 9 153 16 60 167 111 16 49 133 1 69 133 139 198 184 41 172 61 176 131 131 49 2 155 53
170 30 92 83 46 139 146 42 66 172 88 99 92 93 188 106 48 66 1 188 176 193 174 159 176 192 196 0 71 36 60 10 181 45 121 78 93 74 134 0 200 90 0 56 137 31 67 193 142 19 199 70 52 69
128 105 25 126 129 133 76 32 71 25 119 10 5 62 163 55 24 137 120 110 30 192 45 58 2 5 49 107 68 5 167 154 114 38 43 135 141 83 47 78 172 157 63 117 95 199 72 46 47 138 17 58 176 51
94 124 100 150 148 94 25 73 37 46 151 124 150 179 121 134 106 179 30 151 10 151 14 155 172 1 153 191 85 147 175 197 23 96 117 105 49 111 188 18 39 184 74 117 123 90 103 140 131 59 19 164 96 57
97 99 199 98 12 56 158 110 193 106 47 164 90 58 118 150 47 153 153 32 57 14 21 28 179 177 105 48 159 30 17 53 200 100 75 150 127 195 192 187 63 112 182 65 58 16 119 61 152 127 26 65 186 92
66 166 63 69 141 158 109 162 198 152 157 121 175 97 78 20 116 79 151 64 182 56 88 167 199 55 34 157 18 27 1 195 127 134 81 76 11 64 147 197 83 21 43 84 182 149 108 45 119 61 71 134 93 163
199 98 129 155 73 189 49 106 198 178 84 122 139 198 184 11 192 171 183 163 188 83 101 156 178 37 183 148 200 159 164 123 27 50 109 176 30 75 120 155 89 10 117 116 56 166 166 100 16 96 69 173 10 60
62 42 71 57 51 182 40 70 65 114 109 72 163 63 83 88 66 37 193 169 103 35 138 140 116 109 52 104 161 165 109 138 163 151 189 173 168 31 176 190 121 132 160 35 86 34 176 176 60 35 36 127 47 68
23 44 128 121 157 18 6 120 30 166 81 170 90 14 114 45 87 120 198 24 100 13 38 31 160 191 169 111 110 52 199 151 111 98 100 130 88 30 155 40 200 25 164 26 155 178 119 177 20 49 91 73 41 131
45 156 126 164 4 80 158 0 171 154 184 101 64 117 188 125 2 192 63 66 187 87 77 198 92 147 94 58 196 198 40 49 179 147 67 194 144 108 125 10 81 61 5 56 68 56 110 144 47 118 116 46 136 195
61 82 19 67 173 60 102 162 106 64 96 111 136 115 137 13 47 111 40 160 173 125 7 141 153 35 144 24 61 188 182 40 142 125 157 146 71 99 42 8 186 141 38 147 106 157 85 165 124 46 69 172 170 158
93 157 195 116 22 68 154 128 192 11 30 113 15 100 19 84 36 56 11 19 172 99 169 71 123 10 62 126 94 164 61 9 59 68 31 148 25 30 167 174 92 134 98 181 46 33 59 41 30 14 59 1 153 143
99 197 59 143 50 98 193 71 112 67 80 30 107 142 34 65 82 177 65 112 137 71 67 60 179 82 18 107 66 168 16 190 142 87 74 59 122 135 21 84 191 193 95 14 162 29 162 145 124 180 62 150 164 156
175 58 102 122 156 117 189 153 173 117 21 4 58 136 137 15 21 141 192 143 78 183 171 40 95 137 152 97 63 55 167 138 101 147 112 11 58 133 185 123 52 53 70 189 66 19 96 9 145 3 10 83 157 97
41 34 27 30 176 82 164 110 0 81 163 175 48 1 43 194 128 108 88 143 91 107 172 179 48 191 173 74 24 138 163 170 30 85 102 102 86 138 188 46 106 107 105 67 187 38 107 126 26 63 134 9 140 2
66 163 148 126 126 81 188 5 92 84 67 154 133 111 96 164 39 115 169 109 173 65 126 58 169 121 170 105 55 136 148 200 172 63 147 104 70 183 45 90 143 22 25 106 160 37 58 196 148 49 97 153 147 193
141 141 160 171 69 136 184 59 129 148 12 190 163 172 179 153 71 75 105 67 146 125 46 23 91 90 153 104 0 87 96 21 57 1 19 81 147 183 180 20 48 102 15 57 165 45 128 193 153 117 159 73 156 26
189 46 93 176 187 72 3 16 73 69 189 2 52 180 83 130 165 127 27 145 118 132 20 161 70 56 76 98 153 149 5 128 86 127 14 24 141 27 169 37 131 39 102 161 2 100 120 170 89 19 22 90 98 167
35 50 179 155 31 113 72 73 25 139 177 191 43 134 25 153 193 125 25 20 195 98 94 119 173 183 196 29 172 100 89 137 1 61 119 59 167 135 188 13 75 179 55 163 79 98 99 16 151 52 46 22 129 6
93 134 15 25 172 184 22 163 91 38 141 136 78 99 169 37 101 9 196 7 149 96 167 124 95 90 95 67 152 187 109 9 157 64 57 26 69 89 131 11 96 52 193 69 130 34 109 128 111 108 46 66 43 15
90 24 82 182 165 182 22 16 181 170 153 12 9 135 68 4 93 137 114 26 5 69 46 118 97 185 143 64 121 53 77 176 57 46 158 164 75 181 118 163 56 9 117 141 59 133 6 12 40 121 156 81 56 130
160 119 83 96 102 16 102 20 30 74 124 127 142 83 31 170 155 76 188 31 88 31 59 61 132 19 195 117 147 63 171 15 105 50 158 34 117 39 195 67 157 80 78 99 170 61 72 86 162 106 69 142 43 91
85 20 172 72 162 13 153 123 47 31 125 133 167 19 146 113 195 197 16 17 54 37 152 12 104 195 8 29 184 75 3 38 77 197 123 10 7 34 39 166 71 112 3 91 125 76 112 34 148 162 98 100 23 85
154 23 31 28 49 59 17 124 87 139 181 151 147 175 122 71 88 131 11 98 200 170 140 150 114 89 70 80 199 139 107 190 129 73 189 179 9 176 51 38 144 79 61 193 187 114 153 187 38 150 194 157 13 23
173 150 49 2 92 139 124 98 29 177 163 159 83 24 185 175 145 36 166 24 34 167 70 186 91 46 142 100 40 5 41 149 28 143 84 173 59 122 31 94 29 115 183 146 29 116 133 15 100 170 41 99 77 155
70 80 14 5 126 160 121 24 87 154 7 79 39 175 158 118 110 106 164 156 169 67 48 98 115 5 18 34 57 169 61 90 65 77 78 174 170 177 125 102 198 68 194 72 192 182 61 145 110 97 149 55 80 40
122 124 112 132 151 144 187 120 30 37 64 81 104 178 33 60 108 35 58 66 131 166 7 184 118 40 134 199 48 98 19 3 40 51 94 140 67 169 116 54 17 29 34 177 14 51 181 181 31 147 106 95 22 192
174 41 192 130 54 56 4 10 11 27 9 129 176 23 110 45 77 74 101 81 197 167 139 94 78 16 53 100 56 42 135 198 173 10 108 156 132 70 193 22 182 29 103 98 79 185 126 158 89 127 79 102 33 198
158 15 91 15 107 181 39 86 73 49 0 69 51 133 190 127 27 92 42 11 115 103 138 136 191 169 69 103 37 20 98 81 42 10 33 126 90 161 19 13 49 12 38 125 80 157 107 98 66 62 59 105 1 6
178 53 172 3 24 66 140 112 178 137 185 12 179 49 19 3 116 63 98 43 126 12 24 62 56 19 188 186 58 106 56 40 111 50 74 30 90 54 131 47 73 136 5 138 178 200 137 148 173 18 33 184 39 197
50 199 43 155 173 88 98 171 119 170 78 44 161 51 153 2 57 17 21 19 105 13 38 183 48 158 19 142 15 197 36 176 96 145 53 197 163 159 17 120 17 164 163 145 148 119 140 54 8 181 160 24 46 67
153 69 155 109 32 25 161 121 198 148 47 17 154 121 5 100 157 51 124 22 131 89 149 55 37 164 10 9 11 196 33 120 192 125 153 166 74 90 15 72 78 78 37 15 98 71 60 43 46 180 77 97 97 168
121 50 69 69 178 108 90 28 49 100 59 8 157 51 124 86 200 44 70 19 101 175 107 190 180 177 29 82 128 188 72 80 30 31 44 93 111 108 174 100 192 28 146 44 40 100 50 130 113 152 75 182 97 143
5 158 3 156 92 96 195 140 70 200 112 98 115 152 90 137 81 79 179 132 23 154 117 68 122 63 39 62 171 194 109 48 184 127 28 72 103 0 108 186 63 31 144 130 150 140 48 21 163 103 111 38 169 39
64 170 81 170 193 200 157 163 160 111 167 80 61 37 11 161 186 115 187 140 27 2 11 190 5 76 45 142 93 172 28 117 31 114 60 43 50 98 180 163 67 97 79 16 74 57 133 192 143 55 14 100 164 95
129 128 4 35 112 12 99 91 154 95 35 2 115 62 101 25 159 87 3 90 93 17 175 136 175 32 174 159 16 170 133 180 84 189 185 172 18 11 18 61 117 28 192 18 176 168 59 49 178 40 180 81 145 130
28 174 60 62 129 107 134 7 176 55 45 89 103 11 37 51 31 125 184 93 111 117 169 134 102 80 2 19 112 177 20 177 187 104 145 131 151 115 171 171 156 180 57 100 72 144 123 124 164 78 91 37 120 103
89 71 99 165 74 47 90 199 40 135 94 50 44 15 185 16 37 51 109 59 99 44 77 69 36 25 114 169 4 197 83 157 135 118 56 105 97 86 181 154 12 12 190 158 70 90 149 11 10 62 136 11 109 153
134 69 70 56 70 77 42 100 199 143 195 62 123 60 17 143 141 95 111 158 70 99 135 38 113 151 179 51 13 178 133 136 124 155 179 108 118 34 171 135 11 7 79 6 152 144 198 22 118 73 159 45 57 46
