22
103 178 139 187 167 149 13 189 137 153 107 174 135 185 50 29 72 35 107 54 62 34
190 78 4 129 51 63 117 180 75 117 30 158 74 1 200 56 32 22 1 171 183 113
27 67 188 125 75 23 51 141 45 175 169 142 108 74 138 158 82 65 145 159 115 134
122 127 136 159 26 170 86 38 137 175 80 103 186 199 156 156 164 199 95 184 94 154
146 50 37 196 15 102 37 95 128 193 35 167 54 158 86 22 34 0 174 73 194 118
173 128 111 65 138 139 89 165 102 147 64 47 11 17 80 47 51 69 56 19 43 94
138 195 113 29 67 148 157 85 189 3 44 144 142 176 164 155 9 30 14 46 110 71
79 53 163 144 163 144 147 46 161 192 161 33 14 174 102 142 161 179 21 95 30 50
79 195 169 39 158 154 97 26 103 87 180 155 121 70 192 200 141 149 124 29 170 128
145 27 59 117 195 125 20 177 140 104 71 25 6 14 115 0 52 164 27 96 124 28
6 64 128 83 132 64 108 111 98 13 105 181 52 124 127 11 141 60 10 185 19 54
40 182 164 141 116 197 95 47 164 78 106 157 2 57 135 169 106 126 145 122 172 159
33 141 151 93 157 119 11 26 36 107 130 84 154 92 193 123 32 55 53 113 65 109
169 184 151 174 190 155 143 55 84 105 11 186 189 53 128 141 184 66 120 35 115 5
93 151 130 145 62 197 61 103 155 9 29 88 120 193 147 26 35 161 11 117 44 105
192 53 17 62 142 194 143 180 92 108 90 191 97 65 174 53 57 18 96 45 107 80
178 62 106 82 158 128 2 180 8 110 73 148 128 17 13 49 87 9 130 89 120 47
157 182 148 160 137 38 174 100 137 123 167 17 67 157 186 192 130 90 97 33 113 74
150 158 33 44 183 73 45 110 136 63 11 168 67 41 90 185 47 122 0 33 189 104
129 180 127 98 55 111 47 19 34 1 104 142 195 198 155 182 93 154 10 129 54 131
33 93 132 31 127 184 18 55 76 146 77 96 192 148 143 197 59 0 122 199 76 31
81 169 21 134 30 183 168 77 28 91 188 20 61 139 59 100 142 160 109 87 196 83
