93
4 141 188 93 5 164 103 90 58 87 45 113 78 161 161 123 165 136 48 42 191 121 117 145 186 11 126 19 67 11 131 166 34 22 22 126 178 18 57 160 180 23 64 9 151 48 99 161 37 134 106 137 199 109 110 36 32 160 33 193 82 88 102 4 153 94 184 21 186 81 147 23 0 94 83 28 184 145 37 186 37 43 23 118 64 109 75 165 166 73 114 190 52
170 93 64 5 63 160 111 113 111 45 14 23 28 58 139 27 140 60 27 4 159 182 10 126 133 0 88 147 27 110 148 77 111 12 167 101 28 123 62 130 21 189 65 15 192 41 29 117 54 52 197 77 172 0 79 1 102 46 146 118 170 58 171 166 40 185 82 23 84 4 33 123 19 199 188 140 2 73 11 141 70 174 135 21 4 180 142 89 199 186 86 47 74
112 173 148 120 186 180 60 169 42 19 68 39 110 3 82 128 7 52 121 174 175 155 153 67 115 142 67 38 161 90 14 141 196 159 62 153 70 33 181 152 159 13 16 25 6 118 142 64 110 159 132 45 62 128 33 186 35 144 177 51 56 151 42 92 141 43 171 131 162 40 127 85 33 45 178 152 190 25 124 29 38 3 70 14 101 75 83 24 153 103 24 79 166
174 139 22 122 159 160 144 61 106 194 42 55 165 60 53 89 170 166 124 52 154 14 13 129 82 142 154 148 193 194 71 64 184 131 188 67 85 105 5 11 164 169 184 153 43 94 35 114 3 86 73 134 146 108 118 134 81 169 163 175 53 136 143 50 39 163 70 150 90 44 72 200 111 154 71 40 43 28 91 153 103 38 30 134 93 131 102 173 48 73 137 4 75
125 89 81 116 180 183 78 38 144 195 196 131 60 138 121 171 6 46 113 78 91 149 171 67 125 106 72 83 198 42 13 195 141 193 52 167 91 91 93 77 183 109 104 4 167 126 150 87 200 14 177 75 112 69 32 75 6 75 169 189 35 180 27 149 13 60 121 38 171 104 153 144 92 191 30 169 188 141 45 9 82 147 185 90 75 24 33 84 69 62 189 105 114
18 176 103 84 121 152 80 89 56 130 87 102 158 192 133 161 104 14 3 17 39 145 81 6 18 116 38 98 62 64 10 160 20 171 190 35 20 73 122 60 60 123 167 178 176 79 176 86 28 144 37 105 24 174 151 72 59 45 76 193 168 161 89 152 2 124 19 70 127 44 38 136 23 59 84 155 169 122 141 107 75 83 137 198 182 58 184 60 20 77 54 28 73
187 34 5 157 156 128 29 126 34 179 63 3 87 147 75 66 115 84 170 146 132 165 10 108 0 42 141 124 189 169 10 134 5 14 104 172 47 25 82 19 8 119 33 12 45 65 48 118 154 116 139 37 116 134 138 179 5 95 126 90 167 74 197 28 165 150 147 59 86 113 5 51 21 115 35 64 151 32 58 53 163 35 5 37 13 36 39 176 118 62 130 83 166
23 55 86 115 128 195 176 118 61 105 30 193 7 45 189 90 165 90 21 121 73 156 191 184 120 2 46 92 169 88 5 32 51 24 60 120 162 149 45 21 155 192 19 198 161 171 93 195 24 22 59 193 67 73 132 143 108 161 8 186 131 127 85 23 101 194 154 115 121 20 5 185 159 68 21 178 162 95 32 1 152 45 65 148 150 67 187 98 165 34 146 149 129
76 165 110 146 49 70 166 127 55 149 145 133 98 128 58 146 63 83 197 166 104 81 5 93 1 39 38 169 192 140 20 49 144 108 53 176 113 137 103 121 37 101 88 109 157 166 92 39 41 9 56 90 135 130 121 64 116 178 43 162 16 144 27 122 200 162 76 78 27 42 186 60 146 85 8 144 184 20 139 132 187 7 190 74 166 59 27 167 60 8 14 56 165
126 61 142 186 97 136 89 47 108 31 80 4 166 168 35 148 54 126 64 144 130 42 86 157 42 170 66 38 81 158 27 66 162 185 81 156 86 98 193 156 191 20 69 150 166 36 146 196 42 164 111 83 126 131 172 20 109 51 119 21 76 108 200 77 13 67 32 186 50 55 104 22 36 127 165 19 177 12 145 86 69 20 127 153 188 174 71 140 128 135 198 96 74
76 129 85 85 184 178 74 119 95 29 76 145 58 49 182 16 103 193 123 107 73 83 186 109 31 195 8 37 123 133 79 97 160 55 11 192 157 14 85 142 196 148 158 63 36 28 62 159 34 76 73 22 174 182 21 92 175 17 183 2 141 200 174 113 103 79 193 9 122 134 105 3 187 172 52 87 20 13 94 175 166 185 143 178 46 125 177 116 133 27 83 167 83
180 57 149 53 58 115 111 104 17 188 8 161 21 107 8 1 129 3 14 134 152 130 21 113 91 21 43 37 92 157 62 101 113 105 55 196 17 42 105 189 69 66 107 189 82 170 129 137 127 130 108 36 80 37 157 17 174 170 13 96 172 77 141 194 196 16 6 58 4 52 167 27 149 171 32 50 131 106 101 87 152 192 34 85 79 25 18 141 106 13 14 127 112
195 191 178 170 157 4 63 184 94 35 117 80 160 118 122 65 192 96 198 144 137 19 170 132 24 23 164 151 194 166 28 48 13 53 188 39 169 123 96 19 21 153 37 169 50 160 15 173 134 106 190 23 84 175 58 131 184 148 186 173 80 162 15 174 5 76 118 182 158 41 199 64 144 66 70 59 19 169 122 158 94 177 13 119 32 144 122 174 21 66 140 15 0
101 69 71 58 97 49 11 55 125 158 35 83 110 52 96 200 179 175 93 125 94 86 13 20 177 178 61 50 88 23 134 125 140 33 79 33 146 118 43 153 139 82 99 64 198 54 4 105 29 166 69 170 23 73 95 124 103 9 147 59 104 23 44 30 72 0 62 174 99 86 25 97 62 67 173 36 10 147 190 95 149 31 165 78 24 104 185 36 81 128 24 42 23
66 118 78 158 14 157 156 63 185 172 128 186 10 190 77 65 190 170 198 7 42 69 144 41 14 58 172 199 74 59 25 55 175 110 189 190 134 86 145 125 164 193 51 18 162 197 11 60 196 123 186 183 141 160 122 9 195 199 175 9 164 140 99 1 95 168 103 124 188 132 171 113 196 89 62 15 99 94 177 69 23 158 105 114 0 163 29 107 96 144 27 136 135
22 154 145 74 111 23 140 96 115 116 164 66 31 86 55 173 42 40 28 154 14 189 22 194 17 177 164 58 114 23 106 2 5 104 169 107 100 80 109 123 123 52 12 94 197 148 2 42 156 128 170 114 21 140 55 155 186 160 119 72 78 82 169 45 175 34 64 140 63 82 158 47 25 93 163 178 169 137 101 183 99 125 5 196 112 62 163 58 145 176 93 192 106
40 71 87 193 147 127 68 114 99 114 193 62 1 18 186 174 61 197 10 132 9 177 169 101 152 160 31 2 108 169 115 77 55 55 168 52 48 69 100 142 6 110 166 118 79 78 31 134 127 173 188 133 30 94 20 45 14 101 101 169 128 45 82 191 28 101 100 133 116 4 1 21 43 23 146 12 175 59 82 122 4 140 94 124 112 140 56 133 101 59 110 36 88
189 190 47 118 108 111 111 29 129 22 91 193 77 187 28 199 96 68 64 122 112 81 101 90 169 119 47 91 93 193 150 187 41 59 197 45 89 170 134 148 191 136 92 92 117 146 26 83 91 61 195 34 54 192 181 65 181 146 112 43 40 168 45 28 25 72 34 14 99 108 8 115 129 41 187 186 132 125 47 52 118 79 59 148 109 184 13 128 135 44 183 174 44
49 45 110 40 54 19 147 147 140 174 86 47 117 143 62 123 72 42 125 57 44 49 92 115 186 115 58 73 88 115 31 61 128 174 63 100 119 157 185 50 200 62 139 38 195 50 195 85 132 185 198 22 62 105 68 112 121 13 122 43 26 192 9 198 97 194 122 103 50 22 160 31 52 13 200 61 158 11 107 142 195 80 7 194 27 50 48 158 200 189 133 48 8
105 85 116 53 145 45 132 185 123 36 86 54 19 43 7 161 133 57 77 17 115 24 77 150 66 73 0 154 150 112 51 124 8 128 146 136 19 56 110 111 198 0 35 137 63 193 142 124 156 183 49 0 10 120 131 1 189 107 161 65 192 169 188 152 97 152 157 144 182 180 102 183 195 80 95 126 188 92 156 120 126 0 115 66 196 196 10 39 42 61 134 70 160
176 168 49 102 39 122 73 30 59 140 51 195 192 100 85 92 3 49 24 187 168 68 165 24 80 11 33 87 102 98 69 25 42 85 183 48 133 91 48 142 98 17 149 80 179 198 196 11 56 198 120 138 44 13 17 94 52 133 177 42 70 117 139 186 81 9 115 42 25 165 97 33 148 150 71 8 51 146 17 44 129 197 77 85 62 120 46 161 20 176 172 130 97
118 70 168 142 54 163 176 93 141 140 200 113 163 126 165 183 0 128 58 134 196 55 82 174 196 29 6 188 172 179 200 144 44 186 72 184 33 80 76 166 113 101 125 101 168 6 86 145 183 98 95 39 49 148 53 150 65 178 194 84 88 131 109 76 127 59 120 20 79 11 54 91 27 97 147 7 22 73 2 61 113 94 130 81 158 34 88 171 25 30 57 153 27
75 17 117 130 48 79 97 18 6 116 40 88 98 139 169 121 29 131 70 77 15 66 65 120 137 173 11 184 131 164 63 138 152 129 135 69 76 79 157 26 129 77 40 89 104 109 29 46 103 133 56 74 155 78 186 158 66 110 20 148 125 196 188 95 176 64 65 170 196 51 56 39 177 153 118 156 66 125 94 34 90 190 42 142 166 189 74 100 160 71 90 48 136
49 177 40 12 41 58 185 159 191 94 109 45 200 111 2 29 92 176 38 137 177 184 171 96 110 95 85 182 12 21 123 129 87 54 150 76 70 10 192 195 46 33 162 84 140 154 21 168 88 99 34 196 136 13 33 177 94 111 102 78 199 20 165 146 33 109 170 43 83 80 136 50 118 11 61 73 108 38 72 193 131 2 48 116 39 120 24 93 38 128 75 111 86
90 26 91 167 155 120 44 52 184 113 79 137 156 79 151 88 31 24 171 94 30 89 39 129 95 181 151 186 191 108 53 197 24 190 108 122 164 123 133 73 51 114 4 109 119 73 79 4 92 153 118 188 105 40 102 154 58 9 141 68 51 31 131 49 74 48 26 143 124 53 67 141 165 195 69 144 3 19 168 3 124 188 6 112 27 142 177 14 146 139 24 161 192
25 181 2 117 61 153 151 126 49 88 170 128 155 86 58 142 66 175 50 109 119 84 159 65 98 15 30 70 61 59 102 176 170 93 177 162 38 112 89 143 25 46 13 193 44 183 175 79 153 31 53 169 99 106 72 175 169 39 50 89 32 29 80 200 114 47 191 69 184 53 58 189 192 91 152 13 154 183 90 155 183 5 123 76 81 38 38 44 59 183 98 24 33
8 13 160 66 60 122 144 154 83 121 36 22 21 69 134 126 198 36 107 55 140 141 40 172 110 27 23 30 26 28 1 172 72 181 144 58 71 81 155 134 132 11 117 87 72 198 155 74 189 188 126 80 136 63 72 59 92 143 65 70 137 84 31 66 115 35 98 78 180 55 61 127 102 14 29 50 177 23 129 64 74 191 124 29 165 9 160 71 31 3 65 30 42
172 144 180 23 51 87 83 99 156 53 190 189 45 48 109 80 147 55 131 178 60 91 12 146 187 108 9 2 98 17 58 124 168 82 110 87 160 178 193 155 78 140 200 193 63 118 42 144 111 95 107 167 151 41 63 131 119 153 83 0 178 80 128 194 95 33 131 187 115 122 83 108 5 121 179 102 70 89 170 197 195 77 184 101 150 152 50 7 65 95 155 103 62
198 28 194 53 152 59 180 56 166 170 182 45 156 172 47 18 118 115 141 152 42 173 16 106 115 125 111 175 198 38 194 156 83 42 100 39 110 116 71 135 155 27 32 139 35 183 164 109 176 88 76 45 47 141 92 149 142 189 53 78 55 58 153 196 31 3 61 67 196 91 10 7 179 45 198 17 187 101 13 14 22 49 126 142 13 20 47 43 191 89 86 182 142
115 188 103 102 176 1 175 65 40 61 84 54 57 100 81 177 136 182 177 132 153 150 133 123 133 8 81 188 131 152 142 149 168 76 107 55 149 96 71 168 79 126 127 24 143 165 134 192 159 89 1 80 73 173 197 89 193 82 104 199 34 22 100 139 194 39 41 155 117 42 80 173 11 78 195 71 63 169 4 143 14 196 75 19 58 154 14 119 23 127 80 162 136
32 72 19 109 86 7 74 29 93 18 193 29 175 66 65 76 90 6 126 182 65 22 38 129 144 129 35 37 138 137 83 160 30 47 14 147 111 94 200 9 106 78 200 157 190 76 6 95 117 139 68 56 81 33 185 60 73 178 44 169 43 200 64 53 177 119 74 92 139 62 119 0 173 116 96 66 22 91 97 43 184 135 165 153 188 95 81 144 78 189 194 18 38
46 140 136 164 121 75 164 104 83 64 189 73 124 78 2 0 3 164 147 152 187 16 10 95 5 185 5 143 57 181 146 190 152 59 55 172 56 48 26 74 177 120 184 72 177 29 29 5 87 137 105 61 104 33 51 161 77 15 24 185 64 17 1 45 66 75 178 93 57 8 98 30 150 96 30 127 35 137 52 123 86 166 37 63 199 183 3 54 91 63 119 19 44
117 68 1 107 43 106 167 161 178 14 133 11 121 40 49 88 0 51 147 185 40 125 157 35 187 172 7 94 171 51 143 121 160 150 85 81 21 153 93 5 78 49 167 175 160 116 2 13 177 79 166 174 105 3 129 106 107 84 50 94 87 9 120 146 107 192 146 165 21 140 81 200 157 59 88 72 137 131 185 12 86 139 121 49 31 29 182 110 172 118 123 35 75
105 80 26 107 132 88 110 79 124 155 106 196 189 45 96 83 99 170 173 46 45 79 77 74 4 11 89 78 153 96 40 154 39 191 48 66 13 96 89 120 34 67 70 134 186 191 11 75 51 116 6 50 110 104 50 134 89 22 23 102 29 84 19 132 50 74 170 189 37 32 60 148 33 18 121 36 159 84 118 187 12 181 148 111 54 100 41 120 16 77 30 125 116
154 92 1 4 106 129 155 59 132 83 71 75 119 182 131 117 67 168 183 3 87 35 6 147 48 46 33 152 130 165 85 1 131 179 21 16 123 188 45 111 126 97 143 137 45 158 76 5 66 52 35 100 28 10 43 59 127 85 159 114 181 148 62 73 7 96 104 178 102 79 13 151 191 28 195 52 86 100 187 119 87 75 21 143 97 111 174 176 168 133 195 182 141
62 140 14 97 175 91 112 128 177 16 12 197 76 144 20 13 177 61 33 193 53 178 109 95 112 158 112 18 180 97 97 107 44 107 19 174 171 143 16 108 55 124 130 106 200 57 35 170 196 111 182 174 167 15 162 134 35 189 137 157 73 40 22 195 69 142 105 73 186 98 47 135 193 95 89 59 150 61 35 112 32 39 185 72 157 165 164 109 26 120 117 13 100
193 141 5 125 133 72 117 137 181 196 134 163 190 24 193 46 151 182 39 134 48 15 24 184 160 37 165 90 125 127 93 100 20 12 99 44 36 200 4 53 178 91 9 18 169 35 62 147 127 149 117 186 86 175 175 142 101 99 196 47 192 165 131 55 41 95 14 38 6 32 113 9 126 23 14 140 40 35 101 29 138 163 39 49 80 190 112 57 58 183 199 178 61
79 49 136 168 60 20 134 163 140 160 97 197 33 150 93 171 107 115 143 139 130 183 172 166 130 122 128 179 16 192 71 40 170 85 112 0 89 80 182 186 80 83 11 76 114 75 30 20 41 52 190 112 77 21 56 124 5 79 107 124 108 180 29 122 145 132 17 43 108 177 136 33 73 33 138 52 25 20 161 8 50 101 182 104 163 143 49 107 58 74 82 46 123
63 198 11 189 139 79 100 105 200 6 152 141 156 18 0 40 175 192 181 131 162 175 108 91 101 200 142 26 44 99 126 73 37 71 148 82 18 177 92 58 196 52 151 73 125 64 107 157 95 174 28 98 180 198 71 119 127 0 140 14 191 23 161 112 72 2 109 146 77 177 169 36 177 124 20 62 179 16 34 149 120 184 40 120 188 118 44 160 94 97 63 182 81
60 68 109 120 0 106 28 187 61 105 168 93 57 189 127 126 42 136 66 200 185 111 110 166 36 90 73 61 4 171 150 139 51 162 138 56 161 25 73 145 131 10 49 4 143 1 88 79 58 42 160 185 146 56 127 81 148 112 155 163 38 86 108 63 109 48 172 185 193 58 73 31 80 59 64 54 179 153 7 59 160 189 65 181 33 169 154 18 26 9 187 12 131
88 167 58 120 119 120 6 122 132 103 3 117 46 166 33 67 123 149 182 67 185 32 123 74 92 179 35 4 132 29 162 132 54 9 180 59 2 122 158 38 12 152 94 168 79 34 18 87 61 177 101 151 138 161 200 119 192 195 149 40 126 91 198 29 187 126 24 168 169 185 161 186 113 197 198 115 20 51 130 103 81 20 31 160 140 92 134 23 183 18 79 181 33
181 121 133 184 48 101 39 129 57 176 177 34 147 19 147 132 52 61 160 57 24 63 199 99 21 20 18 97 93 81 163 131 191 101 28 50 7 43 22 157 198 118 2 181 27 35 180 80 10 194 44 58 70 66 94 184 43 128 88 33 163 55 98 20 168 33 84 122 41 74 154 120 83 197 115 149 160 111 105 146 56 112 170 129 186 17 90 112 112 196 191 97 8
116 197 40 20 50 173 78 49 163 78 167 171 24 107 146 10 146 16 153 127 41 169 39 136 33 32 146 52 180 170 15 164 191 54 48 16 173 36 39 178 61 199 154 26 14 150 84 46 27 36 128 110 98 84 175 9 97 185 140 35 155 135 149 0 110 155 37 14 75 139 76 63 109 34 161 115 26 128 185 173 42 129 148 160 119 199 186 137 83 129 171 128 151
26 89 87 0 20 3 197 169 27 100 41 165 17 9 175 1 61 14 45 160 160 174 91 161 68 66 17 49 36 52 67 51 8 130 8 21 150 114 154 13 46 57 196 107 195 139 96 94 146 6 170 189 163 151 29 6 155 86 122 129 65 121 48 112 47 177 197 43 37 134 122 62 177 198 164 125 50 149 114 2 67 144 87 61 98 2 129 40 68 48 174 104 114
105 76 73 126 129 8 143 143 5 156 48 108 167 174 127 65 86 107 103 151 39 143 87 76 146 1 5 156 127 76 151 178 119 142 78 178 171 116 120 41 142 63 153 107 86 187 85 183 164 170 144 158 42 138 189 148 53 92 200 73 71 81 119 32 84 114 126 26 154 183 89 14 96 88 97 81 94 186 14 18 36 173 20 21 31 0 9 36 48 103 16 178 174
56 100 139 152 84 184 147 58 199 118 28 16 66 41 37 2 160 55 180 126 75 72 157 185 10 163 112 156 196 49 117 171 21 17 167 110 46 122 124 187 116 184 85 34 147 165 141 3 132 86 197 177 168 4 25 167 102 82 105 73 198 56 147 54 33 33 61 125 62 93 140 110 155 116 76 99 64 50 182 60 165 198 28 21 42 128 71 170 174 17 76 102 80
175 150 42 63 194 32 143 66 131 73 90 27 156 42 192 85 125 59 183 136 117 4 71 192 184 32 108 76 35 129 33 39 54 69 9 92 28 22 39 128 87 123 104 34 117 200 180 164 93 157 169 178 142 199 19 108 19 184 147 22 18 132 134 145 149 91 18 157 113 197 151 197 85 143 81 170 23 144 197 29 177 32 46 110 118 162 110 128 74 122 76 176 29
15 186 110 23 8 124 193 161 29 95 126 72 99 51 195 136 115 61 7 112 135 159 116 124 189 130 157 80 7 88 70 76 28 101 125 8 169 14 98 42 37 179 126 180 148 90 28 51 64 23 17 20 123 22 10 185 126 171 21 94 181 69 79 198 111 186 76 16 200 92 84 131 76 11 35 144 179 61 19 137 127 58 112 5 142 157 24 11 31 103 124 115 103
146 49 49 94 116 192 6 116 119 188 20 102 0 24 190 94 34 41 6 184 48 155 191 66 2 87 36 32 59 23 31 148 47 98 64 89 115 1 28 64 181 19 108 141 67 137 50 45 177 6 86 32 152 77 187 166 37 182 92 158 153 98 160 68 92 83 55 14 70 104 198 94 126 172 15 137 74 69 192 182 166 194 169 93 159 172 82 33 104 44 88 5 181
199 172 20 191 84 159 92 89 145 49 93 160 77 120 156 183 191 7 23 30 50 185 86 93 135 128 54 134 169 185 4 197 166 75 102 81 47 198 12 7 7 56 60 22 50 20 4 19 83 72 46 167 7 26 9 195 183 200 9 55 64 154 101 22 171 192 167 68 146 55 126 182 192 184 32 184 138 18 23 121 150 190 186 113 138 143 172 170 25 16 26 148 112
48 104 13 59 192 99 191 103 131 6 52 162 198 159 113 157 126 42 163 2 95 65 187 112 107 121 192 9 125 181 117 49 167 183 27 171 112 101 124 0 64 134 173 79 123 53 58 146 33 191 73 49 27 76 137 59 119 144 12 192 157 155 121 132 124 196 145 152 78 184 23 132 108 145 126 135 43 77 106 38 99 199 168 137 178 84 161 175 130 43 71 113 81
110 14 149 156 179 177 14 95 121 36 52 182 2 133 63 49 190 108 189 27 167 139 150 151 124 92 182 137 19 81 111 123 102 52 60 160 126 14 151 161 74 156 11 163 124 71 46 4 125 130 28 96 184 135 178 112 14 25 82 73 53 27 156 17 2 142 76 104 98 168 60 74 149 96 101 145 77 8 1 178 160 6 132 157 155 113 133 152 144 84 23 69 180
166 125 170 187 152 184 126 18 25 24 95 183 6 1 107 4 197 166 156 37 197 36 138 85 80 108 199 73 50 58 155 99 103 108 133 160 177 76 71 114 64 141 49 92 41 53 150 180 16 136 85 157 86 50 133 90 113 157 63 135 127 100 79 94 154 141 31 7 62 70 109 108 37 134 37 8 30 175 103 146 5 23 18 147 115 93 182 197 100 70 169 96 175
42 176 20 147 170 68 74 147 114 95 177 184 55 144 89 186 107 82 193 194 28 96 76 156 5 92 177 98 84 47 131 69 167 57 169 169 6 31 68 4 22 168 142 128 149 147 113 197 198 138 116 182 152 154 83 83 183 56 106 174 197 72 179 193 36 49 158 30 79 173 87 145 80 111 12 197 195 157 65 180 94 39 189 186 188 24 139 171 120 172 150 82 89
9 50 23 182 5 171 186 42 101 31 88 40 81 160 171 123 179 195 39 54 97 129 198 200 152 50 84 155 0 136 43 82 48 110 110 67 191 119 52 177 193 50 111 156 113 120 69 42 30 117 60 87 130 111 14 107 66 92 195 158 88 195 107 136 106 115 69 141 123 64 43 112 140 164 170 180 92 86 132 111 100 16 117 127 167 140 67 152 190 95 61 137 111
149 195 20 143 106 31 108 86 188 188 67 72 119 103 168 187 23 154 120 55 97 191 125 23 181 99 138 195 8 49 167 23 83 32 181 30 4 186 76 106 105 32 55 61 107 51 123 62 177 60 0 59 112 153 140 48 13 125 108 58 65 136 122 72 8 42 197 95 116 189 50 98 27 142 48 86 188 186 169 157 109 54 111 135 7 47 184 159 173 28 198 120 139
88 8 121 98 153 86 62 25 70 108 42 103 80 161 189 32 63 104 101 129 185 16 67 174 29 150 139 171 18 36 22 110 43 33 182 35 32 155 97 12 100 99 129 80 184 191 133 32 67 27 138 34 84 58 186 126 34 67 132 8 156 148 117 25 175 89 28 37 149 26 198 70 13 185 51 36 28 156 3 143 114 0 12 179 190 61 147 129 81 62 68 62 90
51 27 65 183 103 178 69 168 27 103 95 20 187 131 61 1 160 51 8 169 67 90 31 113 187 135 76 20 60 21 142 118 168 60 95 2 93 52 116 106 200 142 149 30 63 92 64 150 21 46 60 141 189 176 160 63 81 169 52 195 132 101 195 151 39 64 164 25 160 117 164 176 173 16 98 124 26 177 169 13 18 43 44 89 90 81 4 115 20 155 53 29 44
157 3 131 160 51 164 125 4 179 121 16 166 170 190 93 14 72 129 37 179 157 116 31 170 165 142 105 144 8 173 67 26 130 77 94 6 157 184 48 81 155 195 138 129 107 116 133 42 39 63 33 71 105 185 103 124 70 45 60 96 133 195 63 99 82 38 2 136 105 34 133 29 157 4 4 76 164 66 26 6 3 132 130 17 185 131 68 154 77 90 88 65 137
185 70 193 120 191 138 35 157 178 200 131 17 8 131 180 187 88 115 32 44 135 59 181 181 187 159 163 45 147 83 94 178 39 11 97 184 138 167 38 164 152 197 139 130 22 25 16 90 154 27 192 30 56 153 71 96 80 149 106 163 141 189 127 29 199 3 82 167 53 72 174 189 94 73 154 95 176 147 67 5 102 142 60 124 57 190 16 44 95 31 121 0 66
8 161 157 192 36 28 157 23 28 133 70 112 77 200 83 4 198 95 112 82 48 9 9 122 0 133 170 94 54 95 103 149 83 31 61 47 66 54 27 151 146 19 11 63 134 7 182 177 83 6 170 188 31 169 40 134 136 108 27 162 125 186 129 81 189 108 93 144 31 114 71 138 121 167 165 73 69 129 110 113 193 149 134 95 161 99 17 182 90 126 54 142 65
143 100 117 196 62 110 74 174 129 114 11 101 112 68 106 73 84 81 19 60 124 124 106 200 59 112 198 126 141 73 175 105 176 115 41 184 118 105 0 93 100 148 10 91 74 79 197 132 161 198 33 124 128 56 165 70 163 27 144 79 118 41 90 122 153 181 122 58 147 70 121 134 181 16 67 93 188 53 57 43 141 9 122 175 21 158 132 145 21 31 7 154 33
81 7 194 50 43 37 80 115 41 32 0 87 71 48 155 195 2 26 198 116 11 9 118 150 167 152 0 119 43 100 17 187 11 107 32 80 73 43 156 92 135 133 83 52 27 195 122 180 73 149 130 198 168 86 31 136 199 34 105 29 57 88 169 132 70 45 0 29 156 41 195 178 30 175 53 59 46 110 149 160 188 130 67 27 129 23 176 138 170 43 141 84 60
181 63 43 103 25 185 184 90 130 100 131 129 169 98 159 16 53 25 55 186 33 167 187 128 88 101 132 185 170 23 165 83 83 125 40 76 66 67 20 3 178 61 153 188 186 131 107 194 74 96 39 69 168 3 39 174 118 183 24 13 31 17 51 109 64 154 158 74 9 5 162 93 49 96 34 124 105 8 6 55 125 84 183 62 173 185 68 182 198 37 80 49 197
55 146 110 11 194 14 129 8 15 15 88 22 20 36 28 135 10 31 64 179 147 97 82 20 41 137 75 181 47 188 200 45 187 159 13 53 85 84 26 101 67 171 76 4 133 114 25 143 183 92 108 142 182 150 150 191 138 46 130 40 37 90 86 65 5 195 53 147 51 75 135 178 102 102 92 157 128 45 178 1 55 52 84 157 158 113 136 100 65 200 9 182 94
9 168 105 81 189 21 33 150 2 49 165 30 111 11 162 24 115 29 77 24 137 197 96 163 19 119 24 81 199 35 181 32 97 48 108 148 25 60 113 142 130 156 146 66 90 139 142 19 136 15 11 16 92 184 189 96 43 35 15 117 164 94 5 18 52 21 163 67 148 69 194 53 172 110 164 8 52 67 144 152 109 167 187 47 60 106 38 133 32 38 43 4 158
16 9 136 186 156 77 189 126 168 95 32 80 160 34 76 57 63 140 155 132 145 136 200 80 97 157 58 147 151 22 138 33 170 144 4 5 1 27 31 190 145 84 71 78 11 51 69 141 139 23 4 196 5 67 11 187 51 46 7 100 31 109 185 166 30 155 23 117 42 40 125 104 65 100 184 183 148 172 103 179 27 55 197 200 121 142 159 171 97 177 25 77 141
116 3 27 187 140 76 180 64 18 190 149 113 192 132 164 37 133 33 141 72 184 89 55 200 125 154 5 101 108 111 184 118 36 171 150 114 83 69 68 33 193 86 156 105 166 0 126 105 51 166 46 58 142 191 183 80 136 163 75 42 102 29 107 65 97 22 99 87 200 99 171 25 72 104 59 93 147 54 86 77 142 108 34 98 23 197 136 146 148 52 18 151 130
88 99 151 71 40 17 85 44 93 178 43 77 175 1 183 5 59 165 114 188 177 173 154 29 133 46 149 76 182 72 189 38 119 65 86 189 51 105 150 55 181 19 180 135 38 182 135 3 100 90 26 114 33 123 146 139 103 10 57 24 36 21 117 78 16 10 40 15 89 47 11 51 73 52 153 132 48 121 149 185 102 158 82 113 35 129 45 97 157 61 112 139 49
99 28 89 23 193 2 131 165 83 87 197 46 107 115 19 166 13 196 103 16 181 179 156 53 170 185 72 132 170 111 71 167 175 186 170 47 46 54 143 93 16 153 131 101 113 95 111 12 165 183 52 34 153 126 193 67 92 32 159 50 94 134 139 186 6 122 159 174 172 91 16 24 91 192 90 162 105 20 128 194 116 166 19 13 179 149 198 66 120 197 170 53 94
32 73 113 121 82 35 140 132 5 2 85 46 117 156 177 107 122 88 10 101 175 151 23 121 105 199 143 152 45 85 193 8 7 43 143 4 95 67 29 142 133 129 28 150 134 99 58 108 154 126 59 114 16 185 111 79 39 187 155 61 54 161 39 82 37 164 194 184 112 114 181 38 154 80 156 189 116 17 43 145 47 45 13 9 103 188 60 25 131 169 34 75 93
72 190 33 114 135 150 111 173 120 139 180 141 197 92 97 62 189 182 90 140 31 172 148 88 26 194 20 62 43 95 170 139 104 15 53 1 142 70 54 103 151 39 134 169 114 112 169 97 115 8 172 71 157 33 190 20 140 175 131 93 104 161 103 143 61 111 197 173 53 38 45 130 82 83 22 154 57 178 104 140 177 53 91 189 147 29 43 35 99 76 50 167 34
162 171 131 117 125 66 95 69 127 42 70 158 193 144 73 189 77 158 65 33 53 47 112 73 86 176 179 102 200 53 103 143 130 89 8 155 31 72 69 65 190 111 9 48 165 142 186 194 74 126 161 159 34 69 129 165 89 111 121 12 152 80 151 166 116 45 135 93 0 142 190 85 54 17 80 153 45 10 145 21 119 56 70 51 12 175 23 125 81 27 121 193 8
92 56 69 183 117 177 191 95 54 123 151 146 26 157 121 62 165 23 98 3 58 191 91 158 109 194 89 17 82 109 126 72 47 191 149 180 146 38 147 186 135 108 9 27 174 177 153 168 191 152 92 63 23 137 95 198 146 66 49 69 200 58 47 133 5 155 92 69 197 142 98 29 112 20 55 117 23 10 115 115 168 165 160 17 79 196 57 199 193 129 170 191 98
181 156 150 167 28 97 173 174 183 14 139 122 24 159 34 101 178 156 125 117 33 185 5 163 184 84 67 42 151 175 106 26 143 59 133 118 67 161 130 174 155 29 160 146 35 194 160 172 129 79 129 46 156 194 159 73 157 197 151 152 88 130 71 145 140 157 170 48 194 44 120 149 178 197 173 51 76 1 50 179 154 25 104 21 9 94 82 56 25 16 145 75 79
155 61 51 119 177 27 104 61 28 103 134 118 106 83 93 77 31 132 29 13 86 185 200 86 88 23 59 16 119 33 52 143 190 66 41 111 55 58 6 36 126 120 116 135 198 17 73 8 62 44 129 189 125 23 135 152 181 198 3 166 68 99 200 68 39 94 148 135 54 68 95 140 96 191 47 113 13 63 137 78 14 61 197 116 98 178 173 120 58 130 200 21 182
133 109 98 71 75 169 84 146 27 138 98 187 96 151 8 127 176 191 112 69 61 59 46 198 22 38 114 12 171 127 29 96 62 184 142 145 61 117 141 156 29 146 76 187 50 118 190 141 62 178 52 65 182 19 151 164 21 25 165 182 65 5 83 110 42 106 30 113 192 147 166 102 13 40 161 14 169 156 158 90 37 160 147 80 175 19 180 82 30 135 110 178 187
188 36 14 42 28 158 30 9 172 57 41 132 74 170 21 169 163 17 90 117 7 110 82 107 127 99 79 11 20 161 107 80 28 36 82 195 32 79 161 167 13 67 131 197 172 137 131 160 52 2 136 86 193 162 42 16 13 4 199 9 18 116 88 192 154 166 27 145 37 145 39 186 138 25 124 93 138 100 107 103 81 166 41 81 185 64 162 133 152 44 63 122 125
127 6 133 119 165 30 133 189 94 104 106 196 175 140 7 7 169 199 51 68 37 17 51 17 35 45 3 147 15 163 164 186 92 169 149 2 141 171 46 167 189 192 123 187 200 77 27 17 60 38 73 184 73 159 28 174 65 133 180 7 84 47 56 99 111 50 86 55 156 11 183 190 86 106 19 170 160 66 81 123 124 51 193 52 24 48 147 39 101 134 179 5 57
136 57 12 149 143 16 170 145 185 156 138 128 42 106 89 157 128 13 21 97 2 60 198 179 127 90 172 193 92 96 72 98 199 116 20 152 33 136 18 151 38 6 58 121 84 55 135 144 47 35 84 112 162 183 183 18 88 42 156 110 137 93 137 22 158 90 178 140 5 137 81 163 162 182 48 24 169 33 24 86 99 106 166 83 53 186 35 133 84 40 178 163 143
195 31 57 80 97 144 107 194 195 89 43 175 3 43 54 49 0 5 18 118 69 66 22 128 67 140 111 120 3 64 145 134 122 119 136 128 177 23 74 90 199 49 156 26 76 149 20 160 22 52 122 195 151 101 172 160 106 133 171 40 80 181 107 76 70 188 164 158 96 173 143 44 192 32 179 121 105 124 150 61 1 166 5 87 26 190 132 60 79 119 105 45 82
52 84 22 134 81 18 152 7 1 131 58 18 142 37 89 143 41 108 152 171 15 96 63 117 54 192 96 123 84 6 133 74 43 196 129 44 170 165 117 81 0 172 96 0 102 90 172 17 9 71 86 73 163 190 181 150 58 28 146 101 151 3 0 168 1 176 124 122 141 53 192 106 110 12 161 118 130 111 177 76 24 82 58 8 36 87 92 61 141 135 194 7 73
54 34 41 171 185 52 115 141 60 5 88 65 63 1 193 67 31 47 47 199 34 116 37 155 13 133 43 49 183 74 38 30 190 4 24 92 5 109 109 106 4 142 94 173 190 149 141 159 81 115 125 181 200 49 182 89 48 116 45 164 92 21 194 66 4 138 172 19 32 162 114 146 110 156 49 170 173 179 165 99 80 112 87 36 56 123 158 21 182 90 99 41 190
59 131 24 32 140 153 65 148 46 92 28 113 187 4 109 15 180 81 49 156 110 49 76 60 75 95 48 32 198 37 123 10 18 166 71 170 8 67 45 17 161 196 19 102 184 123 147 35 93 50 188 127 108 91 147 175 196 7 13 2 60 156 178 147 151 176 165 77 197 17 147 143 80 25 84 147 37 89 144 24 115 35 192 48 102 11 84 111 25 29 109 26 134
199 21 135 153 87 59 184 101 150 86 20 118 157 139 182 77 167 163 33 160 177 155 171 179 83 125 103 83 57 95 65 162 133 127 155 154 95 91 173 73 77 120 134 135 197 8 98 118 135 41 146 22 103 186 166 1 122 182 106 77 147 90 23 170 84 26 92 19 1 43 49 137 129 4 12 185 66 5 154 78 89 88 34 73 83 64 12 114 96 63 0 17 153
200 17 27 60 34 4 60 188 22 36 184 173 134 132 113 170 58 143 67 185 158 21 51 17 162 193 16 116 47 66 81 30 44 68 82 163 42 132 74 150 111 113 36 61 140 197 183 189 91 7 131 133 174 8 66 42 43 35 90 83 71 133 137 49 100 5 19 23 103 156 129 142 177 40 131 98 14 52 77 182 2 178 72 34 104 141 27 114 29 167 45 58 194
37 59 175 171 30 181 105 18 138 177 104 55 116 65 151 131 187 21 47 69 78 29 146 101 185 134 154 198 199 60 35 64 130 4 186 199 183 68 84 180 94 33 88 174 90 92 31 144 37 42 93 23 88 169 183 92 96 167 86 143 180 13 11 103 147 79 85 40 15 66 180 151 131 155 87 3 75 12 129 57 115 106 98 9 127 152 173 91 158 142 12 39 41
83 147 199 146 10 60 140 148 66 86 46 149 21 155 114 5 134 52 51 183 85 134 161 77 107 149 196 117 142 102 77 197 196 86 155 39 98 119 81 44 120 185 190 13 65 124 84 35 35 150 132 69 87 44 110 103 68 37 53 97 187 123 2 85 80 189 98 148 142 157 47 128 160 199 65 133 61 96 81 62 103 106 110 153 14 3 12 189 164 76 15 78 68
86 183 52 108 99 189 190 154 55 113 122 32 8 73 164 66 85 106 121 192 152 62 43 173 175 198 69 32 106 9 117 15 76 164 159 42 126 192 85 109 155 48 138 10 73 23 100 189 152 103 62 39 97 173 91 3 5 55 48 182 197 24 19 88 61 25 26 200 56 1 50 81 30 161 9 191 189 120 20 94 57 53 194 134 189 94 36 36 178 13 87 67 88
84 181 185 96 162 117 105 0 192 44 28 104 34 172 74 118 95 5 70 81 79 113 23 36 127 50 194 11 111 114 114 185 63 6 67 112 3 135 100 133 189 72 167 47 61 63 68 100 78 59 86 16 8 108 84 177 162 142 13 123 3 99 68 108 63 164 107 116 84 62 54 7 69 156 85 78 3 0 105 24 31 49 101 3 10 76 21 40 107 191 177 33 193
193 46 145 52 138 50 84 26 164 53 148 124 194 63 8 67 18 2 20 50 63 101 158 157 47 103 0 11 43 149 123 137 96 177 88 143 22 105 168 28 168 20 101 116 109 176 2 147 122 129 194 86 152 93 73 122 18 153 2 62 77 175 13 87 153 178 196 63 155 167 181 106 199 159 177 6 117 116 120 87 53 79 46 110 98 36 88 8 79 108 169 61 20
35 192 39 2 135 165 190 80 100 173 9 44 98 31 110 17 197 94 80 5 4 90 45 145 140 185 38 9 199 60 158 105 194 171 26 84 140 119 49 161 54 179 67 12 110 54 188 45 171 118 137 68 144 134 183 177 99 87 95 56 130 97 29 16 199 68 10 90 92 168 95 109 41 62 65 22 6 186 184 185 70 124 146 168 78 26 191 45 84 150 43 10 0
169 84 65 128 200 132 99 139 35 148 84 150 0 112 103 133 167 64 72 141 83 124 84 83 171 200 14 77 98 188 10 58 83 148 8 62 48 42 168 59 180 103 59 115 158 95 139 128 129 90 76 164 161 133 67 165 60 191 74 152 197 83 151 14 113 77 134 43 42 187 117 43 120 129 106 148 122 35 142 19 128 10 152 85 181 20 3 178 46 2 16 104 154
