34
30 24 186 176 175 147 163 167 32 15 106 194 172 141 8 121 149 28 96 52 120 196 180 18 21 148 114 81 30 187 12 38 136 15
88 116 137 72 58 144 19 40 34 150 83 65 187 195 54 8 98 58 31 146 143 73 15 61 130 163 52 195 60 19 5 70 129 152
87 91 200 166 88 199 162 142 82 84 23 172 55 128 180 85 76 176 76 107 79 53 67 177 156 41 134 192 39 18 199 90 178 81
197 83 7 134 101 109 183 137 83 95 121 5 139 151 158 100 91 35 119 7 84 138 15 44 189 137 109 177 36 24 181 136 17 140
115 77 122 60 154 154 149 40 14 71 181 99 162 168 168 179 66 41 142 106 110 162 97 172 103 166 66 183 38 185 63 188 64 90
149 143 151 181 184 192 9 82 146 157 52 98 184 134 55 166 7 163 55 145 79 95 34 1 150 144 19 131 0 199 75 190 149 40
112 188 172 85 129 169 193 58 49 52 63 92 112 7 146 66 91 48 25 143 182 153 38 24 29 84 84 73 20 79 90 153 101 83
155 195 5 95 121 24 128 178 79 135 45 164 65 98 128 178 162 48 137 186 161 177 53 89 94 196 75 169 25 99 84 73 43 58
114 79 89 29 92 165 43 150 94 63 185 128 13 45 143 139 31 28 20 178 18 90 96 101 155 102 68 196 28 196 109 34 42 107
169 161 44 44 23 27 177 194 70 71 18 152 92 197 56 67 107 16 61 144 13 151 68 81 72 171 35 36 119 107 70 170 53 48
49 52 102 101 18 41 154 13 155 59 141 101 34 155 161 155 28 160 15 73 90 4 79 112 180 85 171 140 138 103 104 191 145 20
60 26 78 9 102 138 28 171 37 161 66 197 14 141 24 9 125 47 149 147 107 168 194 122 85 121 58 175 66 122 187 184 117 174
30 8 17 18 118 140 3 158 104 11 165 144 163 167 182 102 110 135 193 102 71 183 91 166 141 77 160 11 52 48 154 59 134 130
73 5 74 184 181 137 7 176 23 40 191 180 64 106 37 174 120 76 161 189 77 37 168 183 37 175 154 73 176 144 134 21 132 23
60 3 184 94 197 12 39 145 89 42 114 80 14 91 59 46 145 85 188 29 91 79 61 94 10 9 29 57 66 110 39 37 142 14
119 79 141 82 77 158 137 178 24 125 180 64 120 19 155 0 17 200 141 59 78 37 186 176 130 10 30 122 99 169 106 47 174 106
113 103 151 165 128 20 78 130 197 63 54 137 72 71 107 17 92 56 169 175 39 79 77 140 22 62 18 144 79 156 191 198 59 64
78 70 105 140 127 42 34 47 145 32 149 70 4 57 14 156 57 84 92 194 32 69 39 92 118 24 122 43 20 95 181 86 62 122
91 6 24 134 72 101 39 116 91 162 13 36 19 196 29 162 8 158 140 172 72 190 178 61 2 163 89 80 17 179 187 48 200 7
195 106 30 57 65 87 10 139 171 11 162 101 101 109 164 153 106 88 185 81 172 159 89 185 147 4 90 9 114 2 77 123 79 72
155 67 57 124 103 96 161 195 43 186 119 32 87 30 80 138 13 54 185 34 28 124 148 42 89 36 9 86 192 56 36 111 99 100
174 97 168 0 68 103 60 5 40 109 39 181 187 70 144 77 135 102 73 89 87 32 35 186 178 113 86 136 120 34 28 180 51 25
66 124 181 156 152 11 122 33 3 141 36 68 37 190 138 5 79 130 17 160 88 74 44 182 122 119 49 199 89 17 118 23 150 47
93 87 172 91 3 50 21 133 74 71 25 164 44 82 31 100 182 95 10 21 63 34 115 133 60 72 194 116 112 19 62 187 108 43
36 175 110 26 114 30 181 183 18 175 17 138 48 6 3 187 44 171 171 157 95 179 78 166 120 112 97 1 195 49 50 95 65 20
170 109 69 61 118 22 64 70 82 135 54 171 95 174 134 24 192 68 199 13 61 187 113 151 117 90 194 101 150 34 187 45 121 175
116 190 177 102 66 21 125 28 27 44 28 16 35 97 99 174 155 113 54 65 163 17 172 15 91 35 177 78 63 183 181 151 7 120
12 153 61 86 28 188 154 106 87 30 62 153 54 122 180 121 146 68 172 58 191 98 112 175 28 19 106 120 198 67 93 171 62 65
40 18 5 48 181 172 85 12 39 51 146 153 74 160 146 50 156 10 186 118 122 111 73 52 121 101 177 161 109 108 92 28 136 27
112 168 170 200 87 180 10 132 53 2 72 50 174 92 18 90 41 190 12 133 112 70 127 3 189 115 200 198 161 134 146 77 38 128
191 156 103 18 85 159 72 59 62 105 23 186 48 172 175 105 22 17 7 94 54 42 88 54 166 38 24 149 67 168 86 43 161 33
92 41 50 183 93 30 61 62 86 114 57 80 149 12 181 100 103 22 30 177 105 39 62 135 111 132 106 34 72 129 86 188 71 37
193 151 16 90 197 14 20 181 45 56 30 199 92 82 38 106 145 149 55 105 144 65 171 26 174 200 113 165 112 78 146 85 80 59
15 151 80 57 137 111 23 81 11 70 3 52 35 120 111 172 186 112 131 105 175 193 89 87 41 192 41 181 154 94 168 108 7 162
