62
126 174 112 12 200 43 175 41 62 91 45 184 116 53 78 54 171 60 42 193 88 132 90 57 18 91 134 108 183 47 127 72 62 64 168 164 62 164 167 78 126 33 10 59 179 112 72 138 107 41 132 92 83 140 95 57 70 6 58 188 103 111
71 71 33 165 9 29 83 55 153 42 35 200 200 86 44 140 120 72 136 6 17 141 92 15 75 90 82 158 157 68 79 137 12 33 123 118 95 182 180 104 179 126 77 45 49 169 197 171 69 60 83 166 26 165 198 108 166 47 184 88 121 64
31 114 67 73 113 152 31 22 22 46 15 74 5 74 164 191 128 153 123 110 130 158 76 89 133 26 9 129 40 191 172 69 153 20 64 155 167 12 54 60 55 195 92 44 178 19 41 199 154 195 38 162 18 151 53 103 159 97 108 162 33 15
4 87 57 60 137 160 74 153 196 177 4 94 94 66 124 43 20 70 97 186 148 132 151 79 167 192 100 141 91 184 62 27 108 64 52 25 0 181 105 77 51 195 170 78 135 75 18 126 110 108 48 38 96 184 71 121 166 106 97 70 36 32
182 15 116 196 56 139 153 72 92 146 173 170 147 191 39 23 75 145 115 145 4 124 154 194 182 169 46 139 171 166 126 41 86 13 126 122 121 146 142 1 125 192 132 73 36 37 77 104 115 177 118 193 83 79 18 69 91 112 102 178 198 188
147 81 79 101 115 180 68 173 17 188 131 55 187 1 113 3 52 123 93 176 75 45 75 109 87 38 8 40 19 37 96 69 38 16 30 199 150 33 24 98 99 151 128 83 174 35 33 189 27 61 34 119 8 13 120 125 130 106 156 6 18 66
74 185 177 168 24 17 69 88 163 150 109 80 173 183 66 74 126 79 61 143 69 193 134 19 80 30 91 152 101 172 114 19 71 178 147 6 111 96 27 53 6 64 125 31 12 38 179 24 55 143 179 46 10 10 24 89 45 73 120 44 185 22
13 118 37 182 95 156 40 136 27 92 121 20 179 177 39 94 136 186 4 57 95 72 94 88 198 129 190 11 80 55 159 173 41 32 5 187 56 194 80 126 130 146 76 184 125 32 147 24 133 200 124 34 34 99 79 113 71 141 13 72 105 194
175 70 124 189 94 52 118 184 87 127 127 80 49 126 118 170 90 164 194 65 110 131 65 36 133 64 196 134 57 107 11 97 187 153 52 102 185 81 10 124 114 111 63 5 19 200 91 78 33 56 186 55 116 141 8 153 184 70 33 44 78 64
115 162 62 9 74 43 171 129 186 75 145 174 21 92 137 112 128 114 12 107 143 97 197 132 94 94 112 175 23 69 91 144 166 137 183 19 25 106 127 92 77 30 132 84 31 89 187 82 31 143 53 56 152 200 0 189 1 79 22 161 152 148
51 52 53 61 6 15 19 114 61 62 19 122 16 8 157 159 62 2 71 116 25 103 163 105 11 77 6 152 73 2 117 5 128 8 98 52 131 32 184 17 52 24 31 18 154 79 71 199 147 21 124 46 144 178 37 14 194 199 0 92 32 176
22 143 72 14 64 64 175 144 114 150 126 54 185 63 176 158 180 146 0 83 141 187 78 182 15 137 143 164 61 109 80 168 184 111 127 90 151 40 141 90 182 12 157 162 105 186 195 169 141 62 78 130 116 183 22 18 67 155 43 2 120 134
200 180 149 162 25 160 159 147 177 178 197 151 63 194 61 56 197 52 115 45 113 65 170 36 39 29 33 40 18 59 75 156 11 121 37 115 140 81 51 12 116 103 197 160 161 106 14 69 10 147 116 179 193 178 131 110 32 185 167 84 99 183
133 179 189 161 87 164 32 199 110 181 53 193 106 53 49 118 80 64 51 134 149 68 57 33 187 136 81 73 159 23 176 193 144 0 80 193 76 116 57 63 86 41 42 160 5 66 180 78 101 127 40 131 123 163 99 60 169 46 80 12 155 99
91 47 89 125 49 196 63 34 0 54 46 60 179 76 71 127 95 26 169 36 61 199 13 38 147 184 43 173 66 79 142 98 182 98 70 71 126 71 145 70 165 129 20 138 47 172 49 89 64 163 172 1 150 57 8 22 12 141 148 174 51 70
121 85 6 112 4 115 150 108 125 40 195 27 2 103 65 176 165 87 31 86 152 60 44 112 141 68 22 184 157 72 101 61 35 194 145 26 128 62 35 102 169 15 44 6 111 37 129 80 153 98 51 97 6 3 14 149 14 29 45 42 36 60
68 49 159 9 61 22 119 72 183 54 84 59 195 142 182 148 2 83 80 167 170 98 21 18 112 12 81 39 40 94 184 32 88 178 81 149 38 187 28 12 149 141 83 100 100 142 41 62 154 151 192 122 103 158 7 139 65 92 30 19 155 1
159 72 163 196 184 37 154 176 47 18 116 159 9 150 142 11 90 166 5 158 67 68 92 153 166 105 141 55 132 149 22 183 19 190 194 151 88 126 96 188 49 192 120 189 177 148 167 89 58 119 54 44 175 159 164 181 63 69 3 138 188 45
184 81 13 45 129 173 192 96 107 170 0 122 76 93 157 117 184 13 84 26 12 28 47 114 178 9 62 122 31 132 15 67 62 141 169 89 94 64 110 48 168 14 55 197 18 149 53 190 164 192 23 7 11 119 157 3 178 153 70 135 4 166
87 162 100 144 116 74 36 166 32 38 59 167 110 139 35 72 120 15 143 152 38 89 25 100 80 172 156 118 74 128 31 14 53 91 38 122 129 197 143 176 99 180 175 86 140 99 140 18 170 16 163 110 188 42 179 177 130 130 104 156 76 183
162 179 91 197 25 58 77 136 37 6 85 135 89 49 9 169 173 178 53 125 91 163 167 84 68 61 145 79 53 62 138 121 85 107 42 42 11 141 33 138 92 17 146 46 147 156 178 41 102 55 108 159 28 0 159 86 94 196 114 190 58 123
71 59 197 139 131 168 19 37 51 6 19 6 179 197 178 186 102 105 14 119 156 178 54 100 198 23 3 118 75 85 107 151 159 126 36 27 58 60 172 22 56 191 88 50 72 133 4 150 45 80 192 10 160 154 198 117 30 71 84 121 43 70
136 154 158 45 17 23 48 55 11 118 22 57 140 134 66 138 182 129 121 37 135 30 191 38 112 168 117 20 4 81 78 113 91 83 126 168 54 176 125 181 23 67 64 21 194 74 131 49 137 127 31 57 158 128 199 146 58 67 86 36 84 10
13 12 93 2 82 100 8 56 181 164 95 141 150 200 12 200 62 17 54 188 32 13 85 5 30 191 127 152 29 67 20 157 37 117 63 28 15 139 193 68 166 197 116 18 137 190 73 159 3 192 130 125 118 136 13 6 129 75 125 12 42 82
196 28 18 93 49 112 14 180 127 163 142 18 75 66 115 84 28 187 38 175 168 182 13 86 189 98 114 160 120 105 28 191 130 52 104 189 163 104 88 173 29 90 96 124 133 65 195 80 42 97 10 60 143 39 146 26 93 62 192 183 65 39
196 87 166 68 198 67 196 37 27 2 36 101 183 11 172 46 36 95 141 73 165 68 68 88 5 157 41 152 183 53 153 114 182 76 128 145 132 0 95 108 85 11 53 44 166 7 169 149 181 136 114 101 194 171 185 75 99 138 186 185 102 27
141 42 22 131 110 19 18 130 125 16 125 72 187 175 3 87 101 141 65 153 92 24 199 193 159 25 54 38 123 199 137 109 4 150 58 74 150 22 53 174 9 114 126 124 144 187 20 193 43 142 122 190 13 104 198 152 76 108 150 77 183 107
139 162 15 168 154 178 88 94 65 196 169 156 100 33 66 200 61 189 142 4 143 110 107 46 64 120 147 47 90 61 18 162 199 72 28 32 198 60 0 116 112 126 116 3 20 98 191 0 44 167 63 93 52 6 113 138 138 94 92 95 110 108
158 41 73 142 124 3 140 18 190 152 19 84 139 172 145 96 19 48 29 48 185 170 65 195 54 197 181 118 58 99 6 49 111 170 108 72 131 139 26 156 197 68 39 56 175 117 88 109 146 88 2 91 199 199 169 121 153 126 162 15 10 115
154 12 67 67 100 105 104 113 3 123 123 112 41 184 94 73 55 109 68 51 130 100 99 56 94 140 95 64 193 30 47 154 174 80 107 22 187 1 139 12 66 24 102 75 188 73 187 26 85 15 71 110 124 46 8 41 159 163 108 74 58 195
175 48 122 191 68 119 94 125 72 125 27 20 77 108 94 99 68 98 164 102 16 173 60 172 99 36 121 168 152 114 24 186 97 123 200 157 155 83 82 191 22 136 162 128 68 135 137 59 142 175 49 118 124 3 39 156 196 159 59 59 64 30
8 123 11 191 195 138 96 189 11 43 142 12 153 51 14 39 63 1 110 126 94 178 137 106 104 113 125 128 149 121 71 92 101 84 154 152 124 167 48 178 196 130 194 196 182 31 19 9 57 107 41 133 200 178 134 106 190 36 69 122 37 110
143 1 94 166 62 94 74 158 129 2 114 31 34 51 172 104 173 33 29 196 26 148 45 124 10 66 43 149 105 3 167 177 143 182 86 92 172 111 187 187 77 94 54 6 136 60 166 86 118 63 13 195 135 187 153 39 79 22 111 182 76 39
51 54 40 14 82 181 90 14 189 106 187 150 147 77 26 194 19 147 183 29 61 97 166 21 48 178 85 97 141 130 78 45 199 22 63 149 66 187 7 124 197 129 2 156 33 98 70 120 31 194 79 161 32 183 158 112 84 188 162 168 29 82
32 27 145 109 122 164 4 87 105 166 181 6 67 191 146 142 52 40 111 56 48 34 111 92 22 40 96 126 55 55 103 164 190 43 75 123 129 184 82 29 16 95 147 0 50 160 145 181 113 154 200 189 77 184 45 192 101 68 11 100 3 25
151 34 151 89 87 6 160 125 199 98 104 5 183 34 110 111 89 93 32 53 1 172 4 24 181 64 197 55 4 108 72 178 187 141 154 171 106 144 45 141 68 165 19 187 5 193 200 122 197 154 60 90 52 22 196 108 56 98 152 39 17 191
61 9 193 50 6 152 61 58 133 195 190 100 3 92 187 93 109 85 53 75 82 101 49 99 38 194 74 155 71 61 88 101 3 42 39 120 174 175 90 98 197 81 57 3 107 179 36 39 139 110 94 69 135 36 26 25 73 14 133 142 167 118
193 94 38 42 41 90 150 127 37 147 105 139 35 183 84 112 133 190 77 76 25 118 100 57 124 162 181 54 102 141 159 121 185 177 116 13 192 80 149 130 65 186 159 192 71 113 98 191 193 34 4 72 190 58 21 92 138 123 48 200 155 140
168 157 98 168 183 140 94 151 130 196 103 153 31 121 27 133 84 106 130 10 50 195 152 32 200 150 89 157 27 180 55 192 199 116 42 173 130 110 32 77 161 55 117 113 136 176 40 162 15 103 157 128 95 164 40 18 191 10 49 112 187 161
59 142 171 159 14 37 40 86 101 32 29 54 119 45 169 17 114 69 199 196 174 67 8 87 186 64 151 157 103 35 22 64 104 25 184 101 140 70 136 36 144 141 21 129 109 76 137 80 10 167 36 100 165 129 193 125 11 63 38 2 32 111
185 29 194 93 53 54 89 104 4 170 120 182 198 72 87 40 43 110 95 32 84 74 73 199 123 112 108 196 186 138 108 148 21 39 118 26 108 168 12 139 29 0 174 86 145 74 151 188 189 78 49 168 132 12 147 184 190 128 72 85 197 75
139 56 116 64 94 179 68 58 86 199 47 39 197 10 12 7 167 188 149 167 180 23 34 96 88 118 66 182 18 87 16 32 100 21 73 143 196 101 7 31 101 13 138 180 52 27 103 180 122 111 78 45 38 161 61 120 181 40 74 56 163 200
144 174 151 44 61 162 155 28 125 21 23 178 24 149 84 34 24 16 98 153 168 82 59 118 106 41 185 30 108 140 180 43 52 178 38 139 195 126 92 73 62 135 192 76 75 61 160 12 192 179 71 175 177 163 39 85 55 132 10 92 181 175
107 29 102 158 23 69 152 22 25 38 123 23 107 5 54 179 196 129 152 140 83 163 123 51 139 163 161 120 144 51 63 104 0 152 47 74 148 158 182 33 39 108 144 166 151 188 196 151 185 114 100 139 64 111 147 19 29 8 167 174 16 71
111 143 81 37 141 16 75 83 24 104 47 48 20 176 157 92 71 88 117 152 184 136 40 78 162 184 146 156 136 30 53 171 99 22 146 2 79 87 187 30 43 85 18 66 175 103 92 54 161 5 200 38 152 61 72 186 96 74 156 75 128 180
157 31 184 199 43 1 90 136 95 200 175 39 199 41 137 36 165 97 159 68 184 184 15 168 194 12 20 115 38 119 32 97 66 14 59 154 5 29 21 142 8 161 65 2 19 97 163 117 76 168 48 107 54 73 134 150 41 23 83 177 41 97
105 75 200 180 102 32 79 30 13 37 143 171 123 42 151 182 69 68 160 171 58 200 142 157 122 50 133 3 137 106 44 103 20 76 153 153 10 90 149 171 164 35 133 169 55 104 38 6 160 28 86 94 44 193 70 73 74 196 187 105 2 64
19 197 121 184 111 128 100 89 90 144 24 186 114 103 128 69 88 112 119 2 187 88 187 199 44 189 149 136 174 131 31 86 26 94 80 72 190 122 89 24 24 9 149 121 175 78 147 142 5 68 63 67 7 181 50 97 35 162 175 146 162 75
197 77 192 10 121 182 112 125 157 43 158 47 180 180 178 71 71 54 71 129 179 35 46 161 132 158 67 30 4 161 146 127 86 26 145 117 45 71 17 186 187 3 16 196 109 18 164 79 57 199 24 178 84 18 13 150 133 99 66 80 170 25
86 7 134 40 77 108 23 1 17 73 138 86 113 198 162 171 113 173 23 35 70 50 150 76 38 98 2 30 39 60 13 24 146 49 108 64 82 2 143 158 133 117 142 119 16 106 124 174 74 100 82 63 178 93 136 64 163 49 17 140 69 162
196 125 8 11 13 27 97 67 40 173 148 184 89 13 148 124 179 164 3 173 146 167 77 133 44 38 125 2 179 82 48 85 95 67 182 54 160 18 105 36 177 163 82 167 121 16 123 136 92 152 165 146 195 72 72 94 190 144 37 140 188 128
72 116 184 21 150 157 192 186 151 61 130 107 6 12 175 190 49 55 22 110 170 139 74 128 58 28 23 165 63 136 134 74 77 163 76 18 52 86 55 65 66 7 7 13 18 59 84 48 182 73 66 117 161 67 36 73 144 45 169 84 188 133
45 67 126 198 95 119 50 87 124 73 196 28 61 43 94 159 178 120 35 83 76 89 197 137 123 199 75 177 176 200 107 38 100 178 68 170 107 83 13 92 94 194 42 166 68 153 192 186 77 46 106 179 162 175 75 12 106 170 108 27 159 163
87 178 14 116 125 136 55 124 152 17 23 175 118 64 189 134 190 63 72 99 28 51 25 167 76 144 198 60 187 102 98 10 36 21 147 171 37 166 193 49 186 109 15 129 156 25 36 114 133 141 82 192 111 150 152 145 70 121 152 143 64 16
57 200 52 138 106 185 199 142 175 89 2 172 123 2 173 121 95 103 71 60 112 185 157 186 189 185 64 199 186 8 99 163 171 103 190 90 20 28 90 11 53 118 100 15 42 85 8 8 140 64 145 196 54 64 110 122 65 162 191 194 67 109
115 20 127 0 9 119 125 68 83 123 124 129 132 80 94 68 155 136 44 200 38 119 25 21 194 24 83 42 62 66 63 65 65 4 98 80 53 87 180 117 190 60 187 100 194 0 69 68 84 26 188 93 38 4 117 27 60 200 16 40 120 56
81 31 148 156 136 32 135 98 79 28 137 23 38 11 77 48 121 7 141 168 180 129 133 125 86 38 71 62 166 97 197 69 4 19 88 79 192 128 49 12 35 195 175 164 82 88 161 35 180 21 31 65 148 131 37 181 163 189 132 188 8 177
33 169 15 144 193 39 164 14 186 53 17 41 92 149 46 71 188 94 15 149 88 181 80 119 51 23 76 163 61 101 150 142 150 156 135 164 148 137 119 126 188 161 51 76 102 171 141 174 122 91 47 25 102 168 82 32 134 100 76 175 15 122
95 13 69 167 192 179 23 104 48 115 135 18 81 104 64 23 71 34 75 22 8 164 81 66 61 65 23 164 56 168 8 65 193 58 1 1 126 78 113 89 57 69 59 4 81 38 118 61 71 131 200 145 128 99 6 117 71 144 200 194 105 78
187 27 75 75 49 9 172 86 53 161 127 171 129 11 152 141 200 197 48 73 163 58 33 11 28 83 29 18 102 38 2 196 181 99 189 117 76 191 137 160 28 149 8 151 129 9 127 97 9 106 26 173 82 194 110 102 62 122 129 164 71 25
21 97 145 109 96 138 147 158 129 49 113 83 156 166 25 112 57 24 115 45 134 186 30 50 101 38 85 57 12 2 42 133 130 152 135 157 138 48 26 125 138 50 62 138 148 40 68 16 147 4 88 40 58 72 35 16 138 40 59 143 95 71
195 194 3 111 21 127 1 60 150 200 37 84 21 19 127 73 88 198 157 33 53 188 148 69 75 98 178 151 92 149 180 18 149 128 18 190 46 85 12 187 18 72 79 127 72 145 191 74 18 92 34 141 182 177 149 48 178 131 135 101 140 7
