72
31 190 184 159 106 57 116 28 170 173 88 12 60 184 44 172 39 63 54 88 128 27 116 178 32 100 153 160 38 44 37 13 33 16 99 32 88 71 45 158 189 28 140 21 22 119 84 87 86 108 80 153 33 30 180 125 191 32 144 30 68 193 106 0 32 36 144 6 31 122 119 17
96 14 83 114 70 117 144 70 95 172 26 69 37 83 82 63 13 92 7 80 171 50 23 138 132 76 125 65 90 122 45 176 86 68 3 104 116 91 56 78 114 12 107 150 21 46 68 123 189 134 106 26 162 59 82 47 198 52 158 95 102 80 113 38 49 186 45 127 181 79 173 86
107 56 97 106 185 166 155 47 157 117 52 184 70 89 165 30 92 18 197 143 110 72 194 143 112 150 150 186 152 193 43 195 7 93 24 143 21 23 118 159 129 94 5 66 58 150 17 82 62 18 113 116 148 21 135 131 41 175 1 109 12 159 6 124 64 72 122 66 175 187 110 134
10 97 57 145 166 60 181 159 19 4 128 35 25 131 55 39 59 50 184 197 35 86 55 4 49 127 147 178 129 77 57 46 131 90 79 128 153 23 87 24 113 134 178 42 170 147 88 55 125 22 171 197 68 158 0 120 49 164 68 85 200 6 3 145 137 87 70 183 134 69 158 76
151 90 124 33 82 154 111 81 6 18 199 15 140 54 15 51 5 186 71 26 12 78 21 78 165 51 83 37 67 174 105 30 160 172 140 92 125 190 8 22 151 174 150 5 102 174 161 41 123 90 157 196 143 105 178 119 96 131 38 164 93 192 13 79 13 70 158 94 31 9 167 38
54 29 15 165 83 189 126 84 53 24 165 135 114 103 74 118 52 73 172 114 128 148 153 43 84 34 55 51 64 161 91 59 197 35 64 38 74 186 91 146 63 42 154 161 18 63 62 26 152 145 21 125 179 64 198 112 193 19 38 190 161 34 63 66 144 86 25 69 88 22 86 45
99 175 34 33 19 7 43 133 54 44 76 165 136 55 125 30 100 77 67 77 194 72 33 18 94 131 26 39 78 144 142 168 143 169 72 198 200 136 148 123 152 34 45 40 113 3 89 3 54 55 138 148 6 119 11 18 178 33 138 199 15 106 102 52 94 106 157 30 69 178 84 130
36 138 55 55 177 71 159 140 59 135 79 9 44 154 192 157 130 132 30 142 137 128 190 137 0 176 180 25 148 42 196 188 7 185 151 58 162 179 59 30 187 104 107 85 103 120 64 12 50 151 166 172 67 147 9 125 43 139 162 153 15 144 117 108 180 117 180 103 191 137 32 30
85 162 75 179 156 167 109 168 108 65 26 86 102 115 116 31 172 138 58 166 185 111 200 28 44 86 199 168 198 82 163 55 66 157 91 27 80 130 198 3 78 76 187 2 175 54 47 70 164 105 88 191 165 42 154 143 57 147 128 132 79 164 143 28 147 6 73 134 22 62 10 119
53 32 52 124 33 41 179 107 99 183 129 167 137 180 136 156 99 162 108 31 87 35 17 192 173 26 25 23 33 22 33 114 189 144 52 64 84 172 26 82 41 185 181 156 1 200 95 89 192 152 70 60 17 170 46 61 45 175 54 15 72 65 35 50 192 180 159 147 190 104 25 77
176 106 85 147 55 101 18 135 147 8 16 35 106 183 42 123 151 183 82 6 62 24 144 43 42 30 29 73 26 175 14 92 179 143 14 184 45 95 48 13 72 82 199 172 68 116 122 102 131 136 103 36 134 151 79 38 170 168 67 65 122 162 29 86 11 126 120 183 187 72 175 1
60 174 57 48 56 12 105 69 133 93 180 45 52 71 135 68 189 70 103 85 137 128 198 144 141 189 125 51 52 6 132 15 160 65 47 196 49 53 158 158 167 55 26 20 77 71 70 133 114 171 174 25 185 34 64 116 103 52 46 175 110 78 47 185 187 16 133 72 148 111 71 19
78 145 110 165 59 129 36 90 108 188 124 196 130 54 59 192 22 127 87 106 56 149 95 117 52 11 166 128 77 106 133 46 167 168 107 54 144 26 102 140 143 189 49 1 146 80 143 76 124 87 16 75 126 57 70 147 101 160 55 86 161 89 136 128 35 182 109 49 132 153 50 138
70 72 53 200 188 134 188 189 5 71 155 162 58 127 177 152 170 77 120 196 144 126 94 100 123 137 88 70 96 55 97 147 113 56 121 128 28 67 141 190 81 34 133 132 37 49 126 18 190 175 100 17 194 180 200 146 181 186 33 12 139 196 53 97 92 0 36 24 87 58 12 125
177 123 48 35 75 104 151 101 121 51 126 196 72 198 2 89 42 198 92 114 81 174 82 123 112 191 19 87 44 81 11 5 119 51 104 79 124 21 162 32 86 118 160 180 117 26 77 175 78 70 154 66 19 167 52 43 167 149 141 103 13 112 82 40 144 20 60 168 22 190 92 149
84 31 82 14 79 43 142 20 13 70 27 182 88 115 42 127 89 120 129 58 68 149 57 114 65 36 9 20 62 171 155 68 158 15 189 9 37 160 98 116 51 48 106 6 53 190 27 170 165 176 71 189 103 127 181 12 37 142 173 64 68 21 8 152 134 120 114 122 178 7 158 58
111 9 149 9 141 126 44 138 97 5 136 17 143 93 177 50 98 35 100 140 9 190 76 143 39 64 100 114 96 136 7 181 15 32 18 138 25 173 31 26 83 44 23 98 118 10 155 21 164 104 154 127 163 120 69 10 90 80 111 120 58 179 66 128 135 83 3 92 116 59 122 18
21 37 74 53 148 136 153 172 83 162 188 89 55 35 136 174 130 76 187 107 127 94 73 78 40 160 53 136 160 175 3 98 34 109 21 155 31 165 41 144 138 131 92 190 62 18 143 136 147 81 15 29 89 167 144 108 157 4 131 129 155 186 159 81 126 9 34 177 17 83 37 183
114 7 164 61 33 148 75 119 143 199 144 140 184 62 167 194 127 178 196 142 34 61 29 119 80 184 123 111 148 124 171 192 23 131 170 104 27 116 25 186 110 13 113 167 49 24 58 63 198 23 175 181 71 194 94 116 166 172 75 175 49 65 170 55 108 14 113 104 132 142 170 19
108 65 115 50 101 184 45 56 116 151 8 56 145 125 5 13 198 115 56 104 97 84 28 55 98 76 175 41 157 173 148 9 73 17 169 64 198 25 170 0 162 156 141 197 173 94 186 24 19 199 61 136 92 8 142 199 142 40 199 30 35 30 57 160 115 83 29 55 158 129 155 58
199 82 131 25 54 83 129 181 22 133 191 134 149 56 170 89 97 5 77 32 158 155 195 62 77 98 110 151 57 99 60 115 177 3 183 97 152 42 188 6 53 136 6 79 18 70 97 178 5 132 17 146 45 19 150 7 115 109 156 90 16 49 3 47 87 33 168 155 98 40 181 145
120 118 156 175 80 191 166 22 128 184 128 174 104 115 23 129 27 77 42 11 147 3 100 179 187 169 160 176 4 100 103 88 7 64 49 170 167 33 146 148 194 119 146 142 11 40 69 186 94 95 41 143 146 198 100 24 168 114 191 83 102 36 64 85 42 13 11 187 185 106 133 116
186 130 109 182 184 111 33 83 130 51 126 46 200 13 173 44 148 183 19 110 80 108 45 190 118 44 12 184 136 148 87 23 55 86 189 81 75 51 188 118 98 11 76 2 187 78 136 176 37 129 71 97 198 119 68 80 81 111 77 147 167 125 70 187 69 84 67 66 168 49 178 168
65 62 39 180 182 126 156 63 61 18 95 75 153 141 112 135 171 10 107 67 38 66 170 17 115 37 30 19 184 161 13 144 114 139 119 73 120 121 12 3 9 97 8 170 82 151 106 38 142 86 77 85 61 123 181 48 86 110 76 38 198 0 54 172 8 13 129 195 34 146 114 167
192 198 83 25 132 145 1 16 73 141 52 140 151 79 47 136 140 122 15 26 152 172 176 18 59 112 91 122 72 168 196 49 55 84 82 182 71 107 123 21 58 150 155 62 45 5 18 127 28 134 82 155 29 163 104 73 88 147 106 77 159 158 79 38 39 183 176 86 146 166 49 97
59 174 71 3 144 21 61 183 135 98 6 116 24 150 83 186 37 169 1 160 4 36 119 29 5 37 87 167 105 158 30 178 67 150 187 150 155 47 50 7 175 189 159 36 175 0 167 173 132 153 192 179 41 57 117 144 66 176 62 175 122 120 12 1 90 19 100 97 42 2 13 153
129 54 99 63 14 144 197 128 191 62 191 144 113 77 197 151 111 136 161 15 57 5 99 174 156 177 156 137 47 116 114 29 85 15 179 187 97 44 88 99 73 175 12 16 104 186 26 77 138 49 20 153 170 44 56 139 198 27 106 46 10 19 40 80 94 3 174 12 151 122 41 142
100 161 199 88 129 151 110 79 55 199 133 136 111 85 149 177 166 74 184 96 7 186 36 113 196 52 144 34 157 92 7 15 125 28 105 154 80 31 95 31 162 5 115 35 136 0 170 145 4 31 94 124 180 174 4 197 24 39 194 180 182 192 188 192 168 38 84 150 18 130 61 7
187 182 34 48 140 70 89 80 178 74 168 153 112 84 76 32 71 166 163 1 159 189 1 8 6 20 2 110 119 91 158 70 10 175 18 75 145 19 128 146 192 175 65 191 81 153 154 55 73 107 178 92 45 24 190 119 27 200 144 171 147 0 155 94 120 178 166 100 108 3 96 86
180 38 170 66 151 89 174 54 61 16 47 50 182 26 166 19 163 123 89 17 189 37 129 16 176 102 105 5 31 0 58 82 181 32 1 73 175 93 160 111 144 46 50 44 43 196 70 99 27 127 170 0 81 24 39 102 120 75 174 99 9 172 45 131 98 78 48 66 12 121 191 182
116 88 53 26 60 102 44 143 127 169 24 66 32 169 167 136 37 22 179 154 8 132 112 5 21 39 121 189 196 59 180 71 57 102 140 146 158 168 185 162 4 118 82 168 42 70 86 105 11 171 56 171 95 183 84 103 164 29 2 48 146 187 112 193 41 165 121 65 159 148 8 64
65 133 16 114 16 10 140 79 34 119 31 182 87 167 40 187 200 195 111 55 170 49 83 172 22 64 162 84 96 157 62 158 40 90 30 25 80 123 9 94 64 63 119 63 193 177 168 0 83 84 116 9 5 52 177 98 168 19 190 200 107 129 39 61 10 171 125 47 46 108 155 158
0 72 145 30 97 119 130 90 17 193 18 73 187 200 185 94 50 162 164 174 134 3 183 134 13 64 35 107 62 67 154 120 172 138 169 49 2 187 62 142 195 153 14 190 123 100 56 29 158 66 29 167 199 131 20 6 154 41 47 43 2 152 113 137 118 100 3 185 159 2 28 137
65 87 170 5 46 126 154 78 58 44 28 186 133 75 85 160 84 157 109 27 106 25 97 199 89 18 198 31 23 29 87 44 33 60 71 112 13 165 9 13 104 103 159 97 129 106 113 56 63 170 167 164 132 89 74 159 7 24 62 89 197 1 29 52 51 14 154 155 55 126 43 151
199 155 175 91 169 11 184 117 158 45 13 46 96 72 184 116 180 6 75 35 20 192 181 169 196 181 82 10 156 183 37 70 141 53 59 179 172 26 42 4 153 4 47 4 133 136 64 139 172 140 104 198 79 174 1 72 125 126 27 36 97 83 69 172 69 59 137 4 118 80 17 126
35 178 9 69 74 36 93 115 182 146 141 116 20 148 137 6 3 98 98 26 81 177 70 133 171 144 170 144 184 124 77 32 155 43 81 11 15 76 127 132 111 52 111 26 111 62 11 137 36 161 6 118 54 102 6 26 165 141 90 87 60 102 143 119 137 119 166 187 171 48 127 89
172 95 161 146 37 128 102 65 84 56 195 125 94 46 8 36 81 37 68 69 42 157 132 149 5 199 100 47 79 8 63 120 139 131 164 50 178 20 79 126 47 115 55 188 102 136 169 108 186 73 123 84 20 155 169 31 174 83 34 68 23 179 157 136 92 143 151 161 69 174 66 191
78 162 169 95 16 14 159 143 192 19 180 180 104 106 34 115 64 151 43 118 73 179 157 73 96 144 185 28 154 30 19 49 96 38 1 49 37 111 105 37 88 72 91 30 121 58 42 101 110 162 143 127 154 165 50 9 178 138 121 2 121 100 195 64 2 162 78 28 10 29 9 116
24 148 103 142 158 108 199 89 74 74 51 84 89 58 93 91 73 88 176 50 56 9 70 119 199 175 26 160 10 80 103 171 15 194 4 60 137 39 138 170 118 156 85 189 32 108 146 70 66 29 188 75 195 44 2 47 157 101 186 81 65 144 68 6 79 5 87 136 72 62 63 155
140 137 186 143 96 45 74 91 37 176 79 24 132 125 97 175 148 191 19 6 77 10 193 56 130 185 39 98 5 142 42 31 69 96 147 166 165 54 158 43 100 200 94 66 107 1 75 26 70 51 176 31 75 72 132 159 3 64 55 16 61 92 77 92 40 20 135 82 7 182 55 181
38 86 198 8 127 50 90 182 109 164 55 36 24 152 35 17 91 8 33 54 120 32 100 165 183 198 12 146 147 132 13 108 80 86 89 35 128 34 171 143 29 172 98 192 90 140 72 183 83 140 102 82 4 166 59 149 86 114 162 36 39 195 5 162 146 34 127 7 133 88 189 113
144 111 27 152 115 23 177 124 188 7 105 108 47 136 195 122 176 143 65 136 6 146 75 96 85 80 87 8 121 73 87 198 169 119 141 105 99 162 96 200 85 101 84 24 43 82 54 125 46 173 16 198 17 106 72 4 24 182 186 102 155 116 134 120 66 152 123 162 89 183 179 23
166 169 187 1 128 71 160 101 28 17 101 178 161 45 144 170 116 172 128 187 25 162 18 141 141 125 136 103 94 185 190 38 40 62 102 29 140 198 108 100 198 32 62 43 47 158 183 64 36 36 75 19 45 115 49 189 93 162 156 84 39 143 51 171 64 95 5 160 166 115 43 163
18 176 101 103 76 57 148 171 63 52 154 29 190 175 43 117 131 186 52 73 194 193 51 111 97 85 3 48 36 75 128 74 149 7 174 32 87 41 31 189 115 7 194 157 56 137 155 165 105 116 51 114 73 141 61 96 33 55 180 92 190 28 9 188 46 109 49 120 33 119 114 41
55 130 125 79 32 108 165 67 91 15 78 162 150 16 24 88 117 40 108 75 92 65 125 139 194 166 157 119 133 68 8 26 19 2 46 35 36 58 49 186 194 182 73 142 156 21 8 189 77 106 44 97 83 124 102 195 74 174 178 199 39 102 164 158 152 63 132 10 181 62 13 55
28 56 186 190 32 4 144 23 72 112 34 94 62 47 146 30 2 200 180 161 80 73 148 161 18 93 99 53 98 148 172 76 24 68 125 125 133 80 118 88 7 194 158 112 130 80 135 16 161 135 117 68 173 55 164 15 36 181 172 95 62 124 137 154 193 108 62 111 54 182 163 198
35 69 94 161 147 113 114 80 99 64 192 149 37 154 158 35 90 105 37 184 64 122 51 180 137 176 94 100 17 41 61 169 60 26 126 100 129 193 104 146 180 160 18 77 175 67 58 49 77 23 132 44 101 40 85 192 12 49 52 140 68 66 34 63 191 64 67 190 2 84 90 34
18 60 58 123 25 113 117 27 99 165 108 102 5 191 196 40 123 84 33 109 18 1 39 195 115 67 21 80 97 176 68 30 109 97 144 39 7 131 73 63 139 84 174 3 55 18 143 76 29 99 59 167 132 167 71 66 140 112 169 198 42 64 62 110 98 123 64 6 73 186 134 183
3 90 64 169 57 117 99 88 159 107 37 185 149 21 77 59 167 136 78 143 99 161 163 145 35 134 1 91 52 4 173 198 60 189 63 48 47 112 154 63 50 105 111 95 35 187 189 148 124 34 164 90 60 132 35 117 104 169 43 158 145 156 76 120 140 140 74 110 116 97 171 20
153 86 191 36 111 125 113 147 66 82 79 144 141 65 12 123 63 139 184 96 170 126 194 156 137 95 60 39 144 109 24 170 166 76 137 130 46 23 43 87 83 8 81 156 154 89 12 25 99 75 50 89 24 123 35 34 125 169 139 40 50 199 178 163 148 50 128 91 76 191 150 102
24 167 64 154 93 33 133 62 147 35 126 115 158 177 191 197 93 15 84 104 20 150 135 155 196 200 71 115 35 95 156 93 0 101 50 183 153 191 32 133 102 35 33 118 160 143 19 61 52 93 63 138 187 3 50 26 94 93 88 158 131 105 17 127 5 79 141 14 81 86 86 33
164 65 164 25 102 46 71 175 95 152 182 23 128 157 165 80 70 60 104 153 187 71 133 185 126 127 6 116 33 44 156 21 11 141 54 26 74 143 57 102 32 51 46 67 145 185 80 130 40 66 49 28 136 50 10 0 186 34 131 66 103 59 32 94 0 113 82 119 72 108 198 134
54 130 56 74 148 179 173 71 152 75 138 193 88 90 117 103 95 76 134 87 30 109 49 23 21 115 76 100 35 58 143 36 148 170 184 8 39 160 45 195 60 25 27 192 91 196 109 160 184 137 55 92 2 127 32 27 58 93 39 84 37 84 10 70 166 2 195 25 143 199 111 4
118 139 30 10 123 188 75 172 7 139 132 198 28 168 16 191 46 5 56 118 94 155 99 48 81 4 103 164 155 95 181 146 42 12 61 140 164 81 26 33 78 91 156 117 176 60 27 117 107 87 85 86 83 29 129 172 150 48 147 79 122 122 106 23 132 198 25 58 85 193 18 157
10 120 8 6 131 20 105 142 161 192 148 87 180 77 180 41 178 56 39 148 73 27 1 149 15 158 94 59 139 152 187 41 39 70 84 70 76 29 138 123 12 12 112 128 44 76 107 37 56 200 60 46 108 162 9 17 40 156 189 118 7 177 178 21 9 113 178 137 191 71 200 163
16 46 46 63 73 83 114 90 92 66 9 141 171 83 76 109 113 187 95 142 25 109 154 103 168 95 144 4 123 6 140 185 34 30 53 118 68 97 36 42 75 122 111 135 190 95 20 40 62 49 28 158 170 142 36 135 94 19 63 53 91 62 69 137 59 58 195 82 6 52 200 153
166 63 20 64 152 3 180 34 87 83 133 114 182 172 168 108 51 104 182 116 176 59 33 57 131 137 101 190 123 113 98 48 135 187 184 166 148 97 119 102 158 199 14 60 175 122 136 52 12 174 136 112 123 150 154 164 200 34 97 98 143 141 44 167 66 28 152 4 91 97 156 197
15 64 166 36 23 139 70 24 41 190 109 176 39 106 184 135 76 12 16 88 125 56 117 112 101 158 43 82 144 187 138 172 105 92 162 152 161 69 179 172 128 4 81 65 91 108 55 21 71 199 61 142 58 45 137 95 80 37 10 27 110 140 33 172 14 109 29 57 188 111 50 37
143 74 76 128 167 62 142 95 62 36 5 126 116 11 64 145 187 200 147 47 97 39 95 160 62 157 29 64 182 74 118 58 196 49 95 171 9 25 81 131 80 109 94 62 192 150 184 117 29 140 162 75 79 64 166 23 112 47 27 102 16 121 184 185 154 85 124 12 106 198 192 98
36 74 162 12 100 171 146 52 36 154 43 97 32 156 25 159 13 107 141 179 133 166 87 100 167 84 198 119 18 183 100 145 49 173 85 54 79 150 188 151 0 6 10 15 181 0 43 92 24 182 182 84 185 174 48 15 91 69 91 191 9 191 14 199 181 185 187 127 168 175 3 145
58 198 148 141 140 53 80 91 154 106 164 68 78 12 177 86 110 5 179 44 194 140 13 23 102 39 174 89 200 167 189 86 48 194 128 99 9 179 100 21 45 58 39 54 174 182 6 9 191 54 129 124 57 40 157 145 72 168 198 142 154 178 114 149 120 157 13 58 23 22 43 64
10 114 195 165 182 65 28 44 35 72 166 127 150 60 83 104 92 81 173 115 65 100 165 120 96 148 137 23 2 152 36 74 112 175 11 159 67 108 6 141 85 156 16 109 96 190 52 191 77 108 122 174 83 183 139 26 168 43 26 97 116 15 151 137 68 22 192 56 32 108 27 54
162 169 184 17 56 181 68 78 99 11 39 35 85 73 58 193 131 185 163 198 195 6 112 19 62 98 76 87 98 5 84 54 105 93 63 26 11 81 19 90 143 76 84 84 0 71 118 158 166 85 28 176 28 112 23 54 34 38 30 2 178 122 23 192 126 155 145 99 164 150 47 121
35 147 61 102 108 159 58 55 75 191 54 81 143 12 113 165 177 25 71 73 5 37 88 132 74 100 181 182 11 119 140 86 136 14 65 112 192 58 134 128 168 58 78 160 160 180 107 175 67 71 61 122 151 86 94 44 100 105 148 4 112 124 78 99 76 168 135 57 190 173 125 43
113 91 29 169 71 8 167 33 28 60 145 195 140 17 10 166 122 125 36 48 66 195 10 54 60 150 163 57 107 133 69 196 113 108 64 54 31 45 21 12 106 122 11 94 79 49 28 57 130 31 125 33 156 148 78 13 31 133 25 181 62 41 35 130 172 148 154 175 104 95 77 89
103 1 44 69 32 28 37 82 88 191 59 165 14 148 126 78 104 52 191 168 172 58 14 153 119 57 33 63 53 49 99 3 51 148 82 196 66 58 41 159 13 5 47 14 124 67 138 31 160 125 111 132 5 96 184 163 46 7 85 173 43 37 175 134 84 191 114 35 154 3 155 77
174 163 14 160 45 100 2 70 200 46 181 42 178 189 184 46 81 89 121 137 135 119 28 102 95 166 37 94 73 44 5 69 112 142 174 66 28 15 109 42 110 158 192 65 192 127 114 165 122 149 4 131 139 143 24 125 119 146 37 111 126 87 163 61 88 105 15 57 18 142 109 168
85 14 142 157 69 175 48 78 131 100 45 199 68 179 86 71 29 15 117 80 181 165 178 133 111 101 189 76 74 16 185 71 58 174 185 93 78 1 70 9 158 195 48 107 31 124 46 90 87 124 6 93 119 200 147 78 141 103 83 76 50 9 120 59 180 124 6 8 164 111 147 84
170 13 103 200 35 156 105 47 179 148 184 156 169 124 124 70 144 74 180 194 200 85 13 107 3 47 128 138 15 191 160 29 26 54 123 106 6 104 167 132 94 10 147 176 137 123 67 89 25 168 117 64 120 12 21 193 57 94 8 116 110 28 108 36 113 89 166 32 141 181 79 165
29 114 150 180 15 154 9 11 41 181 173 124 41 189 129 192 47 4 70 132 152 93 47 160 70 90 185 97 44 107 112 180 181 181 104 92 122 35 197 11 155 178 32 127 76 111 44 64 42 199 169 103 197 111 174 182 74 180 17 30 66 86 184 180 161 35 48 108 161 78 8 11
170 162 117 89 45 138 40 165 126 20 41 20 56 41 34 133 101 145 164 110 63 158 188 41 175 65 150 69 82 150 193 124 180 150 5 29 33 20 94 50 8 21 169 85 76 66 83 189 137 65 164 72 73 44 121 47 80 36 112 12 162 77 197 22 136 55 62 162 170 123 9 12
154 30 177 83 28 128 9 194 91 141 83 107 41 103 137 157 166 161 177 64 43 162 35 168 65 120 5 84 57 128 26 86 155 72 58 108 79 106 35 69 176 17 65 9 122 143 71 118 137 190 195 138 98 22 92 132 114 165 90 150 195 18 74 37 185 109 57 181 9 123 150 94
