68
93 143 73 177 128 61 144 127 43 83 22 182 175 72 3 55 77 54 95 82 71 0 47 158 59 193 150 180 85 13 15 99 127 29 28 100 98 13 9 115 176 0 146 132 197 9 166 119 147 78 124 71 166 127 50 62 24 177 111 173 10 83 110 102 49 37 126 125
63 143 115 89 185 122 93 122 121 159 22 18 36 127 88 27 72 99 65 153 138 183 90 169 18 142 8 146 44 20 187 16 48 175 11 112 173 71 189 181 82 148 159 164 179 94 185 198 2 169 91 170 150 69 100 74 62 173 107 100 102 88 76 192 73 69 92 116
160 88 115 60 115 33 35 101 142 175 117 134 29 92 180 97 81 179 48 3 96 106 33 184 150 156 189 18 127 46 50 90 195 129 168 61 167 95 104 192 158 50 121 60 67 184 187 160 113 62 151 42 7 52 78 83 152 137 11 3 54 93 32 175 10 197 15 90
33 66 89 19 131 150 92 5 126 182 133 96 157 99 71 69 134 83 35 168 166 100 76 62 129 200 17 18 36 107 10 150 93 188 188 120 200 100 38 59 133 27 175 84 161 32 24 82 126 7 114 30 86 126 45 144 52 193 79 5 4 69 28 2 104 112 110 27
195 105 182 88 104 145 192 33 143 160 184 118 63 177 67 184 84 102 154 30 64 77 185 139 156 174 62 142 10 166 136 118 48 147 30 186 116 91 82 49 125 193 24 123 5 47 24 35 184 172 166 86 79 148 21 11 68 5 56 65 120 72 11 157 44 182 185 71
105 54 127 186 193 171 125 20 162 62 107 193 38 157 137 4 28 108 30 87 154 128 41 49 59 126 199 33 82 82 56 21 93 110 110 34 7 114 51 154 194 63 178 152 93 19 134 147 197 35 185 188 13 33 49 170 106 190 34 172 5 65 50 131 139 111 123 13
175 78 126 111 36 146 27 125 32 10 70 180 92 28 41 186 164 159 0 150 59 142 155 104 39 103 131 73 18 63 141 67 22 176 161 188 142 116 81 3 69 65 66 14 126 27 66 166 175 4 169 154 141 188 81 111 187 36 94 63 155 63 184 38 21 131 12 109
79 183 39 153 32 135 39 46 163 92 134 190 22 177 34 41 78 133 196 8 74 176 94 124 135 23 168 9 7 148 18 45 154 24 50 104 52 154 136 61 187 69 66 51 170 26 19 170 173 158 73 108 38 103 69 96 162 152 55 32 108 188 80 185 94 120 181 16
176 7 175 179 141 102 102 64 151 43 130 6 74 55 155 139 111 160 81 74 33 152 200 2 166 168 78 35 156 5 129 103 35 33 17 60 155 40 194 4 46 36 78 188 83 110 78 84 81 64 51 24 35 93 86 52 52 35 60 193 71 191 88 172 165 96 49 64
172 83 113 169 101 13 28 84 48 126 65 176 125 57 174 173 120 14 14 32 59 9 93 20 38 33 75 4 74 133 50 146 95 152 55 8 127 95 25 5 76 2 96 177 67 140 42 137 103 81 109 127 109 59 60 41 132 120 123 125 153 22 136 54 130 141 189 31
6 13 144 102 69 136 89 108 159 74 115 157 188 77 167 40 60 70 113 36 145 17 191 112 114 12 45 161 188 111 126 151 78 13 58 25 149 124 145 163 193 118 114 167 140 185 38 63 169 109 200 23 118 49 156 61 174 0 198 45 151 125 57 125 152 175 128 89
21 59 19 136 42 62 55 59 24 16 180 57 197 70 132 163 136 174 130 21 39 37 144 81 1 199 44 29 8 188 95 107 138 142 50 175 81 86 170 123 171 177 12 165 30 161 39 37 143 79 187 7 185 182 142 49 42 41 94 18 28 188 17 199 94 187 166 153
11 197 118 145 30 0 135 104 136 29 188 117 114 181 49 9 131 81 97 65 89 139 200 168 123 12 162 31 0 167 98 117 199 165 51 22 7 194 28 50 118 117 81 1 136 46 98 51 119 173 162 184 32 191 64 32 41 98 56 87 156 135 72 189 63 195 104 76
200 9 28 106 162 192 7 22 153 198 123 187 136 83 108 53 18 34 97 162 0 189 112 82 155 4 119 110 149 23 26 128 85 75 188 95 96 70 147 165 26 197 141 41 38 28 78 125 45 150 194 185 184 84 86 37 80 5 159 197 16 42 53 155 127 162 159 31
161 48 150 98 5 178 142 169 70 20 107 131 143 153 77 92 159 166 165 49 192 115 48 196 85 32 129 26 36 122 35 55 181 175 144 115 32 102 73 45 195 179 175 151 71 68 117 176 111 140 193 111 12 20 38 194 169 87 49 182 29 95 91 59 103 136 5 149
104 150 87 118 164 126 26 95 56 57 176 26 108 17 89 128 87 121 190 5 0 50 56 181 176 200 168 157 109 27 4 28 182 93 168 6 163 152 183 74 82 104 135 93 168 81 114 146 162 24 107 89 155 55 158 32 187 192 169 186 3 116 129 84 34 127 18 113
34 143 37 191 35 108 6 169 87 5 191 110 170 86 69 186 33 104 196 72 187 186 140 187 40 72 89 84 108 77 143 104 122 143 41 192 93 174 109 7 148 58 70 103 32 7 182 140 194 46 82 176 83 62 169 74 200 59 146 174 99 66 15 83 0 123 80 176
15 24 171 121 175 182 105 189 104 85 119 9 41 35 106 92 193 63 137 161 94 17 12 55 175 110 36 23 50 186 37 177 189 46 91 119 68 1 79 195 137 141 51 194 147 5 112 52 38 160 41 88 76 74 92 20 168 110 162 130 47 50 82 99 102 0 95 180
117 178 79 148 128 114 97 129 44 99 82 133 127 7 177 106 145 4 8 58 22 165 21 64 16 123 179 35 116 190 50 124 87 183 92 80 32 185 94 120 129 98 13 163 91 42 174 131 16 159 53 128 170 48 198 76 3 166 40 127 109 128 4 71 109 53 24 150
53 162 54 138 129 165 179 158 74 100 86 87 7 184 158 40 73 162 108 12 146 111 121 67 156 119 81 101 74 116 1 161 41 76 200 61 116 190 73 192 12 15 150 114 117 169 13 104 58 192 57 86 166 192 54 115 123 4 16 84 193 193 154 108 169 165 79 88
53 46 156 182 128 128 192 130 80 5 130 50 39 60 34 104 184 156 26 37 38 116 193 31 164 7 60 27 138 21 128 7 61 63 28 126 145 2 104 173 97 167 3 128 132 195 170 34 141 196 63 111 46 60 65 129 68 4 187 167 93 155 47 133 100 135 67 62
43 84 189 136 22 103 101 72 157 175 183 106 73 60 3 39 158 1 98 85 87 39 198 58 68 187 11 48 136 184 5 89 99 31 43 102 44 134 138 126 188 181 23 22 91 105 142 170 73 121 78 186 46 162 183 31 5 95 71 79 101 33 148 40 94 191 3 118
163 71 47 168 43 72 98 123 174 103 136 88 76 152 120 79 128 142 146 159 148 155 61 18 178 193 133 129 68 192 176 100 87 112 19 33 159 177 65 12 185 67 64 152 196 122 100 92 99 129 35 130 70 111 182 59 166 65 183 53 41 151 34 16 59 114 39 73
191 141 167 182 162 129 162 6 170 34 16 78 71 182 32 143 149 152 93 171 147 153 58 67 7 0 14 83 169 182 183 114 124 197 144 86 129 187 76 186 154 48 160 140 128 33 1 152 173 189 109 182 44 9 43 165 45 129 197 171 111 4 95 177 164 171 147 27
65 169 167 167 5 8 115 29 13 187 143 122 104 135 157 39 138 125 118 168 152 195 11 121 28 66 9 40 175 164 129 188 79 199 13 124 103 98 118 146 91 24 174 29 154 85 42 196 12 34 72 140 61 73 42 124 80 121 147 117 141 138 181 190 96 47 181 148
66 52 31 101 131 195 57 60 183 173 104 29 19 135 10 46 62 77 148 140 81 40 188 12 25 71 98 143 189 110 79 137 46 198 187 58 145 42 155 100 139 66 139 149 84 132 13 173 32 136 77 39 149 143 65 99 199 60 115 91 170 117 12 176 29 173 193 10
0 11 133 44 200 144 63 102 90 191 160 132 51 190 62 50 84 91 152 148 169 92 91 152 81 38 29 56 77 174 175 1 162 144 48 167 70 8 200 58 101 178 124 85 53 82 15 75 110 89 99 25 83 33 83 38 18 80 4 97 11 25 150 80 151 120 81 146
42 68 4 188 122 1 53 124 146 184 156 131 56 146 113 36 146 170 8 122 2 184 21 146 116 11 181 84 188 100 89 88 22 158 171 125 136 167 39 110 62 194 156 167 65 186 81 162 198 189 106 149 64 27 12 179 151 90 149 104 183 113 84 109 164 117 92 155
40 38 49 33 166 48 79 184 169 101 18 30 10 160 157 121 35 34 34 84 117 197 85 132 193 191 30 183 124 126 76 84 71 116 39 100 34 108 87 165 2 94 62 96 102 23 28 61 27 84 157 14 103 142 60 197 5 198 122 38 68 30 3 187 162 150 187 4
112 111 174 194 154 121 89 54 130 192 35 81 0 142 189 184 165 86 62 121 117 149 50 88 116 37 198 50 66 153 50 186 160 180 138 22 80 45 164 27 1 74 123 96 153 136 76 8 166 159 127 24 170 46 183 145 124 60 26 86 82 200 121 56 88 29 106 4
129 198 134 173 128 172 1 82 137 13 130 151 148 52 145 72 137 102 35 109 70 157 128 60 68 158 185 146 199 19 119 171 173 137 7 49 182 160 79 52 187 130 114 51 191 88 8 45 82 101 115 85 14 67 34 70 7 113 157 105 8 191 116 162 44 36 104 169
71 118 166 144 76 41 13 147 186 31 184 121 103 143 128 152 20 88 187 5 120 82 86 196 126 127 182 186 69 112 138 47 177 24 105 31 170 200 196 119 112 165 76 63 135 191 120 8 192 169 149 16 21 187 91 88 81 14 69 16 13 65 49 47 47 129 114 89
91 182 90 26 84 185 154 78 171 179 61 106 44 185 121 168 161 41 170 58 136 116 24 60 176 121 114 25 34 79 90 145 157 51 115 45 168 98 182 60 107 76 125 123 111 186 182 104 61 50 37 199 135 88 116 137 20 88 53 134 80 167 196 157 35 161 162 10
33 103 121 154 187 126 195 60 140 81 55 175 0 87 181 152 194 143 146 92 74 107 98 103 134 40 141 55 84 28 2 183 150 80 61 94 163 97 127 116 101 137 147 183 35 60 4 145 115 48 123 56 59 146 166 20 147 117 31 172 88 95 73 197 62 192 23 66
147 169 88 117 135 14 13 175 182 163 200 153 158 79 189 19 199 91 197 97 45 20 120 111 102 123 165 141 57 153 48 141 34 75 63 79 82 51 200 56 63 78 12 183 57 147 4 109 31 199 160 18 162 181 1 47 189 8 74 191 57 151 171 165 149 120 12 183
200 56 22 20 81 116 8 0 39 32 111 2 184 148 109 11 173 60 181 173 96 97 6 182 22 89 141 152 167 111 124 91 146 135 10 198 162 85 145 94 178 127 49 156 51 4 1 196 5 194 165 200 159 77 16 49 76 13 52 150 20 71 171 197 131 32 171 108
122 133 12 51 88 28 107 170 150 89 3 173 87 119 36 187 180 22 60 126 185 27 36 147 107 86 138 33 51 139 150 49 94 141 19 43 12 91 197 138 27 53 57 158 39 1 133 14 36 152 162 115 34 63 89 8 129 31 155 29 138 159 111 12 54 121 197 187
132 70 133 196 83 24 75 123 25 121 80 160 52 166 47 2 101 52 91 101 62 114 15 32 46 132 86 136 13 195 29 142 97 83 112 147 151 41 104 131 155 187 191 120 161 141 199 159 138 168 13 142 64 127 120 3 93 78 70 17 51 140 60 137 159 27 156 24
144 161 69 200 35 114 183 156 122 105 180 190 82 89 152 90 180 64 126 179 182 143 101 6 189 12 7 6 25 30 191 155 190 60 120 54 149 143 196 84 8 40 69 116 70 166 143 57 191 7 98 189 70 31 97 46 8 127 36 87 71 141 60 129 187 96 102 73
94 78 146 71 103 165 96 156 43 62 174 42 91 87 55 192 103 66 87 117 184 22 78 57 87 110 86 124 148 135 182 134 134 113 168 190 27 195 71 44 55 119 143 120 168 92 84 178 90 168 94 64 101 123 35 108 29 68 86 58 29 135 183 131 80 163 34 159
42 165 49 73 3 6 88 24 166 47 117 79 103 75 59 124 13 125 168 53 42 141 79 26 172 181 57 53 117 95 140 154 65 103 107 70 72 43 100 98 20 137 154 80 34 53 43 195 142 187 200 33 6 115 63 56 12 91 79 94 15 125 151 187 104 114 37 130
169 54 47 41 14 181 151 136 146 25 80 168 122 67 65 106 40 54 55 89 162 11 191 152 180 199 148 85 124 94 155 191 186 7 184 95 69 135 119 75 88 177 36 197 35 75 127 120 63 55 169 61 94 24 53 175 119 143 121 122 131 188 21 104 7 87 48 155
153 50 18 44 82 196 1 25 142 147 132 117 99 9 167 137 155 74 148 23 75 195 97 177 161 52 64 200 130 70 37 49 69 82 44 113 67 91 181 184 85 33 106 4 169 62 154 180 65 75 3 73 76 89 80 187 158 1 92 177 118 86 197 159 86 15 83 28
29 149 40 9 160 95 73 103 105 98 91 33 20 179 50 22 93 13 199 128 182 4 14 109 114 15 146 102 90 22 118 14 137 52 97 43 87 100 176 137 12 157 134 65 89 74 44 64 21 187 131 95 19 58 83 83 98 101 70 46 198 96 6 180 93 129 108 156
169 97 67 11 10 103 64 13 159 14 168 164 162 35 26 151 57 77 45 59 195 40 113 131 24 118 32 48 169 72 160 94 55 34 22 21 181 43 137 153 101 70 6 60 191 46 187 155 178 140 90 158 50 168 70 183 132 140 119 138 189 31 147 25 2 173 115 2
156 136 128 26 116 127 119 115 111 166 199 2 131 42 16 2 23 136 1 17 69 198 140 9 175 178 17 161 14 70 31 89 39 131 18 177 30 49 186 191 22 1 175 101 62 50 65 107 107 162 5 69 92 41 163 42 122 104 101 168 31 175 95 133 109 51 159 90
29 190 69 12 70 71 148 35 141 68 52 50 158 4 115 107 184 142 42 148 173 159 131 173 136 78 21 50 115 167 92 116 52 179 163 169 97 22 68 39 12 164 177 50 27 46 36 82 134 43 170 109 186 112 29 96 170 102 27 172 108 0 43 162 155 73 112 161
95 71 107 20 124 107 173 89 159 51 112 59 199 9 150 119 127 176 183 186 8 16 177 185 147 30 198 30 155 192 129 82 132 151 116 140 49 89 43 31 82 178 110 98 85 97 38 167 12 94 7 151 178 68 191 12 172 90 93 108 55 34 45 190 187 104 57 62
5 153 36 156 175 79 148 168 182 170 185 145 147 119 81 132 152 32 23 112 116 58 55 182 60 98 43 158 50 17 71 188 10 107 80 161 157 0 50 14 110 140 168 10 25 63 109 180 146 53 31 54 91 156 80 50 146 190 123 48 182 103 22 118 146 190 105 26
11 179 158 198 47 54 96 145 48 46 167 165 27 143 41 31 40 177 7 159 125 181 86 4 47 189 199 111 6 184 175 98 10 156 131 75 39 106 194 191 123 4 64 30 119 61 51 73 116 4 2 45 124 55 33 2 29 68 156 58 41 7 183 12 106 172 189 137
35 5 20 111 118 75 117 55 174 90 176 53 97 11 126 62 72 72 45 24 10 186 105 171 60 83 57 27 98 67 199 171 86 23 39 17 174 179 138 38 3 153 7 144 164 200 143 99 171 6 102 32 19 171 164 8 49 189 52 5 28 124 160 86 27 92 185 19
30 103 45 132 30 114 83 58 8 179 70 123 131 41 183 100 99 167 120 73 54 58 78 42 42 108 25 192 156 64 167 69 115 102 17 174 107 114 157 74 88 87 185 120 23 123 31 49 63 149 108 167 87 98 149 28 179 36 49 95 76 51 66 33 92 7 64 128
106 109 95 147 154 40 112 183 75 188 51 138 179 13 129 21 167 198 152 144 145 139 43 126 156 140 124 87 22 127 26 192 114 115 111 17 9 189 198 180 8 94 85 32 61 28 198 47 33 49 23 72 68 49 36 67 36 56 27 33 1 1 130 186 16 21 130 168
165 189 7 127 52 120 146 96 141 149 83 179 104 123 43 3 21 144 140 77 81 17 48 167 16 23 24 16 46 85 28 103 0 129 41 23 8 32 127 162 109 149 15 31 133 49 164 76 116 80 128 115 121 6 19 37 87 154 155 132 90 6 118 99 107 178 37 125
188 20 187 95 79 155 55 96 21 167 139 193 114 96 189 151 141 28 15 149 74 31 133 116 157 101 184 70 82 107 189 19 193 17 174 114 22 5 178 37 80 50 157 48 55 43 168 8 184 65 74 132 21 62 187 157 146 179 92 17 110 42 142 56 178 8 22 123
152 26 23 182 1 9 34 40 14 171 16 6 190 63 30 136 17 175 156 82 57 159 55 1 101 80 152 15 81 113 166 95 192 84 95 20 188 35 19 79 122 87 103 195 152 121 80 58 49 58 142 167 102 98 100 161 62 116 1 66 172 104 157 70 43 95 184 111
6 124 182 35 12 79 62 76 92 56 79 68 60 5 112 161 123 22 44 74 1 144 185 4 43 9 33 122 8 166 131 183 54 18 157 98 190 128 54 102 0 57 5 174 108 138 11 174 128 97 144 106 89 107 104 51 118 164 131 46 4 30 17 119 188 184 164 42
192 112 79 195 71 57 101 98 97 147 103 14 10 16 89 121 105 25 33 38 107 63 34 91 139 10 83 64 89 109 116 115 200 171 98 199 186 76 33 100 83 111 34 153 195 173 153 156 68 107 133 160 192 169 161 76 142 38 103 121 104 6 136 13 155 69 174 80
137 173 25 117 38 179 27 188 9 1 178 10 120 196 94 193 33 41 159 56 185 114 121 91 123 196 12 165 45 157 170 193 103 36 181 70 35 130 145 59 173 1 4 18 18 48 28 120 4 88 181 146 15 139 12 62 4 49 37 156 179 56 27 139 96 175 55 68
188 85 26 158 142 71 151 139 29 156 9 19 178 13 198 39 179 128 134 108 27 91 62 119 158 103 133 15 29 103 131 52 108 80 121 144 147 14 121 17 33 195 77 97 88 175 174 95 10 41 196 153 68 100 153 172 34 65 70 44 100 199 130 35 153 124 155 43
54 173 8 180 51 160 40 86 93 51 131 145 44 60 35 184 118 79 104 23 184 141 55 129 6 39 181 17 57 26 197 108 191 67 4 58 87 69 162 127 109 149 92 84 155 157 79 60 182 188 84 79 114 53 192 114 133 163 191 189 90 124 174 37 105 160 163 110
2 175 168 61 56 50 36 64 157 90 198 198 81 103 91 72 142 163 5 178 109 16 159 163 32 1 141 200 169 91 176 192 192 16 55 85 81 60 154 89 109 21 18 167 107 88 153 128 193 156 144 10 92 22 40 192 185 171 27 104 26 50 190 178 29 100 148 4
129 67 193 157 147 158 42 41 178 136 128 5 63 198 74 92 46 175 88 174 4 142 179 21 194 109 130 47 149 10 49 48 189 48 28 125 135 187 135 81 102 147 74 87 41 25 90 192 24 108 82 136 108 130 35 197 18 198 190 39 55 54 157 146 175 40 190 33
26 11 170 197 157 121 149 123 67 143 103 196 85 147 110 80 182 39 22 111 19 113 109 71 60 68 72 24 34 22 108 25 137 86 151 183 95 13 194 155 84 175 87 133 37 76 54 148 143 45 69 15 193 139 139 95 147 75 171 140 124 176 190 56 181 105 161 11
82 142 86 28 161 144 183 139 45 130 60 100 43 141 171 198 179 143 69 145 65 35 2 134 51 192 70 157 98 183 11 88 196 108 59 120 4 63 175 100 187 17 122 31 13 160 35 170 104 127 0 74 59 134 190 28 10 71 62 53 50 45 42 45 112 88 87 196
191 85 100 135 7 91 183 124 70 174 27 102 91 178 17 48 117 58 166 80 13 70 4 67 115 78 189 197 77 21 173 81 15 54 79 133 186 72 53 142 150 70 107 141 33 139 186 30 139 82 68 99 122 195 56 109 17 106 115 44 99 199 125 167 137 114 0 83
60 1 86 140 168 31 165 153 159 19 103 10 155 51 1 22 110 8 154 167 8 182 187 161 40 85 171 88 180 43 55 150 34 190 70 25 17 33 80 40 160 45 192 7 197 136 181 195 19 28 21 6 127 110 62 144 126 173 113 74 69 160 56 192 24 30 142 178
55 195 161 4 99 186 194 82 105 126 68 65 190 125 78 18 66 117 82 117 76 140 194 145 37 120 41 2 30 125 107 129 109 156 164 110 108 87 200 174 197 36 168 163 52 191 162 60 191 155 184 0 45 17 1 45 28 168 79 98 144 43 180 62 60 187 133 22
