29
162 88 180 193 20 34 106 55 185 13 177 123 44 109 84 0 176 17 17 148 77 73 71 67 96 9 62 32 0
25 109 180 45 177 103 106 140 34 127 116 33 78 120 49 56 24 14 65 192 159 187 120 60 175 61 185 11 60
85 36 31 165 97 84 180 29 57 52 168 152 16 178 120 45 135 177 147 134 4 133 167 28 165 187 169 24 85
29 118 155 94 57 92 69 122 76 193 188 75 26 134 193 3 182 184 22 191 156 161 190 194 95 4 92 82 176
55 41 147 153 162 144 109 171 40 133 105 56 113 152 57 85 100 31 119 183 99 6 33 53 2 174 168 127 118
158 113 7 149 41 38 165 53 186 56 155 127 152 108 185 7 18 23 9 109 136 152 67 42 178 152 174 158 31
154 165 1 104 24 123 170 137 80 9 87 168 3 81 34 112 61 16 69 15 134 84 153 138 13 127 74 155 34
152 120 194 73 120 52 195 99 14 145 3 60 122 152 160 121 40 131 72 67 185 187 144 199 116 14 173 123 183
30 72 88 131 183 111 15 102 126 177 102 21 46 190 67 103 129 138 144 172 104 5 163 129 163 115 53 144 198
185 39 44 81 169 173 0 165 164 69 73 142 1 160 36 27 25 157 91 164 181 143 141 120 33 34 131 129 14
121 140 198 155 96 67 21 102 154 0 164 75 36 196 105 73 4 198 50 174 134 76 57 115 4 157 56 166 42
66 19 19 18 60 111 175 99 13 139 91 4 145 151 103 141 26 38 67 150 124 110 196 103 116 71 100 163 63
25 165 137 90 41 33 139 28 56 21 120 179 103 164 194 65 18 21 176 10 0 150 182 51 115 69 24 24 104
44 75 127 130 129 175 166 9 102 162 24 117 93 45 23 94 141 111 3 24 2 148 99 111 31 27 1 14 90
82 187 102 45 98 40 82 139 196 69 134 125 166 195 191 192 52 116 136 126 175 52 148 166 61 42 42 76 137
58 147 144 145 149 80 64 189 38 186 132 71 140 89 102 73 157 170 141 120 59 38 78 178 139 151 157 62 185
167 5 199 69 24 121 7 143 83 5 87 8 15 3 102 34 33 6 3 89 128 126 131 135 185 5 106 188 96
17 10 41 68 150 151 92 143 57 145 132 81 72 97 127 166 160 118 83 4 169 171 58 66 8 86 9 55 105
21 1 71 183 112 4 57 99 37 150 11 14 81 140 126 47 54 51 88 110 154 30 116 96 185 103 159 165 111
17 123 162 186 91 127 47 33 194 63 101 3 18 153 138 129 36 138 131 12 144 111 162 49 111 57 32 120 57
48 78 64 136 64 161 13 38 39 145 42 188 93 185 12 21 109 75 14 172 87 184 18 22 160 54 65 59 111
165 102 8 56 83 118 84 93 74 10 137 129 47 150 117 109 47 128 50 199 155 88 132 65 54 41 52 64 154
184 199 102 119 62 65 133 120 35 67 36 182 22 64 131 180 131 74 54 15 155 194 165 4 17 79 55 161 171
12 168 80 112 103 172 97 159 82 48 104 131 168 90 193 22 79 184 47 131 157 108 130 121 87 4 134 113 131
166 110 46 14 136 126 89 13 12 104 118 186 86 151 109 123 145 30 84 184 52 119 20 143 21 17 200 9 172
164 199 15 93 173 148 159 167 181 168 177 69 54 122 12 105 142 136 66 20 45 96 11 149 128 56 129 83 99
92 158 70 33 33 99 192 109 65 191 121 191 185 84 129 186 34 152 11 6 129 6 19 9 127 146 14 107 30
74 166 50 72 88 38 132 51 21 132 188 34 19 182 168 79 62 52 191 140 25 123 170 65 92 199 35 44 161
166 28 37 113 170 73 104 187 142 48 52 174 41 78 58 53 74 142 172 32 105 36 125 192 187 43 51 116 156
