56
70 53 93 93 116 157 35 153 22 123 57 109 119 163 152 160 61 58 60 13 129 56 56 168 4 176 41 121 72 160 124 161 50 28 155 187 129 195 151 126 92 101 45 104 115 174 149 131 3 122 182 123 186 39 0 5
8 186 39 134 181 129 111 46 124 6 57 197 84 110 162 94 159 186 35 49 198 102 2 3 56 167 156 12 104 159 44 12 185 124 18 133 70 0 17 187 79 129 122 100 104 108 179 85 116 82 98 20 170 135 96 4
85 178 130 196 186 36 1 23 25 34 73 145 124 115 67 79 121 111 97 118 184 68 154 52 113 28 164 175 79 119 24 164 133 67 68 20 47 43 104 16 186 139 161 169 130 175 138 197 20 43 168 28 69 19 104 174
64 192 182 71 164 130 34 195 131 35 175 107 200 158 48 117 162 121 7 47 37 5 173 41 155 41 22 64 30 82 162 193 132 64 149 127 90 88 11 2 40 192 56 180 68 13 161 119 74 181 28 51 126 87 166 38
188 146 32 116 67 191 140 108 167 85 39 199 37 33 193 74 104 84 24 143 116 79 13 147 19 123 55 45 161 109 129 134 106 105 155 188 182 116 76 200 55 39 48 68 32 73 18 23 82 152 124 112 47 57 30 187
103 94 166 54 150 173 21 90 137 19 34 124 56 17 159 35 162 172 97 63 29 76 153 13 64 175 199 132 136 72 141 115 24 86 33 96 86 43 14 110 186 2 135 175 112 133 10 18 132 53 40 122 196 39 170 74
90 36 164 92 184 34 154 84 162 137 116 74 27 48 41 45 126 148 123 52 101 33 27 96 135 171 39 152 57 195 97 195 163 97 94 117 39 198 105 98 20 3 91 0 62 145 167 58 157 198 73 137 171 140 80 56
17 38 184 175 116 118 104 29 55 154 130 94 172 175 30 83 107 153 56 23 119 32 87 158 84 91 83 106 0 23 153 118 36 37 153 166 169 96 110 120 70 176 89 1 82 53 121 167 153 170 64 141 179 193 5 110
16 132 106 104 50 101 6 21 127 32 154 24 2 93 80 25 170 97 158 93 68 112 146 180 186 1 5 45 175 187 71 107 186 127 104 65 47 107 83 195 33 59 52 105 10 170 38 128 155 150 192 156 99 42 128 144
83 175 33 56 141 66 195 182 16 96 49 128 109 55 91 45 117 25 184 38 192 23 49 5 162 190 93 109 119 167 165 199 42 154 66 76 28 69 154 12 200 133 8 106 25 109 59 146 22 135 126 167 39 142 37 160
9 195 19 55 5 44 64 184 33 198 128 2 139 152 66 90 166 105 80 15 64 13 52 55 94 163 21 33 61 49 128 9 112 34 28 43 121 166 131 9 125 41 97 32 0 176 170 14 36 117 166 177 19 132 98 87
4 14 131 64 36 32 25 150 138 18 52 45 11 117 98 166 46 167 158 32 124 177 28 152 60 131 13 137 48 104 9 167 29 107 6 165 112 58 32 7 119 142 154 50 172 131 160 75 163 133 69 156 171 61 167 108
100 197 121 22 144 180 181 131 122 23 58 114 143 103 194 79 84 9 139 187 47 133 70 24 1 137 38 162 170 82 54 132 197 197 95 109 173 120 23 196 182 23 147 174 199 98 112 160 66 116 197 97 153 13 175 87
135 17 87 53 93 184 67 117 150 156 138 15 75 18 156 72 199 180 0 69 90 139 92 11 46 185 179 42 169 186 73 98 131 163 88 96 91 55 168 164 22 15 22 85 115 145 85 63 62 122 10 181 91 147 187 127
44 104 23 99 151 84 120 1 145 103 124 105 196 26 200 192 143 146 154 132 40 115 124 83 88 119 135 125 45 169 91 159 31 82 108 78 57 101 167 33 85 157 114 71 99 197 176 69 161 101 11 75 175 21 113 40
30 152 173 86 83 115 154 135 139 77 10 122 47 117 188 176 113 122 1 50 24 143 167 174 74 70 116 170 35 147 12 56 122 103 124 92 198 120 19 187 6 50 192 102 105 141 13 150 32 173 29 35 54 51 83 176
198 60 47 125 87 13 116 76 169 137 194 97 176 63 156 53 137 40 21 197 138 86 73 133 27 69 170 133 104 110 128 121 100 92 56 35 178 37 122 97 117 137 51 134 101 138 118 83 133 171 41 115 181 116 134 86
77 51 31 182 47 148 21 187 178 13 63 99 6 55 121 60 161 120 75 143 13 110 34 74 25 120 145 32 20 99 125 93 199 138 28 76 8 135 134 20 65 117 87 192 2 26 13 39 19 130 105 86 142 14 81 161
143 5 3 95 76 16 156 27 101 75 152 0 40 104 43 95 37 119 109 80 144 177 53 46 87 125 116 4 10 20 140 176 79 20 67 34 71 36 106 139 146 7 63 71 121 33 75 143 28 197 138 120 64 70 68 105
188 80 113 48 94 92 177 63 32 76 59 162 86 31 102 59 71 142 30 146 114 191 82 184 60 130 64 37 71 145 136 81 103 83 130 139 105 41 96 188 180 15 47 147 151 76 21 112 167 106 199 9 59 14 133 75
17 77 65 109 189 96 193 75 73 12 49 57 3 89 114 137 21 28 140 86 33 73 35 137 27 58 147 148 168 41 1 123 102 58 140 139 4 185 127 2 108 158 116 133 61 39 81 191 136 65 111 123 195 54 99 62
165 158 4 193 51 51 180 65 129 33 189 105 23 41 19 177 30 166 200 72 22 43 198 66 89 153 188 120 170 23 197 20 178 197 183 130 198 42 10 103 17 98 125 35 115 75 28 152 78 35 96 50 95 26 29 188
118 43 134 112 15 101 186 174 136 7 109 20 140 36 58 136 73 62 194 179 133 45 26 153 175 128 185 41 141 134 159 173 112 87 135 13 88 182 197 160 84 178 18 189 64 197 168 54 104 157 17 60 41 189 47 37
118 187 196 19 7 9 140 126 94 100 198 0 56 134 93 185 111 42 146 154 191 10 29 10 78 36 174 20 186 11 47 16 91 134 195 1 23 78 27 27 82 140 112 88 70 96 164 155 96 35 192 124 85 160 45 198
29 45 193 107 102 71 176 120 54 188 68 153 168 159 88 50 64 49 89 121 143 134 177 9 136 175 166 58 135 16 116 193 24 44 29 33 66 146 52 97 128 13 164 160 193 119 167 10 151 77 174 37 12 88 4 192
165 76 103 140 58 175 87 76 101 62 89 42 67 197 73 167 138 59 167 78 158 17 37 50 165 29 92 93 39 87 101 113 111 143 130 200 156 105 63 134 80 195 193 9 47 66 79 48 187 160 89 160 188 194 166 189
140 16 45 48 169 18 120 145 102 146 108 165 96 140 67 54 158 73 101 72 83 49 167 174 157 148 136 14 162 18 180 159 171 191 131 69 188 177 66 164 79 79 26 183 125 176 177 69 17 4 149 178 159 101 18 174
18 48 39 116 13 170 177 80 106 133 46 46 155 154 50 85 183 51 69 105 119 99 90 28 136 8 74 132 5 88 154 165 52 120 19 146 29 90 158 168 83 163 92 157 20 147 61 43 125 60 140 103 112 54 194 89
6 33 120 190 14 127 51 138 24 145 128 84 175 72 33 66 95 68 180 166 5 195 61 80 10 37 133 199 34 18 16 83 40 96 96 3 42 122 124 154 159 45 0 37 46 193 38 8 163 0 27 122 61 176 99 111
91 8 15 193 89 82 7 155 130 141 58 136 79 5 153 17 18 83 41 151 128 165 173 137 123 140 106 193 59 174 86 124 180 88 113 160 149 87 74 60 81 188 37 13 81 92 188 16 82 111 180 60 76 40 92 123
119 116 12 103 133 80 145 159 48 118 124 74 175 187 103 187 52 122 113 72 150 154 95 180 25 48 59 96 72 134 75 193 127 197 166 75 94 187 149 32 142 113 111 66 54 113 78 52 187 189 125 99 199 193 136 18
144 184 7 53 59 54 142 53 18 184 75 99 186 46 79 118 62 14 36 114 73 48 44 52 24 29 171 189 116 35 94 21 1 33 147 56 125 86 62 136 85 73 38 13 71 106 93 165 158 120 159 149 111 132 23 2
84 49 180 183 84 185 148 181 179 188 4 127 38 24 108 188 77 122 90 45 184 183 129 7 52 106 195 31 181 184 178 17 171 46 199 168 189 159 136 157 166 61 91 73 90 141 47 61 157 90 141 193 88 18 200 20
62 82 123 181 197 198 155 146 59 54 195 103 19 162 119 196 71 32 147 69 77 129 197 191 154 55 131 132 105 118 60 94 169 136 47 111 101 108 64 78 155 65 32 4 124 105 133 93 16 73 15 153 109 191 128 109
200 119 106 68 120 106 195 50 160 165 31 114 119 70 88 192 86 17 145 70 77 129 118 123 3 115 123 26 136 79 153 134 49 59 66 87 155 28 72 79 171 113 171 14 64 0 42 69 152 36 73 121 35 122 41 124
135 94 17 105 197 45 10 54 13 61 21 184 130 91 117 107 181 59 7 114 189 115 132 144 64 188 54 84 123 5 190 144 10 33 88 199 197 180 108 87 1 147 104 119 95 12 179 100 110 70 147 150 150 56 100 52
126 4 91 80 33 172 64 58 6 20 171 168 170 22 191 187 107 181 178 16 3 18 21 160 85 105 150 71 137 16 101 90 143 54 113 192 72 119 103 190 50 40 171 16 133 14 93 177 186 140 94 111 168 148 74 14
31 156 92 56 100 188 15 23 112 165 32 107 158 32 23 137 116 187 84 166 33 117 197 162 158 84 11 183 137 173 23 41 91 91 181 182 184 128 132 113 167 185 39 3 181 95 123 110 40 116 106 160 87 131 82 133
38 95 64 101 180 4 188 104 23 115 118 110 89 16 40 142 58 185 106 159 73 186 179 18 163 175 143 30 37 8 169 136 189 112 154 58 122 162 19 135 51 163 194 114 172 128 189 153 73 66 107 33 60 119 179 79
2 195 37 114 71 178 154 135 61 167 25 20 77 45 164 194 173 65 14 149 154 98 50 124 121 8 88 12 88 79 143 173 49 62 45 84 85 68 157 107 147 83 12 75 95 65 34 57 6 138 18 186 27 23 86 74
121 98 113 174 142 97 112 14 66 5 85 200 1 160 179 8 142 17 181 66 44 86 70 63 185 144 116 154 12 129 30 96 147 25 160 33 176 50 150 150 65 129 35 63 19 166 36 39 135 122 155 2 25 185 177 105
108 56 33 95 23 147 165 135 25 169 45 127 123 188 92 179 161 119 145 127 133 130 31 116 177 117 127 73 42 145 10 113 89 23 159 140 121 106 6 181 67 82 173 145 41 124 191 53 37 183 67 173 55 60 146 55
5 176 141 142 39 0 93 54 22 180 150 62 75 119 146 137 87 170 25 105 195 58 113 155 197 155 70 76 78 21 188 31 138 68 105 170 132 10 137 124 53 186 190 59 97 163 33 5 32 30 197 131 170 6 43 94
168 66 18 188 98 147 97 51 195 39 198 187 134 122 184 5 102 122 61 129 49 123 39 64 9 187 161 200 125 134 5 191 90 122 181 11 196 53 95 12 52 16 8 38 88 181 5 97 144 90 180 148 186 188 146 47
126 129 132 23 200 41 24 193 99 183 146 46 35 91 134 104 84 107 117 58 194 138 15 43 99 119 40 7 27 116 10 40 76 166 92 185 4 122 82 22 76 155 3 102 56 45 134 150 189 7 148 23 165 25 136 178
188 179 44 9 63 169 130 92 168 158 173 112 129 91 113 174 170 93 67 74 197 19 96 198 142 52 187 106 87 44 175 48 119 31 68 188 11 18 156 109 145 178 155 191 73 86 3 57 8 149 73 64 143 57 85 167
64 156 80 24 36 133 173 123 147 144 140 153 111 133 57 40 38 123 85 39 156 105 45 105 148 15 102 113 122 119 13 11 56 188 78 168 126 186 109 2 164 9 196 151 85 142 157 28 22 146 176 123 119 19 176 102
28 183 164 118 19 79 41 17 27 67 92 171 51 171 56 69 155 139 191 51 43 135 45 108 0 190 116 182 163 191 124 117 96 59 53 103 179 166 25 120 16 62 155 36 63 133 196 170 134 128 119 54 170 196 43 150
192 155 154 58 91 50 57 133 137 113 185 97 27 32 142 107 72 166 115 46 163 62 75 133 111 67 193 17 99 20 123 101 37 9 34 186 80 152 162 35 114 118 79 87 81 51 46 15 156 43 53 152 70 120 10 182
150 34 166 190 119 26 151 179 145 191 7 179 160 108 82 72 5 153 128 42 46 63 103 48 13 116 199 149 156 48 128 194 10 187 129 148 120 99 166 106 47 154 4 186 107 3 94 75 93 21 76 160 104 159 145 52
153 126 83 57 129 24 165 67 1 77 108 179 196 83 153 19 161 32 180 95 139 83 125 179 133 61 20 159 103 184 40 61 101 102 17 84 157 27 131 1 24 129 65 68 80 80 95 62 72 46 94 85 41 59 84 147
132 167 23 21 13 55 119 48 185 95 85 24 76 108 47 27 197 76 47 45 189 196 17 200 8 123 195 75 95 200 148 65 110 102 52 171 129 0 110 91 125 103 30 110 94 130 158 83 150 99 170 175 156 104 22 75
123 178 93 52 171 8 13 135 185 82 47 40 192 26 58 74 115 28 195 110 3 6 134 150 192 192 1 138 58 120 149 180 113 57 136 65 16 133 156 114 9 3 28 148 97 25 90 164 140 9 43 82 72 99 44 45
37 34 57 141 199 45 16 48 52 47 151 139 5 3 57 138 118 186 104 192 87 149 161 68 191 117 200 69 100 78 5 194 63 118 10 134 179 39 0 25 141 192 70 167 71 172 190 26 85 198 38 18 21 154 140 115
74 156 79 47 69 166 21 122 157 178 144 150 169 81 60 107 104 27 54 101 153 128 142 89 71 145 108 68 120 66 185 110 120 142 124 111 88 140 125 121 12 97 145 111 50 184 140 59 79 30 182 130 70 38 53 98
78 72 43 148 192 185 118 149 56 191 153 145 91 61 166 12 107 26 130 170 74 48 0 57 50 99 90 157 194 83 9 115 64 164 24 171 74 16 117 131 174 20 179 137 6 51 142 73 144 38 154 195 39 69 141 57
