40
21 118 177 3 72 96 175 49 17 70 124 171 136 195 102 197 195 178 194 169 190 14 150 170 167 56 52 94 88 167 151 26 172 190 89 124 196 142 108 142
17 32 132 7 63 165 148 91 119 184 93 133 77 46 86 87 124 29 178 168 52 198 42 131 188 172 138 115 15 40 142 54 77 94 116 112 130 146 151 173
170 197 192 89 95 179 90 63 60 124 18 71 176 144 194 130 62 117 159 197 105 54 195 169 113 56 178 41 63 53 123 178 34 183 96 1 134 36 110 184
39 153 195 47 9 48 57 109 108 26 195 91 97 51 134 27 20 67 150 175 62 60 24 30 175 100 103 111 20 48 29 157 56 50 164 7 140 115 96 10
23 45 157 22 15 135 101 134 122 36 57 169 196 168 172 186 164 189 50 9 111 158 106 19 46 135 34 25 180 126 143 116 13 48 177 14 140 175 172 168
165 150 24 108 189 187 23 186 74 74 132 76 196 168 100 158 148 112 45 85 130 76 18 186 63 14 40 65 153 78 114 30 3 31 73 77 107 117 153 178
132 26 170 7 167 99 82 93 44 131 141 109 20 73 113 33 194 138 9 156 60 147 91 99 62 130 151 26 30 66 18 79 164 118 134 44 164 21 73 146
130 155 111 178 39 79 176 156 18 37 113 90 42 103 44 93 151 65 52 43 174 178 14 67 157 55 17 65 168 8 49 50 118 166 106 51 119 120 67 116
200 101 94 66 71 191 103 61 199 149 116 132 136 117 153 95 70 99 17 0 149 25 79 36 103 16 66 190 128 121 6 97 148 59 57 66 46 140 63 76
195 13 132 199 10 156 129 6 11 60 3 174 1 79 157 141 195 86 130 14 70 8 127 86 98 56 90 100 103 140 49 82 168 23 115 160 116 178 59 106
144 30 126 30 99 197 197 40 37 99 197 27 107 118 6 168 96 196 194 77 157 147 36 167 164 128 186 54 144 196 89 140 149 48 176 146 106 9 160 137
164 138 87 3 100 120 42 58 11 192 45 103 4 27 183 74 122 147 165 39 7 85 20 140 101 155 197 78 112 8 24 9 22 25 90 172 33 118 53 90
187 137 41 200 1 155 133 51 160 40 147 179 30 105 19 11 134 46 86 36 194 167 175 83 117 123 195 90 118 32 76 191 86 63 126 0 133 35 171 157
168 12 39 189 197 147 164 168 92 134 154 61 75 56 148 195 155 81 18 124 94 161 111 18 89 22 84 38 109 36 12 21 138 32 67 59 20 150 132 62
65 149 159 119 70 45 115 151 58 102 47 21 6 192 105 150 77 92 53 109 191 184 182 52 1 128 1 156 26 47 51 34 102 111 126 14 46 105 12 163
97 43 37 104 18 87 24 178 3 84 1 119 21 166 66 91 128 103 85 133 190 141 139 33 15 139 20 70 151 150 40 44 151 88 161 145 166 135 72 3
140 67 26 33 178 109 192 197 8 79 155 91 129 112 138 132 114 34 185 53 86 79 164 36 132 61 69 75 130 85 173 92 120 32 49 116 174 36 66 144
39 153 171 47 32 13 49 106 42 158 71 107 174 73 61 159 90 67 98 159 40 76 192 22 191 192 10 123 144 0 193 73 182 82 178 193 153 97 59 195
196 170 27 192 46 126 44 31 99 161 73 24 165 131 91 116 0 40 127 175 169 153 155 112 108 142 179 171 137 45 116 16 28 23 57 12 32 9 64 54
131 31 21 58 187 6 13 190 139 198 17 177 110 187 138 22 126 161 138 159 39 94 53 77 100 120 161 8 30 119 172 147 15 171 185 59 7 158 50 47
136 55 42 39 118 139 134 124 25 82 10 37 23 129 196 6 164 16 55 74 58 108 127 165 74 185 8 41 182 189 27 171 119 178 21 29 7 15 63 49
7 105 130 151 33 176 136 139 45 196 122 136 51 70 129 38 132 54 69 32 46 11 116 25 44 119 28 174 37 20 90 156 8 186 141 182 34 164 110 95
166 133 140 3 102 145 62 164 105 38 168 5 62 163 149 52 146 49 114 27 88 133 45 75 44 18 134 53 91 168 167 124 155 111 99 101 136 17 40 9
8 149 79 49 5 36 17 147 118 30 178 24 65 74 89 75 4 188 175 141 173 182 15 138 101 96 74 15 128 35 94 111 179 84 28 40 130 35 159 19
97 84 90 138 148 185 10 199 135 150 130 113 18 189 144 151 112 17 168 46 106 166 178 45 69 146 175 17 52 149 46 55 16 64 165 150 76 185 18 7
18 134 3 83 17 154 103 183 69 176 91 194 178 88 197 24 92 66 63 72 194 6 118 190 59 185 68 46 131 25 117 65 127 192 1 134 73 24 46 16
20 178 49 168 2 6 122 145 156 148 1 88 144 142 134 35 36 53 188 30 76 137 3 179 108 44 141 162 69 9 71 37 190 56 122 18 106 22 119 73
169 68 173 3 56 103 46 77 102 71 65 36 26 172 166 55 199 2 103 130 125 150 9 67 77 97 30 25 102 149 84 7 24 197 137 106 1 11 186 82
38 187 200 140 117 76 74 25 1 49 1 193 114 114 45 173 177 171 187 183 160 17 21 77 43 200 5 88 132 154 111 144 139 36 128 3 148 154 129 145
81 100 18 6 124 58 137 101 195 131 8 127 3 54 168 6 22 157 7 179 95 104 99 138 176 147 173 135 65 76 30 156 62 2 162 18 153 184 88 83
111 29 147 85 44 88 199 179 154 187 138 122 160 129 72 126 21 175 168 45 38 76 139 2 172 112 37 167 78 93 192 181 137 193 200 181 141 192 192 70
45 154 24 8 32 3 160 51 161 190 163 156 99 113 65 42 50 63 97 166 12 131 16 197 37 86 17 67 153 50 129 17 31 192 143 197 66 181 107 56
171 102 140 189 143 190 164 117 98 199 99 49 169 101 116 65 45 63 119 155 179 39 48 72 74 18 27 57 118 179 75 130 3 19 19 182 75 80 10 193
83 133 44 93 83 176 18 198 106 182 72 15 145 63 136 21 55 48 28 7 81 59 121 149 196 43 134 126 56 154 148 104 169 4 128 185 100 6 43 129
58 44 198 115 107 96 159 166 56 139 47 195 3 119 174 78 166 155 152 156 10 49 119 68 174 153 141 148 124 11 108 187 91 74 21 152 119 184 77 187
88 54 102 84 147 177 128 87 61 76 50 149 126 143 62 105 12 98 200 42 53 21 163 12 64 131 70 191 79 1 73 170 196 84 61 45 135 127 118 140
124 44 154 2 138 68 111 161 27 169 53 96 39 142 55 69 49 98 21 24 153 9 51 41 177 35 88 172 154 117 1 23 139 26 188 59 150 24 90 70
44 131 150 3 198 90 96 117 104 98 39 115 23 148 132 89 7 74 164 138 73 138 146 83 78 77 84 35 2 78 30 79 85 75 69 109 140 18 175 80
50 25 2 106 126 76 179 191 35 76 197 183 196 14 124 87 58 197 147 77 191 87 165 24 83 168 30 50 163 172 123 194 48 160 154 97 94 185 100 95
22 137 95 112 107 141 156 150 4 192 178 200 76 25 94 144 66 43 5 114 188 146 3 144 85 37 64 18 10 86 47 162 121 171 127 18 190 141 39 159
