96
62 67 153 141 79 108 170 88 66 198 41 73 192 93 84 58 174 53 142 164 169 153 130 196 84 146 99 90 62 181 86 108 8 10 173 187 14 62 12 135 104 75 105 32 144 116 147 77 166 183 83 131 62 82 59 53 49 15 41 160 78 110 80 73 118 102 124 27 18 4 64 33 194 44 68 122 127 43 119 119 180 176 173 85 44 64 160 16 164 93 180 60 128 150 57 61
4 151 123 151 97 154 183 11 36 161 144 94 200 140 172 157 94 87 161 139 63 40 7 141 187 111 144 119 170 127 183 37 111 50 61 114 71 173 192 130 57 179 85 26 92 155 39 10 151 159 193 189 157 113 0 69 25 193 53 59 13 177 82 98 16 2 136 128 73 57 32 80 63 176 10 159 45 46 40 164 157 198 78 184 130 143 52 17 36 115 7 51 195 65 174 10
194 44 162 110 66 123 168 180 106 103 43 184 101 16 94 63 70 77 121 26 2 72 109 14 171 191 160 154 60 71 55 25 138 10 152 98 35 152 108 54 70 118 94 99 72 65 120 131 3 138 91 58 185 175 5 9 186 114 66 55 59 131 11 177 83 49 167 141 197 66 11 117 39 46 173 96 30 147 178 194 37 132 110 96 154 154 135 198 109 95 51 32 173 72 137 148
7 42 102 67 88 182 174 126 50 106 18 83 125 188 41 148 145 84 71 8 56 144 187 42 85 152 185 14 105 41 95 70 34 129 75 43 39 56 2 125 56 171 117 44 150 95 159 192 25 138 107 80 159 23 182 113 155 167 77 39 57 123 5 12 64 3 83 122 83 5 176 35 9 111 28 164 65 85 170 76 70 7 17 53 167 183 1 25 102 192 141 108 22 178 163 152
4 97 18 109 20 84 165 133 70 67 167 99 108 19 7 194 127 174 118 144 25 9 129 154 194 120 44 161 79 8 101 4 198 62 176 78 55 80 64 109 73 49 173 75 99 82 32 40 104 29 191 61 146 166 131 23 102 183 158 190 89 82 125 128 138 8 122 42 123 20 88 53 38 67 127 187 145 12 37 10 183 31 167 10 82 188 126 10 111 148 97 9 144 179 64 51
145 199 8 62 189 17 29 73 54 106 40 57 197 156 126 84 55 41 122 163 175 145 62 40 135 23 62 67 1 130 174 162 32 46 148 137 136 139 137 187 185 92 37 133 29 16 154 7 179 106 187 168 172 148 170 109 32 171 70 179 13 8 171 187 130 75 155 88 40 17 135 114 164 94 59 61 43 87 87 63 87 116 104 137 92 176 133 117 135 108 163 192 154 111 187 39
131 168 7 127 51 75 160 61 136 125 3 103 111 46 27 27 189 180 21 84 173 191 159 32 28 140 120 3 87 95 6 89 8 52 108 94 34 113 145 103 15 85 137 136 160 31 175 58 2 138 44 65 16 189 79 165 54 165 66 115 99 17 109 164 128 34 41 103 165 57 2 94 62 42 125 101 25 135 27 99 185 165 177 132 35 56 181 73 48 149 112 131 150 121 180 116
19 120 181 154 162 125 6 75 163 21 17 154 90 56 141 16 120 198 33 161 72 93 165 101 156 114 184 129 38 29 105 34 22 17 62 127 6 138 22 143 99 62 147 171 166 168 162 167 51 121 41 146 183 149 0 78 199 55 66 5 113 153 38 71 2 174 158 10 77 181 129 8 2 194 14 199 60 61 88 104 9 86 156 91 24 143 126 70 177 64 137 60 86 24 31 110
34 71 13 22 48 129 128 196 22 44 13 106 98 132 61 81 175 157 200 156 189 67 104 189 98 8 20 145 75 44 38 155 143 37 96 170 56 39 92 61 8 52 136 29 133 73 161 92 102 77 158 182 174 38 32 110 119 117 56 34 77 64 180 2 45 168 129 74 67 45 103 192 26 189 91 4 140 104 185 9 177 0 64 85 113 65 116 93 30 107 99 84 175 20 164 67
184 77 165 196 167 123 41 107 0 38 165 42 107 163 171 192 4 24 44 5 37 39 142 14 120 174 200 109 40 135 182 171 158 127 112 173 56 53 29 7 27 93 102 105 159 163 197 64 7 34 174 75 65 96 154 139 51 175 77 119 14 10 125 25 94 22 14 179 120 91 168 170 34 181 58 180 83 191 122 189 95 119 36 139 133 13 73 170 10 101 119 154 75 33 110 10
2 27 115 25 51 167 120 83 42 157 130 90 8 116 118 104 119 39 92 188 71 171 150 69 28 173 171 157 187 166 156 74 113 105 170 24 55 96 5 79 26 111 179 74 47 14 176 32 65 44 89 45 61 140 178 21 140 152 38 26 93 80 190 4 5 11 47 0 132 185 12 141 158 36 7 160 152 47 112 189 156 51 153 144 144 186 100 30 63 52 31 173 192 137 98 88
111 16 195 36 140 90 25 167 60 172 114 122 179 155 47 160 20 82 19 21 194 185 200 96 153 97 94 144 116 146 71 90 128 155 89 75 23 160 2 137 196 17 47 180 99 55 52 116 49 12 43 86 54 39 42 19 55 184 163 175 116 68 20 91 21 100 179 0 86 63 19 36 77 82 15 60 188 166 18 138 123 101 40 10 119 91 161 55 50 69 81 90 130 53 89 56
189 68 79 70 173 114 43 27 49 131 1 182 74 52 160 70 198 104 57 63 1 172 127 115 194 149 169 17 134 195 10 196 165 119 25 25 29 21 26 172 119 29 118 82 115 193 174 81 106 181 56 30 16 153 125 56 121 170 98 68 12 109 89 104 154 116 102 24 137 54 161 75 72 45 155 170 132 106 142 143 13 3 26 82 90 70 123 47 185 158 13 170 54 105 154 185
28 73 76 114 60 76 118 200 78 186 149 133 141 90 70 94 44 168 66 79 90 30 31 97 161 51 76 155 181 159 39 132 34 139 153 107 25 97 191 141 91 77 98 129 19 35 66 0 111 159 37 102 152 110 174 65 18 200 103 105 170 184 2 117 166 49 138 130 137 92 27 148 99 40 52 7 120 71 126 27 41 69 6 7 53 53 187 99 57 39 111 146 46 140 66 194
178 62 80 125 33 65 78 200 56 44 144 41 130 48 26 89 183 116 0 121 39 174 151 92 150 182 8 97 44 21 12 131 131 86 44 192 56 127 200 189 128 162 161 59 178 171 183 81 66 189 109 153 114 149 160 88 62 110 114 61 157 124 8 16 119 26 119 49 21 64 51 67 121 77 52 13 0 187 156 74 199 113 25 108 158 197 171 199 133 124 150 18 25 45 27 189
94 141 146 98 24 9 169 144 194 19 37 73 150 61 85 144 169 9 95 101 77 177 130 179 66 85 99 96 158 151 127 33 109 50 32 97 161 91 74 6 84 168 131 14 71 81 189 152 47 67 40 110 59 85 84 100 21 28 157 54 38 150 128 147 156 139 191 145 69 9 127 22 153 61 51 46 33 125 162 12 64 98 168 74 171 192 62 164 7 52 174 42 57 103 156 64
161 170 82 184 85 187 177 76 103 193 156 83 130 71 191 3 180 71 113 47 191 55 118 153 58 24 195 166 73 173 85 5 26 70 103 4 129 89 78 163 144 129 182 39 70 44 198 108 33 144 71 91 95 165 193 184 99 98 135 102 102 195 91 102 8 183 39 147 142 144 60 189 99 142 137 52 82 15 182 61 6 162 129 114 196 136 177 123 182 161 107 99 152 32 98 137
120 145 163 92 9 57 47 139 173 4 138 183 170 71 184 98 112 47 170 111 85 17 82 177 91 11 135 45 194 57 154 60 69 69 158 156 140 184 106 189 17 103 139 46 140 178 93 144 22 82 146 73 186 44 146 43 126 163 129 125 87 116 151 17 48 120 110 100 198 20 53 97 18 57 147 35 189 9 123 1 52 79 169 75 86 111 12 54 119 102 58 132 194 23 86 120
14 193 46 35 58 53 174 117 154 142 63 7 120 122 191 73 37 114 61 21 142 94 18 97 106 40 55 132 38 148 117 169 69 65 85 122 102 179 42 35 188 173 27 102 151 48 111 148 91 117 200 136 101 174 112 157 101 99 157 124 1 57 17 18 16 170 156 93 64 40 52 1 186 173 129 137 184 46 185 176 74 111 179 168 149 45 81 15 161 71 160 103 58 17 49 183
130 106 151 155 134 104 72 182 169 165 165 135 112 91 145 50 72 137 149 88 3 193 77 26 66 169 39 121 127 156 80 46 124 42 8 152 17 28 21 129 144 61 117 59 68 184 158 24 184 47 88 115 68 69 124 74 84 131 0 7 1 157 41 30 122 152 151 67 23 76 73 36 161 8 29 95 118 29 146 93 55 47 150 173 165 145 60 39 18 88 182 138 59 139 166 128
150 25 3 121 2 5 32 132 14 129 11 176 17 151 40 164 52 37 157 9 95 93 196 127 168 29 145 13 182 3 172 92 75 82 77 136 157 77 64 47 102 64 141 71 196 67 7 11 139 167 178 182 102 78 160 123 52 126 18 69 157 93 19 194 42 131 116 23 132 87 159 156 60 155 86 108 86 62 28 103 156 75 106 90 32 182 130 78 157 22 26 125 27 125 51 80
65 191 147 38 136 2 187 49 86 177 44 27 149 36 147 82 167 117 73 8 6 74 90 140 172 128 135 13 148 37 37 104 80 86 13 39 33 172 124 30 165 128 86 47 171 139 77 35 172 159 110 126 180 32 94 167 128 159 91 122 83 176 31 23 65 185 10 182 5 173 40 80 143 2 43 90 188 163 87 99 100 17 55 153 5 9 106 14 68 173 84 117 111 160 26 148
59 106 191 93 99 55 182 144 105 65 164 12 93 140 154 11 145 36 174 123 22 1 88 151 155 12 105 83 188 43 68 41 47 189 151 50 58 158 146 50 162 91 52 6 86 139 131 41 19 66 19 79 134 73 90 14 107 102 77 45 116 190 171 119 12 36 49 42 34 186 38 79 194 2 136 193 68 83 99 94 160 96 70 13 57 121 88 121 172 62 84 10 55 151 60 28
169 176 18 4 161 55 3 70 142 115 55 9 140 74 42 189 50 143 141 9 105 92 95 74 17 149 122 24 127 163 152 91 106 86 62 70 8 32 23 114 177 167 140 27 169 97 33 161 106 31 181 153 180 85 145 181 27 55 0 48 176 124 124 176 56 45 155 96 100 99 49 74 116 134 45 23 57 53 44 120 153 1 138 67 71 62 168 122 192 78 24 134 47 18 51 133
60 199 15 34 93 124 53 146 158 110 109 124 97 131 173 21 169 11 176 68 152 75 197 136 89 103 76 40 124 27 143 155 42 73 185 123 161 174 131 129 143 175 132 160 135 200 85 19 7 63 76 55 152 136 165 93 148 73 26 93 190 136 144 174 106 53 105 197 144 22 121 92 193 198 141 165 187 158 147 126 2 78 53 126 147 198 0 178 98 24 172 102 200 16 162 179
182 18 140 123 66 48 188 1 73 0 150 107 62 6 196 60 200 162 157 192 32 125 126 134 36 137 185 117 173 41 31 0 105 144 83 137 136 131 58 38 69 181 42 24 187 122 129 4 177 137 0 98 128 9 199 49 92 54 97 180 158 137 147 38 133 193 124 161 70 92 105 141 182 190 25 192 126 111 165 124 37 50 58 151 153 197 19 129 131 76 83 163 41 14 161 128
152 53 163 19 129 138 13 152 117 50 18 123 155 194 68 146 123 65 22 156 174 45 22 34 43 171 89 124 125 135 102 130 189 48 52 70 43 73 17 149 187 37 109 67 83 98 87 170 123 1 115 81 61 124 106 29 7 142 17 21 84 94 195 29 143 166 188 132 91 10 134 74 151 85 173 17 84 147 86 38 68 12 79 143 192 20 58 101 88 139 108 97 37 157 51 194
150 174 86 83 195 36 138 189 146 78 99 1 26 12 117 151 179 180 136 192 165 68 56 175 143 71 115 70 173 39 199 168 179 66 126 115 147 126 59 95 72 196 73 175 31 121 190 175 65 133 56 62 197 52 73 53 92 5 15 62 75 149 183 0 63 36 96 66 70 109 172 199 3 41 154 158 23 147 119 10 193 10 179 110 144 14 16 58 31 179 197 17 174 77 101 167
99 89 90 3 20 146 15 144 45 3 189 158 142 86 47 190 18 187 195 156 134 138 55 25 146 172 108 136 100 154 84 6 18 183 41 3 27 148 117 68 115 166 77 154 49 140 48 30 153 67 29 45 37 169 25 185 78 129 90 21 122 12 150 51 112 154 152 115 134 69 3 186 143 79 196 23 134 93 15 184 139 51 117 123 170 133 138 192 102 179 12 58 72 63 58 179
39 50 164 81 118 93 27 40 108 68 85 8 79 168 100 5 167 113 29 5 23 82 179 174 66 77 80 157 24 67 56 91 142 96 26 193 193 184 162 157 161 42 118 88 178 83 174 2 109 148 185 41 25 87 51 65 128 60 197 119 43 129 62 90 41 44 16 182 75 32 85 107 39 175 5 163 138 68 71 34 138 173 168 137 37 169 158 84 19 112 134 34 65 1 192 15
107 64 38 108 10 144 195 71 13 109 141 89 23 98 79 0 83 120 68 6 129 51 58 191 91 64 146 4 32 115 80 26 113 112 72 173 69 96 124 161 34 40 79 186 67 89 163 195 161 32 198 21 21 137 75 142 152 153 51 69 185 142 184 78 159 23 85 12 132 3 162 45 71 113 25 147 199 65 2 135 118 152 62 21 199 31 10 15 43 149 117 60 116 64 23 128
168 106 170 32 91 177 3 34 7 184 91 188 189 86 162 159 166 22 182 95 150 33 95 36 142 1 122 52 68 29 23 200 122 40 12 40 138 126 12 157 81 134 186 172 139 146 187 133 49 13 195 176 187 67 3 125 59 137 136 172 82 49 88 75 21 129 190 142 69 138 177 52 136 43 47 47 76 54 98 128 168 192 29 127 161 101 43 149 47 37 20 121 170 111 48 62
21 40 190 3 148 73 18 74 21 67 106 100 8 99 192 35 159 120 139 100 154 123 23 181 151 128 139 166 165 74 27 49 195 168 124 51 137 146 0 36 169 163 165 143 200 145 179 166 118 34 166 153 117 171 158 35 124 6 115 6 14 174 156 121 189 139 76 161 152 158 37 64 6 58 186 189 125 158 29 102 182 69 158 179 187 182 122 109 79 178 181 115 106 130 4 52
158 113 76 45 76 38 66 20 51 87 188 125 169 101 114 54 56 146 130 56 25 87 27 158 141 168 95 44 13 57 93 9 143 188 25 112 174 96 6 77 41 160 178 22 35 33 59 111 25 83 88 198 143 111 33 150 171 121 199 125 100 20 74 161 146 185 17 139 116 120 110 123 191 182 33 11 98 26 197 90 55 82 119 75 189 189 76 126 186 189 102 28 34 146 159 0
79 59 193 63 4 115 89 16 107 12 56 59 126 118 140 147 42 48 76 58 174 194 78 51 32 10 190 159 76 15 116 147 190 176 78 78 175 191 38 18 26 158 99 92 162 35 115 168 187 117 170 173 137 8 51 66 22 71 20 37 17 177 75 169 180 108 10 113 100 26 12 180 109 47 94 47 74 57 95 156 108 187 154 35 167 63 50 120 43 146 95 102 199 24 193 193
86 139 168 86 91 134 7 9 60 195 54 4 31 145 197 139 160 26 193 105 24 94 98 160 87 153 6 5 175 43 62 161 109 143 71 169 148 136 164 193 105 121 79 112 50 175 93 163 156 0 190 78 191 164 32 200 49 167 127 139 59 91 15 104 163 186 147 7 98 167 163 142 194 96 86 85 133 103 65 60 115 34 177 182 162 8 87 141 85 182 160 127 20 49 33 32
43 101 20 122 40 39 64 130 159 88 21 75 136 58 26 37 28 30 121 163 175 122 66 63 41 77 4 21 134 57 12 178 37 20 51 185 141 157 57 86 120 115 178 88 99 135 143 50 59 18 61 123 118 103 157 25 128 27 167 106 21 74 53 162 176 143 21 32 5 71 102 74 50 125 170 124 3 163 88 40 91 30 131 128 86 16 8 1 35 160 39 195 195 98 143 96
190 147 102 124 54 51 149 92 185 64 182 108 101 41 53 32 51 188 161 70 45 66 73 170 72 161 46 138 20 87 93 75 45 192 49 159 23 54 133 179 22 60 114 39 88 149 119 145 52 17 113 159 2 0 119 42 152 150 195 122 71 56 8 37 79 0 135 26 131 1 142 83 16 87 105 171 166 88 118 156 74 75 102 145 95 113 167 81 88 160 100 180 62 97 50 13
196 160 126 98 111 189 129 70 40 174 150 145 174 196 154 171 87 164 144 47 191 109 135 76 94 132 30 8 40 91 6 46 81 47 81 168 41 25 70 112 18 192 4 83 39 118 189 42 148 45 181 112 104 173 187 27 33 172 83 164 172 105 198 128 31 108 193 8 169 169 62 14 26 163 146 140 120 187 141 2 142 149 70 53 196 119 176 97 44 153 132 77 43 19 128 45
1 4 146 198 74 142 92 76 192 131 65 133 12 184 12 3 98 182 125 154 63 67 70 138 73 47 53 99 103 45 13 198 63 82 68 124 49 4 153 2 120 189 95 32 95 145 51 137 190 152 94 160 40 21 130 107 57 155 141 75 156 102 30 99 39 186 71 144 172 51 21 190 121 18 78 60 59 198 88 171 99 158 154 134 97 123 117 11 104 138 154 57 142 193 20 29
152 136 151 101 22 6 106 35 95 157 104 12 186 158 98 126 18 137 163 38 5 6 30 37 104 21 62 6 75 97 4 123 79 28 53 155 69 34 199 151 91 116 151 30 185 117 57 163 44 3 33 194 20 110 28 66 58 61 127 68 3 162 92 18 139 71 160 38 3 149 98 167 200 82 131 134 183 90 37 132 113 16 47 76 79 180 184 87 31 13 171 164 187 36 186 34
28 51 36 64 69 196 154 13 93 44 105 165 133 156 19 53 181 95 165 188 171 115 91 111 142 147 81 154 170 95 179 200 95 116 93 101 34 44 111 143 172 166 141 8 45 45 153 39 120 163 160 10 108 60 173 41 129 115 76 108 189 76 142 74 16 147 19 174 62 192 38 97 173 21 165 188 92 181 77 59 73 84 154 137 177 23 195 10 143 63 153 15 146 190 163 39
156 44 109 76 163 161 102 181 165 57 112 196 166 108 137 87 195 88 96 176 40 166 137 190 92 135 28 68 92 174 146 186 30 62 123 179 68 53 64 146 90 60 153 49 187 94 160 160 167 152 197 148 138 147 191 129 175 199 59 71 18 123 129 31 149 120 171 89 73 123 6 56 10 144 183 64 112 23 111 156 39 102 121 39 82 147 63 122 108 165 8 82 95 128 40 94
7 105 101 18 3 65 25 28 144 151 25 120 128 191 105 22 41 155 46 159 88 135 20 11 167 160 189 129 102 168 50 3 150 2 21 140 64 49 21 92 133 169 94 174 199 144 129 106 133 196 116 72 7 5 160 87 134 133 83 96 148 91 193 167 105 122 150 55 127 27 70 49 137 124 163 6 190 191 34 99 189 89 18 99 87 52 62 0 87 37 112 93 23 130 163 144
103 35 56 195 22 159 104 177 29 142 0 99 185 120 45 73 13 80 12 50 14 37 132 80 135 60 189 160 72 16 199 10 60 15 31 7 24 122 113 15 184 144 190 190 17 171 167 100 105 157 136 46 90 67 138 1 198 13 70 140 165 29 14 47 91 151 77 132 131 21 151 18 100 163 91 171 192 66 88 45 123 189 54 113 193 79 41 196 180 136 78 128 56 67 75 142
90 199 76 5 30 30 158 36 172 37 176 3 28 135 55 189 97 60 31 143 118 116 81 100 1 103 82 160 61 98 17 191 184 192 63 25 58 200 24 19 182 143 63 168 117 185 99 94 30 136 64 3 137 98 102 177 0 69 127 91 74 112 177 145 147 136 160 190 132 198 86 198 114 177 12 181 170 199 46 92 168 182 88 171 52 26 171 105 133 113 61 56 140 181 77 91
11 193 127 177 169 28 4 51 5 59 38 140 92 183 98 197 13 181 199 2 19 80 153 64 127 167 25 153 143 98 109 122 22 58 95 200 143 140 127 105 110 73 17 133 122 61 56 162 80 192 11 117 87 158 20 138 122 185 185 133 93 170 138 122 197 49 122 165 0 18 39 144 100 110 15 153 110 93 142 182 163 192 147 133 137 4 85 90 193 188 150 119 183 103 95 74
158 12 126 100 140 169 12 177 43 144 106 125 107 130 151 136 73 24 138 179 48 132 143 141 166 121 139 143 76 41 131 105 57 99 114 156 53 184 196 142 45 43 152 19 95 137 87 64 97 200 183 132 192 166 178 129 112 32 133 20 36 184 7 134 12 27 55 86 152 62 145 88 128 179 14 43 180 165 105 82 1 33 10 196 33 139 174 29 170 55 36 12 76 181 172 161
197 85 12 17 19 95 168 197 54 0 70 106 72 114 45 169 189 150 156 140 188 4 198 12 63 160 83 29 97 45 129 155 11 154 102 184 178 169 102 79 120 24 129 68 87 173 62 122 25 103 176 115 166 165 93 124 184 154 93 85 73 118 64 119 106 161 153 174 59 54 53 13 46 75 162 77 183 75 163 79 9 71 187 0 177 39 194 31 131 81 58 31 22 165 65 88
186 139 55 96 186 127 59 130 200 138 184 165 63 42 113 173 22 122 53 15 194 80 188 182 109 100 17 40 138 85 110 16 46 69 175 3 118 191 94 125 29 23 116 164 91 174 187 34 124 13 11 144 151 167 41 71 77 2 186 16 86 149 37 172 178 130 61 124 52 23 81 107 108 99 23 125 142 39 117 27 59 72 129 50 51 181 17 87 189 53 125 166 90 57 26 113
67 59 6 48 151 114 162 154 20 64 116 68 133 137 197 46 41 30 54 157 106 40 87 189 137 161 20 81 68 3 106 52 180 170 48 54 94 69 127 7 185 135 26 30 83 112 199 22 54 35 58 11 103 146 164 39 1 44 17 101 196 196 9 2 12 157 73 175 60 140 26 33 124 15 43 80 167 2 14 192 52 147 71 63 200 111 91 83 115 14 13 67 200 74 164 187
114 42 150 191 191 52 166 160 90 154 98 103 152 38 173 117 197 122 79 126 105 193 104 133 116 155 65 54 195 148 9 99 115 91 70 170 94 33 82 141 89 31 115 193 102 27 123 153 6 38 13 107 51 92 43 32 167 65 60 3 72 87 159 10 108 177 12 168 83 195 20 102 137 73 10 143 39 60 179 2 128 58 6 47 149 47 27 80 43 28 177 178 175 51 131 50
189 42 149 185 102 152 72 70 172 144 4 13 144 17 160 171 131 164 188 80 79 89 58 73 38 123 188 176 180 122 152 91 111 40 113 151 53 197 134 74 104 119 153 191 122 140 27 25 110 175 38 25 170 23 66 77 81 38 87 139 141 132 110 36 169 144 129 66 139 34 63 30 33 155 143 23 152 79 14 69 42 145 116 12 35 161 13 39 73 25 62 129 168 175 161 85
154 111 52 195 78 114 11 78 125 97 190 27 177 55 31 180 165 26 50 9 171 69 44 154 180 69 33 50 79 12 42 105 186 130 177 60 27 61 85 118 85 59 34 17 64 123 169 86 160 159 18 28 182 69 155 122 52 184 107 61 52 69 118 81 169 5 149 156 130 110 154 176 136 178 144 0 100 64 183 57 50 110 198 95 135 50 138 113 72 39 79 177 50 94 197 40
76 161 5 88 38 18 177 22 44 125 120 173 16 45 75 74 41 159 58 78 135 190 137 22 100 110 20 144 55 152 10 174 88 199 181 171 96 120 122 177 20 31 7 182 16 67 59 2 25 38 164 51 107 138 33 179 13 74 156 78 15 64 91 41 67 83 174 161 93 119 66 145 68 129 87 173 92 195 120 64 145 175 14 41 174 147 12 122 107 131 68 53 76 53 131 99
182 82 196 85 131 179 188 75 18 51 150 199 115 171 134 178 82 54 114 69 70 153 123 146 94 68 141 116 106 146 89 167 135 161 166 112 24 163 183 21 81 194 93 87 110 0 18 153 28 62 188 174 28 46 49 91 7 100 44 38 126 149 4 42 119 47 142 7 145 94 137 181 118 189 109 182 21 154 54 171 187 162 86 131 40 60 28 34 38 122 92 119 91 167 190 199
63 97 145 159 92 73 160 58 106 11 163 96 127 92 72 155 49 81 7 196 26 78 150 72 127 183 93 103 86 197 67 187 35 170 106 195 48 19 74 123 179 98 74 118 167 127 28 21 74 141 136 50 28 93 94 37 22 8 193 150 42 156 22 26 14 121 57 112 35 121 90 163 142 144 47 138 195 108 54 123 126 72 46 197 112 150 46 19 184 18 33 197 48 163 36 60
110 26 81 0 28 63 138 156 115 84 12 135 120 71 115 12 27 83 29 118 77 55 175 196 134 22 123 68 178 162 165 65 20 132 22 107 58 117 49 142 120 134 140 108 22 182 163 37 149 147 32 5 160 166 17 33 23 48 13 39 191 53 170 160 174 179 184 182 15 186 108 129 87 162 190 39 61 3 195 61 82 21 10 169 11 17 111 153 181 94 103 184 115 108 75 183
12 196 92 92 83 169 1 177 106 90 87 34 177 122 161 173 169 102 112 165 43 60 130 199 115 44 32 84 119 82 17 101 12 20 175 66 153 9 137 197 83 72 140 141 51 125 103 0 125 24 0 167 4 83 10 11 36 66 21 9 103 137 84 21 82 7 183 8 29 114 93 72 166 155 146 44 111 103 111 106 154 91 17 5 108 16 46 157 19 40 7 116 111 142 177 7
48 91 103 7 41 85 43 95 20 99 162 94 150 175 191 141 111 27 176 190 187 49 42 144 197 174 147 111 84 10 40 198 19 158 94 90 148 189 24 106 71 153 113 8 96 5 118 41 167 50 105 48 178 84 22 166 88 18 16 163 176 134 21 35 131 74 75 129 23 63 165 28 103 133 194 175 151 102 190 49 131 183 182 198 89 84 51 103 154 117 31 44 51 24 2 172
38 34 127 21 173 164 53 64 135 96 82 171 149 101 147 104 14 108 85 71 67 95 28 171 8 13 46 55 83 188 28 148 92 23 198 33 189 176 165 6 94 50 77 122 58 74 78 94 52 6 115 53 79 0 113 133 143 19 95 27 143 44 95 167 125 85 88 63 57 191 189 40 124 106 21 98 86 115 96 27 103 123 91 87 182 114 51 20 194 34 165 160 157 137 9 104
105 163 178 14 70 114 117 174 166 40 91 45 34 167 6 170 124 106 101 100 80 199 146 153 164 102 22 66 88 122 182 65 117 0 72 22 173 34 87 184 154 0 59 31 122 5 47 158 138 67 66 132 44 181 38 145 154 17 37 148 91 168 141 26 19 37 182 12 100 157 191 179 152 44 188 146 107 199 143 7 145 191 86 12 151 7 0 122 11 183 43 159 45 196 0 83
14 190 165 165 127 22 5 47 67 63 13 185 156 119 198 174 161 39 134 16 103 106 149 81 69 172 5 93 63 143 107 198 131 197 131 5 115 104 15 119 110 80 24 98 197 43 33 81 78 160 98 180 183 173 18 188 30 192 67 16 83 126 156 0 191 27 73 161 155 144 50 27 159 158 39 110 23 150 81 18 108 178 162 54 0 130 67 14 33 4 14 57 142 110 89 6
86 9 137 50 40 104 171 40 1 22 131 53 139 177 46 58 187 56 169 146 27 87 48 143 137 168 18 21 153 114 85 150 12 120 84 76 96 133 197 138 100 196 92 135 144 104 131 107 149 164 142 17 28 27 64 24 68 62 29 118 132 129 151 61 141 126 24 140 81 33 167 50 140 168 171 112 52 179 174 66 124 119 192 23 42 15 191 150 24 3 179 73 11 87 18 1
61 136 191 92 7 36 39 6 129 146 115 31 181 185 123 74 75 154 103 97 42 16 160 160 66 152 81 128 35 52 71 79 118 159 113 77 11 32 110 96 117 131 163 155 56 40 52 176 142 45 152 98 93 41 51 32 94 113 49 158 29 45 137 164 84 54 163 60 5 164 110 62 145 7 61 58 70 187 160 183 173 105 73 27 74 184 87 108 177 53 41 115 189 72 111 168
7 146 100 183 173 132 160 135 61 21 114 174 95 92 12 76 96 178 178 71 21 151 41 146 75 8 135 10 41 141 127 183 188 20 88 49 98 199 63 188 132 137 27 88 41 43 75 72 141 87 115 137 56 84 192 31 147 85 105 81 160 142 200 0 50 173 181 7 149 138 165 200 41 134 145 84 90 29 86 87 182 74 156 154 116 133 37 195 119 44 189 128 125 161 146 19
96 124 143 91 107 160 125 151 198 91 152 126 154 158 161 75 88 95 50 147 195 75 167 200 113 196 47 160 58 134 145 26 54 114 18 57 83 90 14 104 28 23 0 36 73 194 20 135 123 131 161 179 78 109 156 174 34 93 63 61 73 46 184 59 88 78 98 165 10 181 192 80 173 70 176 158 56 170 42 80 187 46 80 13 191 186 60 76 187 134 99 137 109 116 61 139
94 87 152 86 41 175 66 173 80 158 114 190 119 2 85 0 79 32 8 64 96 190 27 35 55 177 21 68 160 62 158 39 115 86 192 37 45 0 48 105 0 28 127 95 193 173 7 140 19 36 71 197 197 145 99 43 135 189 72 195 156 7 39 16 66 191 54 33 85 58 62 38 126 19 83 57 37 40 163 151 42 139 82 83 186 66 93 130 71 141 178 75 95 186 23 200
68 16 122 33 152 133 165 116 99 16 121 103 33 117 175 49 144 198 162 159 144 39 40 112 76 178 190 151 19 129 93 191 136 9 12 93 8 164 25 160 66 181 49 194 39 55 68 34 159 105 175 59 170 70 149 8 194 169 15 34 15 32 176 164 195 85 169 159 114 97 34 80 15 79 133 46 52 192 102 128 84 155 89 67 108 87 75 9 120 1 190 81 52 168 165 139
55 22 199 74 185 16 132 140 2 151 38 166 180 199 43 140 106 190 22 45 155 124 105 9 112 173 123 41 13 49 190 191 168 57 171 9 148 188 100 119 158 159 87 116 55 144 115 198 187 32 30 84 97 143 65 62 19 104 102 58 118 14 161 15 65 171 181 148 21 88 181 157 117 90 181 100 0 27 101 114 194 54 31 34 134 160 92 75 135 167 113 21 78 149 143 66
187 57 177 101 73 123 198 52 113 4 153 30 173 50 57 88 158 109 29 37 117 98 71 24 37 72 19 160 73 138 57 199 83 140 41 117 161 115 142 57 198 47 191 198 187 69 43 49 61 133 51 68 66 115 11 51 59 92 30 176 39 53 144 176 120 17 98 4 56 76 87 185 23 49 73 86 161 63 173 24 120 47 152 27 45 173 135 71 68 179 135 83 116 25 68 107
15 46 12 120 56 114 75 10 103 54 4 73 160 81 102 102 37 110 192 111 44 156 152 105 85 136 179 95 24 10 86 31 14 138 187 96 172 25 4 120 137 143 117 170 60 154 180 10 65 89 157 22 130 86 180 193 4 139 12 161 53 140 111 28 148 184 95 78 25 0 46 11 158 126 22 88 31 99 116 132 184 134 135 158 133 138 192 47 143 92 15 17 106 155 142 56
117 91 192 55 36 42 183 21 173 126 99 109 84 111 195 114 6 197 73 40 38 88 68 156 170 158 127 182 173 182 135 22 169 17 102 110 200 181 22 188 151 101 173 176 142 11 100 69 87 27 164 64 180 95 86 200 65 98 196 167 63 53 102 17 41 74 119 71 109 200 28 11 124 81 9 84 144 174 158 18 181 173 11 129 62 166 200 131 165 135 65 107 102 160 178 178
21 163 199 120 117 150 128 33 186 38 35 163 168 63 61 8 64 179 200 129 63 83 37 88 59 175 79 181 99 135 12 73 124 103 100 67 128 160 111 154 88 98 120 38 176 75 113 172 15 63 176 80 75 175 189 24 89 125 128 26 79 69 22 189 4 114 183 90 136 83 4 153 77 85 12 147 89 85 136 69 5 164 11 192 167 165 39 199 139 126 8 146 181 66 185 1
183 60 129 72 61 8 23 32 89 137 86 53 193 84 83 38 154 51 35 59 71 164 88 109 5 73 35 75 191 52 22 138 177 6 77 72 147 71 2 140 158 78 191 49 164 24 105 28 25 194 78 134 132 124 175 41 145 19 115 5 124 159 164 130 145 16 87 106 20 51 31 189 15 71 5 177 7 144 94 103 26 98 154 70 101 128 57 149 133 115 141 168 48 87 118 141
169 27 192 68 200 175 50 149 80 120 41 168 90 187 35 93 84 138 181 185 129 6 8 132 181 137 116 91 75 67 149 97 102 187 103 161 12 73 46 106 92 140 42 84 49 170 87 163 6 99 170 96 89 26 43 48 126 60 194 130 154 151 131 131 91 189 187 1 96 64 46 109 3 81 1 46 176 167 170 57 63 20 37 112 132 48 111 56 99 4 169 178 15 184 5 154
172 5 166 102 61 72 179 18 8 86 132 166 6 61 195 68 120 68 127 167 173 68 38 122 156 76 0 145 155 156 135 96 135 188 61 127 161 128 139 9 195 118 3 91 123 183 109 67 40 126 33 67 98 1 9 8 17 194 125 117 23 126 51 45 181 133 152 123 67 97 67 151 33 105 190 35 191 195 136 29 26 84 193 199 178 155 121 138 114 119 25 92 157 190 64 171
104 17 77 54 193 157 11 21 133 132 75 78 41 52 110 132 187 69 26 122 77 77 174 162 159 118 78 129 89 154 22 122 196 40 57 89 170 131 183 50 149 82 45 110 166 69 129 18 163 25 192 138 164 151 192 135 59 144 48 128 112 26 71 5 88 127 84 18 54 104 117 2 170 173 112 40 135 23 153 111 28 175 80 34 52 125 194 86 190 184 14 66 31 28 7 95
113 164 10 193 114 154 96 189 110 171 144 157 71 27 17 54 143 198 55 16 125 51 131 19 184 160 74 131 100 0 111 144 82 142 116 139 90 44 157 24 154 47 156 117 144 64 77 9 21 7 99 16 137 133 91 120 79 99 20 96 34 200 2 158 13 98 143 3 174 87 164 193 80 28 56 101 189 113 141 91 120 128 39 52 146 189 16 188 42 24 52 25 114 11 1 51
111 110 183 137 130 189 75 55 113 182 102 43 198 77 94 136 11 94 151 196 2 87 121 113 139 32 143 42 143 69 133 71 68 92 19 9 145 166 24 192 111 156 40 102 174 137 149 115 78 182 181 73 81 73 44 49 153 81 8 103 188 84 152 195 199 165 170 41 33 13 8 0 140 20 181 194 170 79 15 188 62 53 139 110 53 87 6 154 1 115 116 178 161 51 118 196
72 182 140 83 15 104 102 183 42 116 197 122 167 16 171 197 128 7 123 104 27 4 31 142 63 74 62 73 144 185 70 138 1 183 168 46 44 121 57 15 104 23 23 99 185 33 129 72 29 122 173 71 188 17 197 142 195 175 47 126 29 37 52 67 97 37 127 30 91 189 80 37 141 157 119 13 57 21 176 169 135 160 68 156 176 65 2 30 186 138 131 126 12 51 123 39
180 101 41 120 50 148 15 9 131 180 158 191 32 138 98 141 95 174 178 153 134 65 131 123 12 116 72 91 2 92 107 65 153 38 197 56 128 89 196 133 71 187 150 193 57 52 198 41 171 116 183 101 2 147 137 58 18 127 79 122 104 81 65 105 195 196 134 153 95 63 143 111 130 36 166 159 127 52 40 53 116 158 135 145 89 55 110 34 144 179 71 138 167 83 48 113
33 54 70 53 152 13 106 17 104 21 34 137 188 83 157 33 84 104 26 71 114 194 90 126 138 97 20 178 101 70 24 53 116 108 10 132 35 35 39 167 87 2 106 146 36 123 133 33 94 152 4 42 16 133 15 182 152 89 159 138 119 67 97 73 30 28 62 44 22 100 42 1 111 154 199 4 81 180 150 96 150 173 141 72 49 116 126 19 34 117 156 122 74 34 72 90
161 83 98 197 140 74 192 173 163 76 122 111 60 95 115 182 77 54 43 153 26 79 129 105 142 59 197 172 97 173 161 4 129 182 100 71 109 49 192 63 88 197 82 148 116 9 45 183 123 197 71 145 141 147 181 25 188 25 41 168 150 163 132 22 72 95 27 166 38 45 123 113 35 79 134 36 18 0 106 151 145 165 180 88 76 80 123 137 83 167 185 72 192 51 54 96
100 112 100 61 160 54 78 6 49 126 140 93 185 148 198 132 151 120 166 197 45 147 80 56 145 39 97 15 104 51 1 69 108 192 88 109 116 55 18 24 121 28 11 85 172 53 123 161 49 129 129 168 168 5 86 35 116 168 138 87 141 83 51 137 101 62 5 141 53 34 89 104 0 127 36 124 55 66 190 90 85 28 24 148 130 10 160 22 99 15 114 35 3 14 114 64
8 155 174 192 17 1 42 134 24 184 73 61 36 91 133 110 108 90 84 133 168 57 109 31 23 146 121 106 133 2 12 48 58 172 16 108 157 103 184 197 113 181 95 18 109 185 80 38 81 10 129 35 3 104 51 196 47 185 150 127 20 27 143 92 179 76 58 90 153 185 162 154 195 7 49 157 53 89 82 46 164 144 163 36 196 129 93 145 42 170 183 170 25 60 179 80
171 82 186 40 81 107 94 12 101 132 36 129 25 48 169 16 6 92 185 125 145 48 96 24 166 114 136 101 170 32 29 52 123 15 78 155 192 1 101 20 73 82 195 11 22 154 23 89 2 66 115 194 80 43 67 168 197 128 104 60 166 108 41 66 185 73 105 194 22 163 21 83 0 63 10 175 82 56 23 195 10 120 114 110 135 179 80 37 90 187 110 72 187 56 20 87
87 181 73 175 37 9 141 167 163 102 196 49 15 17 8 0 153 149 99 11 119 161 129 159 20 27 31 175 1 181 188 185 175 8 176 166 174 187 90 149 195 17 177 173 158 3 125 167 20 61 191 104 198 198 0 132 13 198 136 198 92 112 38 155 177 171 18 42 177 198 55 179 60 68 183 27 86 83 115 144 82 175 62 26 33 159 23 144 102 62 195 99 149 20 91 16
177 4 148 85 52 77 84 140 67 21 24 44 29 107 45 158 48 5 39 137 120 33 179 38 146 192 47 156 58 15 114 42 114 53 126 132 184 146 38 83 94 17 129 184 192 24 136 141 36 153 140 191 111 163 154 134 40 3 46 144 141 104 108 128 132 165 12 46 58 178 34 59 200 22 181 192 30 125 79 41 47 151 136 145 132 154 143 120 188 188 65 119 76 141 11 24
165 58 154 131 4 26 12 162 115 35 85 81 30 178 83 192 83 99 41 2 39 146 168 72 113 78 26 69 180 18 36 116 169 118 170 73 30 24 64 147 195 187 180 54 18 92 110 57 52 77 149 51 128 78 14 144 131 177 45 174 65 146 16 48 160 32 188 48 120 25 134 195 180 35 15 162 58 195 184 63 23 15 94 27 191 99 118 45 82 103 185 108 109 63 8 69
12 69 112 64 16 163 114 39 97 65 46 105 64 92 149 22 37 35 174 181 71 14 160 178 193 72 185 123 41 174 26 116 186 51 53 23 108 151 193 21 20 174 169 74 117 175 149 43 146 135 145 57 147 21 64 7 26 115 170 143 3 5 153 30 29 0 160 57 139 186 123 93 127 38 185 103 189 139 134 15 28 34 148 153 198 167 49 44 157 39 150 168 120 136 145 36
8 146 89 99 26 184 175 85 22 111 146 107 30 183 6 118 152 2 116 10 120 77 160 70 153 56 176 39 68 106 136 116 68 2 66 35 135 106 54 75 123 124 52 65 27 151 16 142 89 79 122 145 136 60 1 79 148 153 102 197 95 73 168 47 6 173 91 102 160 93 133 5 52 70 37 33 155 139 15 5 190 33 192 115 140 28 111 158 147 23 69 28 117 196 162 146
49 23 16 26 148 90 200 39 21 111 155 29 122 199 76 69 78 35 155 119 107 193 144 56 87 92 108 9 64 52 33 184 143 38 16 83 15 79 37 86 174 177 178 103 75 191 115 27 128 16 101 43 114 72 96 62 191 41 9 87 76 176 44 170 79 107 172 23 86 87 158 110 191 160 119 35 15 53 154 145 132 23 91 120 84 41 59 0 108 105 174 162 166 176 174 85
186 3 192 170 112 112 11 149 62 97 35 38 119 62 85 99 68 156 117 18 106 86 75 193 56 62 47 135 110 120 33 56 9 90 96 170 178 73 11 37 192 64 192 107 28 4 59 26 80 135 40 183 2 114 79 108 94 11 103 134 157 14 120 78 141 86 118 25 132 152 53 115 108 103 97 194 81 102 156 136 64 133 114 164 100 94 103 130 28 106 178 189 176 78 67 169
178 44 105 29 192 181 180 176 24 57 57 64 163 162 200 182 130 180 93 40 14 74 163 164 20 170 93 163 193 62 59 178 138 157 167 24 144 167 127 38 114 184 56 74 51 58 56 31 143 185 15 43 69 85 45 15 82 84 134 53 76 137 54 200 0 194 120 124 105 114 104 155 124 72 159 101 174 139 45 58 176 46 187 197 127 16 87 25 107 193 124 120 24 83 48 71
172 14 44 3 74 69 27 160 87 151 163 154 64 27 131 2 131 197 107 65 163 85 190 97 7 200 109 190 21 21 80 11 91 91 81 73 29 117 186 166 31 105 28 117 15 69 21 39 94 122 76 195 187 42 184 2 35 64 28 22 90 117 93 66 68 171 172 3 116 31 183 149 107 165 127 52 72 184 44 43 191 98 177 99 139 129 188 104 26 67 103 112 150 103 50 132
