39
79 141 22 191 50 93 25 89 138 4 29 13 146 98 158 123 105 81 65 8 193 175 145 55 57 77 57 186 61 72 100 122 69 98 21 52 40 38 85
121 125 16 186 185 107 22 173 176 175 81 86 66 97 112 119 8 96 116 62 55 174 200 53 28 80 98 145 17 12 27 176 86 126 196 177 109 181 120
187 168 163 112 108 177 55 123 150 122 55 90 184 197 90 108 2 61 81 153 160 38 19 117 44 45 70 126 68 54 115 139 133 169 139 168 13 21 48
100 174 67 138 105 200 38 153 81 198 61 70 177 93 2 1 121 81 159 85 77 125 121 91 58 106 51 55 155 34 50 145 192 73 82 133 161 184 98
97 91 2 29 107 184 129 111 130 117 124 103 151 101 32 80 61 5 182 183 183 115 160 175 119 168 167 175 65 38 9 173 63 16 41 185 101 171 130
66 102 64 182 105 113 110 137 108 49 38 171 19 65 60 178 5 46 45 184 101 69 9 28 83 134 40 93 34 193 92 91 59 110 101 36 53 12 123
83 8 199 104 91 188 42 132 131 11 46 64 76 167 34 100 125 96 10 28 152 196 173 73 155 2 7 142 132 122 138 186 60 85 62 131 79 42 121
149 29 84 87 10 8 153 197 86 118 182 8 38 179 66 36 182 159 148 78 58 58 61 43 191 160 172 12 187 128 107 137 83 189 161 137 8 22 123
111 27 106 149 113 190 78 98 33 195 81 87 132 37 26 194 129 39 173 121 126 71 34 106 4 42 186 30 179 98 125 137 180 163 188 7 96 17 83
178 70 143 143 63 93 167 160 90 151 28 188 143 35 43 61 72 88 183 143 22 32 97 108 25 25 52 72 42 90 72 166 21 116 97 162 177 172 86
169 118 109 8 165 122 85 20 138 149 154 8 101 153 185 100 34 98 25 43 93 144 163 172 4 26 96 166 23 115 144 174 185 86 86 102 160 66 50
57 76 131 54 73 82 134 33 9 92 179 14 183 146 179 103 148 96 3 171 163 84 191 137 47 3 12 155 171 174 98 194 46 167 55 168 33 144 79
68 137 51 125 110 195 107 18 3 187 45 67 177 46 113 179 149 57 186 105 199 65 109 147 143 77 86 34 52 5 148 99 87 164 61 20 11 86 145
183 78 111 5 29 2 60 133 38 29 161 42 90 92 148 111 95 71 145 68 90 44 145 86 143 90 158 191 37 102 7 144 138 7 20 68 19 28 175
178 111 107 36 130 121 49 149 131 13 111 81 6 2 71 44 129 30 136 114 61 139 14 95 116 41 194 109 62 0 113 31 89 150 131 33 157 125 85
47 9 151 127 115 151 159 74 149 72 149 23 39 74 84 85 147 135 177 73 157 189 28 103 97 6 156 76 110 32 104 104 169 194 105 70 100 17 168
70 134 45 130 56 19 182 98 152 45 162 99 50 156 45 190 46 111 176 93 191 105 43 12 41 67 145 78 66 183 93 198 134 18 142 44 16 45 68
159 159 153 94 189 69 193 180 98 109 176 134 111 76 173 157 145 175 127 192 66 13 1 81 51 198 139 42 4 44 142 191 32 181 111 103 112 194 90
132 79 124 41 85 72 159 42 100 54 55 200 8 71 137 106 80 190 104 158 200 146 124 92 161 95 134 7 70 167 107 63 115 128 79 2 68 0 171
157 195 30 135 152 76 48 31 32 171 35 13 46 194 188 15 92 161 60 161 144 11 148 34 160 162 43 116 21 166 89 148 84 92 10 112 155 48 183
15 91 118 87 134 161 24 35 139 46 0 40 160 69 152 58 172 166 55 181 52 10 66 90 100 154 69 33 79 168 8 195 182 69 157 188 36 33 3
128 119 135 95 25 108 151 140 11 120 103 196 93 146 15 128 63 92 28 69 135 135 190 148 135 100 191 30 151 57 152 98 7 171 56 4 148 110 87
87 8 70 130 131 92 73 159 175 85 199 118 194 172 88 33 96 173 95 162 53 118 49 178 47 92 40 100 24 32 121 17 33 11 112 187 199 182 170
3 178 35 86 138 132 2 169 146 158 157 57 154 48 54 27 51 103 132 167 3 77 156 166 155 38 38 26 100 166 93 95 72 51 55 35 174 40 16
33 159 78 134 91 69 197 147 123 17 142 36 175 65 140 83 181 159 42 58 194 38 147 65 183 198 132 10 193 32 163 67 22 87 110 19 120 108 151
74 92 25 7 120 31 42 103 110 90 164 190 39 67 89 134 130 115 199 156 114 9 60 125 15 21 28 101 199 15 16 168 160 12 134 41 138 24 21
24 171 53 48 26 60 47 74 54 50 129 133 74 114 50 198 101 40 83 6 112 157 150 23 165 38 23 123 63 31 169 92 76 33 72 116 106 121 153
58 158 170 155 1 87 187 59 50 62 12 11 41 120 11 31 2 171 13 112 41 2 183 50 142 21 158 87 189 57 15 185 46 5 124 198 100 166 198
106 117 75 60 188 180 40 7 89 182 84 64 102 66 35 21 62 84 34 65 25 196 200 115 117 169 178 65 163 35 183 100 103 117 92 128 168 199 113
158 146 35 67 148 149 146 56 131 56 109 81 195 174 181 135 152 40 137 136 29 40 61 91 183 159 168 106 11 38 93 21 132 103 66 7 72 117 162
123 190 165 79 151 15 151 40 185 81 198 66 132 135 75 50 95 161 73 21 131 178 127 14 160 0 164 128 192 184 124 94 129 133 140 179 51 8 85
75 78 74 40 92 131 61 196 4 181 179 42 14 106 6 97 15 106 135 21 56 58 194 122 125 98 60 32 103 85 88 107 27 43 149 136 199 151 195
137 3 135 28 9 197 124 155 91 100 195 22 71 69 169 62 155 137 189 14 20 85 1 86 66 152 76 185 19 42 171 131 96 116 124 91 146 7 165
189 63 200 99 53 54 117 28 192 84 89 112 12 42 198 75 19 106 168 125 10 1 89 142 44 138 192 197 144 16 179 94 200 82 27 56 53 106 178
42 74 139 64 14 172 33 168 87 150 21 187 22 8 141 156 45 175 5 50 136 115 28 141 128 92 199 47 109 2 102 124 171 95 135 128 23 98 4
32 65 183 157 60 145 20 143 36 183 152 109 156 147 133 176 86 105 145 158 144 72 157 16 199 80 177 66 126 89 149 46 65 68 160 81 131 146 68
73 31 77 173 183 77 69 10 87 89 67 51 97 116 36 190 163 87 137 124 175 27 92 130 97 129 64 194 167 37 89 5 189 41 33 192 70 28 195
171 136 133 98 69 1 136 196 149 187 142 187 195 69 45 12 55 88 115 191 151 170 137 106 45 83 18 74 13 19 66 3 186 18 111 198 168 81 194
66 55 92 20 133 78 165 47 180 98 180 87 71 173 143 0 192 146 87 23 90 74 109 52 124 89 37 30 39 121 30 127 143 37 107 5 80 93 22
