41
85 189 126 187 88 69 97 154 94 110 154 64 50 124 15 43 111 160 54 46 40 72 98 37 196 46 32 85 44 101 20 26 67 96 69 190 100 16 31 164 102
16 193 52 10 70 156 31 191 19 98 17 189 40 101 153 109 58 165 176 74 38 101 158 142 106 163 68 128 79 19 94 64 9 86 33 170 166 27 63 82 4
156 187 131 57 25 66 45 84 25 39 134 69 130 128 1 98 24 53 30 42 146 73 34 2 81 142 131 175 47 79 20 31 135 5 6 161 115 79 100 84 178
129 184 15 185 188 107 181 196 57 105 70 137 142 176 174 68 22 82 71 20 112 125 13 36 127 115 24 190 143 91 88 0 113 29 22 105 7 125 36 81 25
52 97 47 137 50 192 77 79 130 12 141 101 91 2 181 184 66 99 156 178 108 4 191 153 36 161 133 108 160 101 140 110 82 9 186 12 193 19 138 141 169
95 147 50 110 131 2 142 41 95 92 180 151 94 48 160 182 197 4 190 87 86 44 89 27 193 43 140 107 32 138 97 139 71 165 90 153 16 139 16 57 115
49 194 27 89 87 99 89 126 72 151 122 181 64 66 48 61 103 139 117 195 13 9 44 50 128 48 90 34 180 105 196 168 27 178 12 1 185 191 40 108 31
140 98 93 110 97 28 120 117 164 74 136 1 158 78 32 150 186 54 132 112 75 33 22 6 38 189 147 155 62 11 175 47 106 18 149 31 128 43 117 91 168
196 119 144 41 50 1 68 152 40 12 185 145 4 188 0 81 85 137 1 135 7 174 67 126 27 12 131 44 168 100 77 93 121 34 176 62 5 194 62 9 17
190 148 149 130 160 155 149 14 79 40 122 166 30 125 73 3 143 5 118 56 167 31 102 86 159 54 142 88 1 63 139 185 108 27 16 51 142 170 96 144 172
190 149 45 106 185 92 51 49 120 84 172 115 5 39 33 15 20 77 157 126 98 165 92 158 0 63 29 46 21 115 116 82 107 114 130 137 195 43 171 38 71
28 16 167 107 131 90 20 7 45 136 57 146 176 14 127 7 188 84 94 98 121 169 12 107 195 17 126 189 33 181 131 143 130 56 11 3 119 0 172 138 50
58 15 1 32 155 146 154 96 60 159 12 189 105 111 47 68 71 108 136 82 166 178 20 136 176 14 158 101 98 146 32 109 16 72 197 124 190 122 31 200 127
58 72 121 113 86 37 49 115 17 110 98 102 61 37 74 197 82 87 148 25 142 140 175 97 110 112 49 139 35 138 88 103 19 169 166 197 148 120 38 180 185
18 82 80 164 19 129 126 113 22 178 144 78 197 177 83 118 25 7 117 178 75 31 120 99 168 187 173 158 33 137 6 37 113 176 21 88 136 140 37 70 126
186 157 3 165 167 81 23 8 24 172 45 86 120 196 118 17 132 130 169 179 6 143 118 193 81 7 76 152 114 75 176 133 116 196 124 183 83 121 200 163 195
200 149 102 162 120 192 65 18 68 83 54 127 197 120 166 20 138 199 45 165 190 46 67 124 109 189 69 169 50 195 13 174 96 1 60 188 116 51 44 112 48
155 160 142 144 95 43 117 70 61 92 165 141 57 26 30 39 91 134 115 9 183 61 11 15 189 33 50 126 181 121 198 131 160 35 75 44 117 183 92 92 44
194 30 157 157 7 24 200 198 71 160 112 152 83 197 169 138 26 192 80 112 175 141 189 178 140 186 177 53 78 170 198 124 179 29 76 145 63 46 106 28 145
198 11 108 50 82 8 197 122 69 4 161 12 130 120 147 189 181 184 117 81 190 55 43 155 152 114 42 171 169 142 188 174 136 40 125 132 123 154 108 61 189
74 30 198 171 39 167 35 128 121 24 151 14 94 31 54 156 114 81 72 114 126 173 168 28 168 28 2 135 159 199 50 35 9 95 167 73 138 116 43 105 50
66 80 139 104 175 136 35 79 103 115 173 197 128 122 152 15 0 116 145 82 77 97 67 8 82 117 155 183 59 165 75 187 124 158 18 5 40 28 43 27 94
46 54 145 192 95 79 113 162 126 16 158 90 148 189 191 76 107 128 63 128 84 130 190 121 29 104 104 141 84 113 136 196 150 192 5 106 46 124 133 87 33
187 7 172 63 145 115 196 116 195 61 188 150 0 200 76 112 48 147 184 64 95 15 6 191 91 199 57 191 14 152 0 1 107 66 161 57 149 75 16 105 43
74 54 145 107 23 2 164 143 104 16 143 68 128 130 17 81 113 98 155 74 114 116 130 99 158 161 113 102 76 13 139 136 166 116 6 150 157 82 11 111 127
56 108 53 145 15 87 175 125 58 128 20 130 117 23 113 117 20 59 55 66 161 43 199 150 64 174 152 126 170 37 186 7 83 13 136 80 153 180 171 159 109
167 56 182 170 52 109 62 108 68 79 105 169 178 140 77 190 49 51 62 147 1 132 69 20 179 196 84 135 176 22 5 114 149 142 173 105 185 73 85 3 43
37 134 133 39 120 72 143 193 176 136 199 120 69 70 183 71 76 162 41 61 71 55 169 26 121 20 44 27 161 25 110 129 126 62 198 13 137 121 88 82 53
61 130 141 0 10 96 158 56 28 175 69 159 164 107 33 173 77 3 103 198 187 41 144 57 39 134 181 116 12 53 197 71 169 94 165 71 32 131 86 17 11
11 33 200 175 83 190 141 37 28 137 17 45 190 170 62 51 58 181 86 127 139 123 173 70 94 191 104 131 50 82 132 10 186 108 83 55 150 149 7 18 144
75 21 100 132 170 60 36 47 7 44 71 35 50 38 72 39 4 13 36 126 16 3 87 41 131 1 22 43 81 96 183 108 155 38 75 112 100 46 26 51 9
128 187 175 93 16 88 161 197 161 181 172 125 101 0 6 198 91 114 84 103 3 142 197 1 187 100 156 55 140 178 95 77 176 135 146 168 132 106 162 90 172
162 147 75 67 49 13 57 182 165 24 126 150 21 127 170 48 18 87 199 20 104 102 134 61 147 107 63 51 21 196 106 7 101 55 8 39 181 191 34 20 123
68 34 113 16 32 40 15 56 108 12 139 88 195 14 58 36 3 29 10 163 131 28 62 114 149 0 112 133 194 147 30 40 127 147 58 151 22 102 53 135 149
196 38 193 176 34 55 177 10 67 110 3 18 96 16 181 114 141 153 124 154 146 131 177 6 49 86 121 133 17 141 63 38 106 169 90 43 133 80 25 150 158
10 150 48 31 11 3 7 180 183 130 115 110 82 97 108 116 194 68 96 31 77 117 33 200 72 123 105 88 188 122 19 84 74 176 48 75 17 183 13 74 25
86 0 118 37 29 152 147 6 13 127 62 63 113 58 141 120 158 143 196 90 152 128 79 198 179 40 17 16 151 5 117 174 166 150 134 113 25 146 66 143 63
117 200 113 49 164 35 56 54 18 4 177 49 45 133 15 117 105 78 190 45 115 197 169 149 146 168 147 81 141 149 131 150 135 181 54 32 26 145 88 21 10
146 17 130 193 102 32 52 76 71 148 178 36 168 14 167 14 21 0 117 175 5 62 144 149 169 142 109 4 15 38 152 177 133 96 43 77 140 173 3 118 55
200 102 108 199 148 50 172 23 128 88 48 142 51 11 128 31 85 25 141 67 103 139 180 51 188 53 171 133 125 170 117 6 149 15 15 188 171 56 177 64 110
108 34 20 20 196 113 3 150 69 100 172 104 3 187 190 38 20 20 67 198 159 41 63 4 22 92 152 34 114 184 153 146 165 43 156 72 21 88 197 40 200
