15
53 18 119 148 175 192 97 198 89 192 139 155 144 195 116
88 31 170 59 169 7 69 119 53 93 4 47 189 162 140
26 47 68 168 57 149 181 126 39 182 13 114 6 14 129
1 145 11 132 37 20 127 88 107 174 102 79 50 162 154
43 81 58 111 25 95 54 193 128 177 148 10 40 73 162
117 111 31 195 41 100 187 0 169 47 6 116 60 98 197
155 116 23 87 168 133 48 109 61 7 135 36 55 145 171
54 162 157 0 31 34 187 71 31 109 155 16 174 130 146
45 30 3 92 84 175 88 8 132 137 63 136 136 87 160
99 193 61 159 33 136 128 160 65 108 173 172 98 97 111
21 113 49 106 43 193 44 10 94 61 13 4 160 118 14
152 125 42 183 135 0 30 84 22 181 41 169 146 45 72
107 185 146 136 131 70 87 178 91 144 144 14 67 86 32
53 148 69 32 164 126 172 188 116 141 180 15 175 8 19
125 78 187 66 146 30 166 43 178 157 199 123 163 42 198
