82
149 108 109 37 196 35 109 55 122 145 174 76 63 132 9 168 8 2 120 183 137 47 115 108 99 98 191 150 47 160 164 134 148 125 59 131 11 94 184 126 97 16 128 199 127 6 74 185 40 193 69 138 150 70 176 14 114 35 61 83 197 144 153 56 77 109 135 135 110 48 47 5 151 86 164 96 76 153 93 172 147 51
72 3 151 94 77 121 166 115 169 166 18 32 56 176 98 137 68 76 29 75 116 157 97 192 99 74 93 130 152 125 68 65 155 183 59 163 131 170 1 73 20 190 7 127 120 12 134 140 17 138 31 132 98 173 100 172 29 8 191 195 176 1 94 16 78 56 148 47 179 76 190 68 100 49 144 126 104 49 159 18 132 124
199 83 99 185 43 103 13 156 179 184 173 125 85 37 15 11 58 121 94 171 48 186 168 15 148 189 113 21 181 4 132 126 29 5 100 146 50 6 105 78 42 35 145 25 19 172 98 66 37 26 112 136 28 198 100 192 20 151 130 186 62 31 110 4 184 192 192 143 181 125 9 95 122 133 34 33 2 4 159 191 59 26
56 101 158 108 188 102 131 129 199 37 39 103 69 77 103 135 68 178 165 180 8 155 153 109 133 163 78 174 136 174 70 133 182 198 138 91 184 126 187 191 196 102 22 162 50 86 143 96 147 94 125 179 106 140 179 27 0 61 199 88 56 5 95 65 157 10 90 15 174 72 139 125 196 128 99 182 39 125 163 130 25 190
15 193 139 105 47 106 111 174 71 70 190 65 14 149 12 133 152 72 29 114 6 79 94 78 155 75 66 93 126 134 77 72 85 18 2 47 31 123 47 65 113 26 92 110 107 84 62 137 190 64 64 134 129 79 191 34 151 53 65 148 182 166 83 178 191 88 40 145 182 16 109 77 50 160 149 112 97 70 22 37 29 85
151 130 171 23 145 152 130 109 47 92 43 141 67 116 91 150 103 123 16 1 180 117 141 80 1 63 137 96 157 152 35 146 56 50 116 181 0 66 115 66 14 20 167 64 183 76 151 153 180 194 31 173 87 144 45 176 132 155 195 65 14 24 107 62 192 66 195 194 116 16 32 165 114 121 189 86 149 137 56 84 66 81
155 193 86 137 112 170 177 19 34 111 68 98 152 87 111 20 30 131 50 36 51 19 62 75 59 6 178 198 61 41 50 28 158 188 19 2 15 143 80 176 130 199 88 42 186 56 86 107 168 34 55 180 50 30 185 70 16 28 142 157 22 19 111 46 97 67 200 35 63 90 4 20 177 17 95 191 191 146 192 175 118 196
169 103 87 152 160 49 84 61 136 136 155 47 42 78 14 0 25 56 182 26 76 25 69 152 34 80 190 125 150 178 153 143 166 81 27 42 80 29 187 154 148 99 142 136 168 18 94 10 115 69 190 193 154 79 50 166 96 195 6 112 164 113 181 88 181 25 191 173 62 44 14 34 16 1 10 168 93 145 65 179 1 132
16 80 85 161 112 133 71 145 194 163 187 178 122 168 40 180 58 3 144 190 183 142 105 120 24 8 142 132 121 150 180 31 142 109 43 59 2 4 163 0 151 99 142 46 36 164 87 97 10 117 54 190 136 12 114 12 176 127 168 146 94 77 88 30 102 152 56 100 20 175 154 0 124 41 155 83 140 190 99 179 158 116
157 61 97 135 165 145 115 23 25 180 60 27 19 152 177 42 171 25 89 108 88 4 76 122 98 190 110 25 191 118 53 85 40 60 50 186 1 23 3 60 128 149 71 192 35 131 177 20 83 163 161 72 183 169 90 95 45 148 75 139 130 65 73 116 87 71 35 21 12 154 35 53 72 89 23 174 151 53 103 34 111 29
11 35 196 143 193 117 135 114 150 52 168 76 105 53 25 184 91 167 7 163 188 46 95 160 80 21 73 100 143 131 139 104 125 28 186 118 114 184 29 38 141 66 184 58 151 106 149 175 58 56 27 22 51 27 129 91 55 69 90 130 61 172 157 84 65 39 75 119 105 72 114 21 121 21 76 37 187 36 47 138 114 132
157 25 33 135 12 54 2 71 142 138 41 187 86 170 177 12 62 78 87 187 87 52 14 48 146 98 79 83 78 131 56 148 94 47 197 180 124 15 65 190 19 103 65 29 183 120 18 95 24 51 112 4 1 197 116 176 121 137 157 191 60 195 70 11 171 171 83 41 184 179 148 140 192 21 72 136 85 177 94 6 116 189
80 7 192 141 14 130 82 69 117 53 129 105 129 6 194 130 168 122 139 124 155 190 190 190 85 97 147 89 90 20 157 67 157 178 7 93 64 139 148 153 47 74 144 190 105 58 54 54 157 27 183 14 62 89 57 30 20 115 172 44 117 46 75 106 134 160 194 13 56 106 88 193 173 163 121 75 96 59 61 180 166 18
92 52 13 30 81 65 46 180 158 93 121 189 123 123 111 21 80 21 159 90 3 58 109 140 28 79 188 35 1 47 121 38 168 42 183 164 90 152 109 3 157 170 193 115 22 43 96 143 116 119 47 10 134 28 157 150 126 180 54 173 21 5 72 110 91 107 140 40 48 67 143 105 3 101 60 147 95 149 61 146 185 164
121 170 27 55 169 79 73 134 12 166 122 188 78 91 144 87 35 74 58 186 170 192 1 118 95 112 169 76 171 168 175 172 64 94 34 124 164 96 156 12 64 91 199 80 182 85 52 193 67 114 149 32 8 95 85 140 98 30 102 158 133 151 53 81 144 78 95 144 69 97 87 23 164 135 32 45 73 21 100 2 135 97
78 81 139 58 200 162 72 189 139 171 3 12 107 31 29 147 86 7 45 181 200 66 75 61 92 115 137 54 77 64 130 182 103 9 15 143 50 117 103 146 127 3 107 141 117 158 2 142 135 198 40 81 129 194 142 94 197 83 149 19 9 47 99 182 38 162 100 136 176 142 47 110 117 79 52 65 136 95 59 110 115 93
65 151 25 31 197 43 132 103 70 129 70 101 82 121 31 43 43 160 70 148 55 200 74 20 38 35 14 154 22 150 87 158 143 90 47 31 67 85 83 93 76 191 86 104 50 49 92 70 111 43 172 28 114 186 32 167 170 63 64 120 4 74 57 187 104 189 182 73 148 68 146 51 43 65 158 16 64 38 134 53 60 139
74 16 162 72 186 79 190 35 187 12 136 182 113 103 166 97 84 42 180 71 119 18 88 196 26 112 20 133 79 22 196 135 9 53 155 184 108 130 99 194 87 115 22 21 79 165 27 59 199 157 24 91 182 199 127 95 166 193 182 166 190 178 117 29 91 19 154 39 16 180 43 90 70 30 7 39 31 146 194 137 174 15
72 77 167 106 161 158 24 57 108 172 181 16 47 31 61 186 193 168 98 188 57 18 12 53 176 181 124 81 148 24 132 15 71 163 172 146 183 78 195 89 123 196 131 163 159 111 66 136 94 179 164 183 130 147 200 132 32 19 55 117 61 28 11 21 97 62 14 92 25 90 46 93 68 139 132 6 115 153 141 140 111 150
42 56 2 13 172 36 88 59 183 111 76 68 24 81 21 131 64 140 18 154 104 87 193 112 122 156 12 88 55 99 18 133 154 120 22 50 118 51 72 159 165 94 15 100 51 52 89 125 107 80 104 175 96 32 41 99 118 74 165 104 188 51 74 53 151 138 85 134 98 93 81 169 22 138 143 55 7 179 122 30 192 138
133 75 34 88 195 38 86 111 149 8 154 153 4 175 80 107 165 31 9 21 184 103 196 115 186 85 157 17 38 82 124 124 21 95 122 194 164 196 118 112 34 152 169 167 75 152 117 64 10 45 181 117 118 132 37 101 171 157 86 131 96 4 59 124 20 50 60 60 83 119 117 137 87 141 7 84 105 178 77 83 84 85
181 170 125 173 109 35 186 84 117 18 136 120 167 115 191 49 158 107 169 61 41 79 27 30 77 135 66 133 67 193 156 169 89 129 30 176 86 89 190 195 8 3 14 14 178 94 15 126 6 163 158 143 196 12 124 158 105 194 0 59 56 78 126 163 52 4 144 27 160 124 33 84 4 167 117 1 58 32 56 82 113 37
64 136 121 168 81 147 200 132 130 150 148 183 97 51 120 172 39 7 143 97 58 72 48 133 46 99 109 165 76 58 197 26 9 21 49 77 61 161 17 136 173 140 26 129 105 12 71 165 63 151 193 109 23 100 107 47 29 190 171 90 184 157 121 188 4 199 28 95 184 2 28 146 16 37 59 12 152 146 34 117 150 81
41 145 39 39 4 182 197 71 7 8 71 20 141 43 152 84 160 183 197 97 9 160 52 70 145 71 161 124 158 190 40 87 100 165 13 174 40 147 142 17 131 91 25 150 121 8 188 133 132 96 31 198 147 86 198 84 195 111 23 119 126 56 196 173 133 152 135 157 68 102 28 10 88 153 26 51 54 96 30 92 70 107
103 84 83 136 125 57 17 63 12 21 44 177 136 65 78 153 74 110 45 140 112 163 12 198 1 126 190 24 136 114 127 198 26 100 105 70 3 19 111 149 112 72 149 100 26 184 173 97 86 131 3 50 185 8 26 173 14 78 186 13 31 108 121 116 25 164 148 52 63 48 114 13 14 195 188 2 146 148 38 85 120 197
35 10 11 49 164 59 101 77 35 197 161 107 176 113 3 78 79 153 140 62 171 119 71 37 128 106 175 64 32 9 194 137 153 25 115 74 97 141 108 27 89 131 148 180 168 67 112 18 191 186 168 22 127 89 45 88 86 94 83 2 172 182 19 3 184 133 192 46 18 35 68 71 101 65 27 20 118 74 166 81 64 69
96 122 96 6 190 111 84 13 76 86 96 100 182 116 57 8 29 3 146 42 166 94 7 52 53 169 186 42 148 95 106 49 30 10 175 31 129 14 94 110 1 154 72 27 123 61 28 165 68 131 122 0 95 2 118 106 92 84 187 54 2 18 16 73 145 172 84 42 0 25 159 107 70 81 19 181 45 8 15 176 173 106
17 151 164 48 107 44 152 80 23 93 184 121 66 68 172 170 161 82 200 23 149 18 2 134 152 58 173 109 184 34 110 102 176 57 158 193 125 101 27 72 88 142 56 98 184 109 185 190 169 57 175 181 37 117 164 51 125 188 63 115 87 149 140 6 2 33 13 65 23 119 83 61 72 59 144 157 161 152 90 158 34 59
4 61 54 181 5 74 175 125 56 57 80 115 3 134 24 197 1 101 29 161 22 116 80 115 58 141 13 145 35 9 92 145 170 186 32 155 56 115 2 106 13 57 163 105 65 47 25 80 63 130 175 122 71 85 111 127 54 75 141 92 91 51 102 169 68 94 90 37 45 37 95 13 87 179 53 130 40 64 57 195 88 190
199 97 53 99 176 163 179 113 149 194 136 58 105 111 39 160 134 145 113 157 200 24 90 59 56 146 121 49 61 139 73 48 55 157 117 66 70 159 117 35 83 189 9 123 78 175 7 8 57 1 123 118 103 192 15 169 118 46 113 139 90 83 134 54 198 145 24 11 158 15 172 30 16 89 174 126 132 110 84 141 7 13
29 25 107 63 30 13 113 88 0 163 199 67 3 195 183 175 55 47 22 34 49 184 78 30 58 81 167 26 41 185 35 154 42 6 46 130 19 96 142 173 157 16 6 171 56 90 199 76 158 115 27 185 115 167 173 172 104 23 152 8 169 85 51 86 123 49 163 35 108 176 101 138 101 43 31 95 93 72 61 43 146 38
50 133 7 123 131 16 131 62 17 73 25 197 142 152 17 101 169 54 133 64 90 170 104 14 85 200 157 45 39 56 139 73 52 112 144 96 139 145 179 107 155 89 97 57 193 49 61 131 127 144 46 112 161 182 115 73 86 110 80 11 49 121 66 141 64 39 147 35 172 118 193 153 91 95 41 116 22 78 181 19 33 197
76 147 198 97 129 24 28 64 5 182 15 159 73 163 148 176 118 27 14 191 160 79 27 55 80 175 116 49 168 36 200 52 19 84 86 18 123 172 78 148 200 54 105 68 23 65 8 66 35 111 141 112 108 129 68 2 194 143 142 61 3 46 8 162 73 5 16 156 42 176 164 90 196 95 88 8 16 103 10 156 84 118
90 112 21 96 57 168 2 73 37 111 157 101 190 137 101 145 137 8 30 152 128 162 108 101 163 199 191 84 146 197 56 55 116 152 109 120 182 66 41 10 124 36 53 100 0 4 75 96 164 1 124 181 21 70 109 168 139 90 80 189 101 142 103 80 103 171 58 47 100 86 7 21 181 47 96 34 132 170 35 6 138 145
162 157 154 144 11 65 13 19 177 14 8 103 80 63 38 127 54 185 147 53 13 134 157 162 158 186 22 159 24 118 165 34 79 115 21 36 166 145 42 9 15 28 113 176 38 129 66 199 118 77 111 45 194 8 169 102 113 126 177 171 114 2 152 9 6 55 145 172 118 5 62 163 150 178 120 197 26 71 96 127 99 53
93 107 138 96 100 75 191 196 176 14 58 23 161 183 74 1 82 174 199 189 123 75 107 17 93 0 22 22 89 13 135 83 137 199 115 177 62 92 46 60 139 2 200 34 38 192 140 31 30 163 88 13 16 181 180 110 86 93 7 195 105 85 14 196 161 187 168 53 24 53 4 6 192 81 172 13 199 193 100 64 15 42
141 180 176 56 182 200 190 16 23 48 179 111 169 134 170 12 171 139 53 2 192 29 186 193 26 136 169 124 142 60 161 120 22 194 96 98 49 33 123 22 196 144 140 35 183 136 51 5 197 10 141 60 58 14 64 165 23 55 114 70 29 156 58 78 6 193 7 85 105 87 149 179 81 27 76 74 57 51 72 160 76 29
144 53 190 91 67 191 104 93 173 194 15 54 14 196 84 58 170 33 23 164 173 195 56 145 48 70 71 165 85 163 96 171 112 93 109 123 5 116 104 15 99 175 109 139 39 151 90 21 10 38 29 73 83 114 62 111 45 33 130 20 53 37 151 149 94 26 119 137 102 87 159 154 50 28 183 176 10 6 172 163 23 191
31 116 185 18 128 93 124 86 198 50 110 107 174 181 195 162 18 139 52 89 117 100 16 21 166 48 39 142 134 167 14 42 85 145 104 83 17 118 99 157 102 65 68 105 35 188 30 25 199 158 135 0 138 104 193 171 40 44 34 15 87 83 159 126 167 179 23 55 33 166 166 81 26 107 200 103 163 132 125 7 114 169
18 138 194 193 109 153 1 50 194 71 195 82 26 138 45 94 183 153 114 105 85 29 184 41 1 140 34 138 153 113 199 98 165 162 200 96 128 111 101 193 170 188 117 135 125 199 4 123 88 75 25 83 161 8 195 51 111 198 90 33 28 92 148 26 170 128 46 170 128 65 198 94 89 108 134 99 165 14 67 101 11 105
190 169 66 161 94 168 5 178 166 82 158 108 21 177 5 85 191 140 173 55 98 63 157 132 150 185 166 190 145 186 81 80 4 88 144 3 68 38 185 149 56 27 176 133 43 49 53 132 91 195 2 139 73 168 135 11 189 162 171 26 188 149 174 91 158 121 66 42 198 116 43 30 92 57 92 120 98 119 94 125 43 24
171 75 138 3 196 59 61 127 48 116 56 38 147 179 136 190 167 14 94 64 26 171 130 8 118 153 176 186 24 192 25 83 83 54 119 16 130 24 179 32 27 79 146 96 37 58 95 61 178 95 181 54 6 28 96 71 105 137 135 47 159 8 64 19 18 96 127 183 132 158 161 170 165 44 5 95 34 37 132 64 115 64
126 4 150 31 166 5 176 186 62 103 14 116 39 100 170 26 178 60 14 124 148 87 44 170 159 70 44 18 159 161 49 160 138 44 195 73 78 149 63 25 187 150 63 10 102 134 67 60 3 155 62 99 91 19 144 49 83 83 111 64 151 45 110 131 159 100 9 160 115 120 146 15 150 162 50 196 122 128 37 97 170 156
65 200 181 28 8 43 86 72 44 40 128 24 86 73 150 25 22 194 65 170 139 190 159 65 145 188 167 141 85 134 52 21 74 99 3 25 171 105 74 101 158 61 61 131 46 183 162 145 136 97 17 139 33 158 64 75 66 139 90 129 46 102 95 95 147 44 157 168 190 125 67 52 47 95 75 41 21 62 64 126 149 187
52 48 189 13 189 138 99 145 31 148 82 196 123 124 129 120 192 30 132 174 126 143 68 184 70 58 172 132 192 151 145 175 15 74 47 187 46 62 13 63 95 24 12 187 131 175 106 80 38 195 3 117 163 48 111 160 154 21 110 65 12 155 95 124 140 138 143 32 187 98 29 1 6 73 68 7 195 9 73 59 132 50
152 150 115 42 150 119 198 144 131 74 5 136 154 38 70 168 42 117 5 12 112 193 134 74 59 124 113 187 104 200 82 122 83 167 118 12 124 94 38 142 167 200 130 151 96 185 129 4 151 44 156 63 139 96 94 195 76 131 139 100 7 123 66 116 139 98 70 110 88 161 106 171 191 108 82 34 121 138 177 72 178 88
135 28 71 125 88 34 151 3 63 18 138 22 141 41 85 168 190 156 130 126 146 49 94 178 116 191 136 92 134 162 117 15 30 9 124 55 100 182 186 131 58 21 0 53 108 32 28 152 155 57 73 63 37 63 8 89 17 116 58 67 185 127 163 33 174 186 152 12 177 89 191 120 55 158 38 45 109 187 92 113 119 94
70 53 2 106 192 4 76 178 165 126 186 2 61 0 34 62 136 98 82 9 180 50 92 167 156 121 34 129 45 88 97 196 113 48 94 131 107 172 25 153 200 41 74 48 65 132 180 125 12 14 5 96 81 182 53 90 167 71 77 172 160 3 21 119 32 86 94 51 14 158 85 119 101 17 150 192 80 143 18 183 37 28
21 200 108 168 25 140 121 194 105 180 137 108 59 79 171 65 62 116 95 134 66 67 9 85 163 79 136 159 109 84 179 97 106 71 20 47 39 53 19 158 8 112 185 101 16 15 191 189 113 75 121 168 124 161 45 184 178 119 65 54 58 23 130 197 15 173 51 35 156 123 24 143 1 191 105 61 28 83 105 67 65 93
139 170 73 106 200 128 90 177 69 154 48 172 39 95 41 55 24 37 193 55 198 58 71 150 197 55 153 101 129 106 27 168 63 170 21 182 174 143 82 142 38 32 18 129 60 5 48 75 36 54 190 195 106 35 135 150 14 74 148 61 80 76 16 144 119 16 118 66 127 64 143 161 89 69 152 173 21 119 195 194 142 133
184 174 65 84 111 177 41 26 152 71 8 116 168 67 27 157 176 63 135 31 167 138 121 2 129 187 163 28 174 189 14 114 71 72 87 5 107 107 198 134 58 152 157 137 141 113 68 131 153 74 161 200 22 104 95 173 116 24 51 66 77 180 105 76 106 58 82 132 44 168 135 127 79 150 153 89 153 143 2 122 184 141
135 27 31 100 60 95 166 18 199 17 155 124 178 154 174 153 62 85 118 65 2 47 111 16 167 6 184 96 194 172 84 45 0 85 185 22 113 102 7 159 134 151 185 28 146 70 181 193 75 40 46 194 136 95 80 59 44 163 72 59 47 2 8 34 95 59 30 195 37 154 35 44 118 46 8 2 10 150 15 40 10 162
113 128 114 127 187 183 15 166 64 185 178 124 79 61 98 19 121 11 8 165 120 10 43 163 81 19 186 129 192 172 95 98 77 49 46 198 23 164 37 47 138 65 134 34 131 147 30 58 147 118 199 33 30 79 142 42 116 142 114 2 148 176 101 134 113 15 139 109 9 83 18 93 102 26 135 48 199 3 29 148 98 110
101 151 88 14 27 110 195 76 0 103 30 38 45 192 46 31 150 68 162 28 31 14 40 189 111 139 21 39 68 185 36 52 105 79 158 44 99 25 124 184 100 97 81 37 130 84 89 101 96 99 124 15 137 30 139 144 141 52 80 107 152 105 132 195 51 42 40 31 133 1 126 19 197 185 99 104 183 155 0 145 146 23
141 155 128 187 176 58 5 1 81 58 75 7 24 154 118 63 118 33 192 70 97 178 109 89 14 65 124 22 20 80 189 127 30 18 85 87 92 98 102 106 105 15 45 77 30 32 60 67 190 57 150 86 128 194 68 93 5 158 87 109 21 153 56 1 193 156 11 125 129 94 168 40 12 79 43 172 117 72 40 184 15 179
10 89 61 150 186 87 109 81 25 116 42 53 18 131 158 155 146 136 87 169 0 150 66 13 47 12 124 124 101 9 177 178 157 147 186 151 154 50 11 9 75 137 69 66 153 99 84 198 76 129 57 70 60 70 77 102 100 31 169 174 65 53 167 182 95 109 59 42 161 16 84 135 131 12 83 168 196 187 141 154 50 53
55 172 4 82 39 164 136 82 77 171 32 133 155 181 158 95 96 19 68 51 100 87 198 143 98 58 124 53 86 58 122 133 86 188 170 123 0 33 125 87 4 117 7 71 173 58 137 103 91 11 138 32 25 102 42 15 149 159 108 183 111 19 113 122 183 181 172 94 190 28 133 42 48 159 182 31 90 44 79 84 190 110
112 65 41 78 111 4 35 148 16 7 191 10 52 52 52 73 5 67 180 21 24 135 121 191 147 58 177 171 30 17 80 195 183 75 78 11 80 80 187 136 192 188 20 187 77 183 139 181 28 121 79 17 32 184 10 24 167 1 27 141 95 98 25 51 151 64 45 27 103 16 79 180 49 149 22 151 75 141 170 17 110 200
90 88 96 134 200 68 155 189 125 119 16 142 41 174 102 35 152 200 142 159 116 197 166 169 62 37 112 77 47 88 153 170 126 24 136 92 7 161 149 43 10 53 23 91 42 114 132 26 167 13 122 147 150 68 169 71 18 107 18 85 0 110 73 153 195 48 32 14 101 88 182 20 125 193 23 21 145 182 75 46 17 131
77 192 194 69 167 29 179 166 176 81 135 104 16 89 1 4 163 183 180 137 132 122 105 5 121 141 126 87 147 43 112 53 171 142 172 22 160 166 9 135 126 180 158 9 105 31 178 100 27 107 64 50 25 61 53 69 111 126 67 109 19 86 156 163 92 1 50 73 91 32 113 62 49 154 199 30 143 138 38 197 199 173
129 9 167 55 67 38 144 5 122 82 158 188 87 106 190 34 136 129 87 7 156 114 20 2 91 160 148 106 43 197 6 53 131 87 21 196 125 117 58 132 100 131 18 75 23 40 42 107 106 127 49 65 0 28 44 120 72 133 83 77 2 32 177 171 86 89 8 179 194 198 145 98 106 95 162 145 26 167 12 82 171 153
102 57 144 93 175 32 153 28 19 41 73 89 140 82 159 34 33 61 72 82 70 130 81 78 178 172 94 117 99 36 146 102 165 5 115 15 73 148 32 109 45 181 57 0 161 193 181 98 101 148 73 188 135 109 9 41 114 80 157 186 159 133 48 100 27 106 135 69 174 1 176 84 139 191 86 81 191 161 200 75 34 137
75 70 150 62 171 89 175 21 1 190 138 185 196 120 177 134 66 184 157 172 175 198 195 97 128 94 64 161 36 85 187 36 106 183 197 119 142 32 156 152 139 163 191 103 118 67 92 51 54 51 130 124 47 175 96 144 125 95 64 153 69 58 102 62 26 66 73 85 3 167 27 59 81 69 68 77 46 38 63 158 79 133
100 170 109 110 25 50 117 170 3 114 149 43 37 105 70 173 5 52 195 147 91 138 53 154 151 96 60 18 122 162 137 162 64 194 190 58 134 144 20 117 9 123 192 175 153 93 88 168 67 161 64 133 157 100 41 42 152 53 119 8 138 76 197 81 20 0 187 9 50 38 113 162 33 188 54 61 134 22 98 46 25 67
111 16 169 104 43 84 170 169 92 14 7 82 154 69 40 101 136 132 198 193 30 64 157 131 141 97 25 31 123 180 101 49 49 111 172 190 10 26 92 129 38 82 189 48 149 169 42 71 128 174 133 155 59 62 192 112 120 154 44 119 65 41 56 144 182 137 4 186 132 130 65 179 27 141 91 50 193 4 101 7 56 68
135 51 186 188 5 171 84 34 167 143 187 29 37 152 27 48 190 109 51 198 40 12 135 93 177 96 186 178 157 192 120 174 94 131 156 24 173 148 175 66 148 139 107 187 197 139 136 69 38 121 94 105 114 19 118 143 42 176 105 150 27 47 9 101 1 99 114 156 1 146 158 62 200 162 179 26 105 76 171 24 86 142
92 200 5 79 0 59 126 60 66 29 149 94 43 34 73 72 116 14 194 25 61 19 184 87 41 92 32 17 1 59 181 63 33 20 184 14 3 161 95 111 34 115 132 45 108 89 73 177 102 25 44 38 30 33 125 34 178 74 164 114 102 166 120 31 65 53 52 83 74 11 158 121 151 189 15 133 150 106 123 94 9 92
109 32 188 52 43 5 189 195 153 111 71 174 199 20 44 111 157 125 68 151 164 143 188 37 169 163 175 76 186 124 156 9 13 160 60 93 6 11 42 198 54 36 41 147 48 83 43 92 164 77 182 20 147 42 14 159 200 193 47 180 19 11 136 102 26 98 189 166 40 134 78 150 57 36 166 75 25 89 27 29 161 54
123 55 191 15 191 4 32 100 144 19 130 72 3 4 36 138 109 26 178 122 58 95 189 137 146 159 62 27 149 139 30 47 108 100 200 63 130 57 134 179 169 163 51 61 168 117 106 73 127 90 117 73 149 152 44 106 152 195 6 129 154 61 60 34 12 146 157 94 102 52 117 26 16 111 84 191 47 31 122 5 29 16
185 87 74 176 181 144 122 73 124 125 59 157 29 197 178 47 97 51 173 189 119 174 169 50 176 129 173 163 162 175 175 87 137 24 99 7 16 179 188 32 74 135 91 74 58 38 114 192 66 47 166 56 112 156 117 96 120 167 14 130 44 34 12 41 157 82 148 112 122 103 70 63 116 66 182 132 102 27 54 45 128 87
164 73 199 33 177 183 17 100 2 84 168 4 200 33 197 2 164 119 143 121 133 7 112 72 38 31 145 153 138 27 84 56 120 133 49 103 181 26 116 179 189 170 179 60 133 118 130 64 9 47 6 164 19 6 125 138 46 150 87 62 111 159 155 166 93 87 173 61 120 20 131 194 4 74 89 40 43 40 28 125 29 57
134 162 192 88 26 141 113 195 127 132 109 135 152 144 115 97 27 194 6 66 141 182 168 154 5 195 69 97 97 116 73 179 32 172 183 69 176 21 57 151 138 46 37 85 109 149 48 199 94 133 163 54 19 195 111 6 140 125 125 138 64 168 71 173 2 143 186 81 93 173 75 119 181 134 10 190 126 164 123 54 22 186
121 177 198 45 195 158 74 159 85 94 100 142 18 197 131 90 170 19 125 84 105 87 24 32 75 149 149 77 80 13 108 48 164 94 24 33 187 37 18 150 28 154 117 172 188 7 15 153 181 65 64 196 194 48 113 154 175 28 151 162 161 37 116 95 14 58 60 98 150 31 26 23 157 89 58 144 83 12 10 152 144 123
199 187 146 192 55 1 77 12 54 18 1 50 67 89 66 163 97 176 34 193 164 132 141 98 103 68 69 29 162 30 169 34 185 12 20 19 197 110 27 49 164 111 108 135 50 79 114 122 114 39 64 90 139 188 6 65 1 77 132 10 61 164 10 94 171 34 147 10 106 27 194 17 13 28 66 116 87 145 56 153 41 40
132 87 10 150 3 132 160 54 191 33 112 179 175 190 184 27 68 63 109 136 106 42 179 47 132 129 199 154 121 164 146 113 172 18 46 139 57 74 83 26 16 85 5 108 165 111 26 19 19 78 8 162 172 181 95 8 44 187 166 112 184 51 14 124 84 54 14 69 61 121 155 11 26 2 8 10 180 63 72 30 173 154
48 88 127 197 34 194 19 166 73 50 105 182 147 194 124 105 137 174 19 144 153 167 78 191 28 120 9 94 138 107 42 28 44 18 68 126 185 115 186 44 180 173 128 37 43 61 141 178 162 182 51 189 189 118 166 49 73 135 14 26 196 166 140 166 21 42 66 5 86 140 53 68 60 125 186 26 20 115 57 151 84 88
154 67 42 46 153 15 187 110 52 24 49 6 173 51 142 123 104 155 119 81 151 159 1 158 99 141 81 37 176 119 89 55 21 71 161 174 154 23 95 35 197 99 100 154 197 63 177 91 89 58 192 32 109 186 14 177 35 90 153 164 189 67 153 20 166 184 108 133 154 151 193 155 123 140 22 89 48 48 97 86 114 53
98 45 185 77 98 137 51 141 131 51 91 31 115 171 105 141 159 41 120 130 135 103 112 167 138 183 151 78 87 45 50 122 31 59 91 57 148 172 54 135 164 185 20 38 101 138 70 111 126 64 185 108 149 109 89 200 186 118 42 140 10 172 10 122 138 55 65 22 32 0 86 99 63 19 34 7 61 147 90 85 129 179
172 184 75 46 16 15 73 185 160 167 107 64 37 39 135 139 78 100 60 153 16 41 109 17 27 101 70 88 42 49 61 75 106 44 99 113 10 116 34 21 179 78 46 58 113 43 30 186 87 122 17 181 42 144 29 45 147 52 52 45 161 187 100 23 163 172 133 2 131 80 130 41 47 193 60 153 78 85 168 32 170 172
72 143 22 185 147 55 117 17 71 74 130 140 162 127 59 99 196 167 165 194 94 193 90 64 194 142 191 122 62 112 98 114 53 75 153 117 143 96 191 108 153 117 88 74 96 67 162 39 0 195 8 37 37 75 59 34 182 157 81 132 29 115 54 82 107 13 153 148 143 13 40 22 76 102 171 37 25 178 155 126 66 12
23 128 189 96 124 59 55 12 52 102 126 81 2 111 160 198 87 90 85 137 59 37 102 55 90 92 63 1 162 29 68 168 160 7 106 110 30 127 114 137 85 61 118 38 39 170 10 34 98 149 53 109 184 8 9 199 51 160 192 148 182 35 120 188 126 41 35 70 117 104 119 83 51 66 116 130 106 166 53 134 80 35
128 24 63 103 21 62 6 52 26 40 149 57 168 60 110 46 100 64 198 48 173 151 144 146 64 95 121 180 169 50 192 117 134 197 64 28 139 145 193 1 182 144 19 77 117 35 152 137 115 62 97 18 157 15 118 186 19 39 110 108 123 171 31 63 19 174 152 61 107 173 19 145 27 62 105 158 20 74 151 69 109 87
