81
39 0 69 156 167 57 6 108 27 58 23 30 30 38 39 165 113 27 187 196 168 81 2 54 167 199 156 7 72 132 66 132 91 194 23 1 193 86 146 45 47 3 197 190 14 7 159 24 188 39 189 61 70 153 135 19 128 117 123 83 195 80 120 125 136 1 106 14 176 11 91 71 111 35 112 64 106 7 58 98 87
4 45 76 146 56 148 199 159 114 176 108 23 164 134 60 72 153 132 61 31 43 41 140 185 20 156 81 55 63 164 162 155 110 114 19 3 76 9 88 134 55 185 85 178 128 23 50 190 99 129 40 149 57 40 83 84 176 50 179 38 146 130 27 154 22 136 8 40 5 124 151 97 127 4 80 136 39 78 155 145 111
87 19 53 4 163 30 96 99 90 9 166 140 127 4 118 119 108 17 62 6 72 180 196 197 55 93 183 192 102 59 32 91 162 135 76 46 125 160 2 152 133 139 168 16 196 195 51 88 162 152 156 48 31 46 38 52 152 63 34 39 125 42 16 103 119 67 69 15 169 39 21 87 15 0 115 130 10 72 35 36 172
132 52 16 182 75 4 51 186 7 28 23 91 64 18 59 97 136 128 121 126 46 198 42 78 188 99 62 37 65 98 186 117 160 85 53 121 142 126 196 143 116 20 30 199 107 148 171 42 113 95 84 141 108 145 87 22 17 99 73 56 31 147 190 87 191 180 43 53 129 162 170 101 126 104 17 160 49 95 120 144 159
164 25 12 36 116 115 16 54 124 186 90 30 160 35 23 148 48 165 111 125 33 186 188 60 62 185 101 40 46 121 20 41 173 82 97 70 20 107 197 72 192 9 14 183 27 11 41 10 119 49 170 151 125 27 16 59 112 89 130 166 65 184 167 176 17 118 80 194 147 106 3 198 107 71 11 70 77 52 151 35 28
165 105 31 153 106 183 49 9 168 166 10 143 72 74 145 109 106 23 116 91 127 117 21 22 52 113 34 61 163 179 150 87 53 194 34 32 126 125 5 99 174 76 77 159 30 117 42 199 175 172 198 102 189 164 62 13 132 177 45 178 170 23 102 181 177 160 107 135 84 192 31 61 175 95 14 161 42 165 190 71 8
43 150 197 163 129 78 137 22 171 109 146 117 65 161 71 98 54 29 42 165 102 54 167 11 58 182 30 172 75 195 95 35 184 52 133 49 128 113 79 47 86 102 52 197 80 76 60 78 113 121 38 106 57 104 5 19 144 93 116 10 74 53 114 109 95 58 95 2 154 129 167 64 22 135 84 60 113 140 104 93 59
146 118 185 144 127 173 60 59 77 140 160 102 100 192 194 103 31 136 53 155 72 101 115 77 140 37 78 75 114 0 44 62 124 120 76 50 199 117 58 129 91 156 10 81 105 107 19 47 114 102 40 175 182 153 96 107 8 66 161 170 71 178 15 77 33 173 6 138 6 159 167 65 65 3 127 140 76 64 65 165 105
31 193 163 37 76 81 50 91 87 63 11 185 193 0 112 146 39 136 187 180 96 190 146 31 179 47 68 157 67 195 84 85 60 77 0 109 84 200 47 118 198 83 83 21 34 35 5 191 122 3 194 150 108 93 139 99 80 12 161 62 103 182 190 128 69 124 155 38 182 124 188 15 8 160 58 75 113 81 22 106 79
164 83 28 191 199 135 113 194 183 73 13 197 174 108 0 129 99 21 166 148 68 97 59 121 102 138 63 124 107 173 127 197 170 111 12 152 13 52 13 115 85 47 114 60 46 159 61 88 154 92 41 171 76 83 196 87 164 12 40 162 169 95 167 13 0 63 11 33 25 154 192 141 118 57 134 150 182 115 119 75 181
197 119 153 43 13 193 128 176 1 168 65 9 90 89 135 109 32 165 36 97 61 200 127 140 187 175 80 105 189 33 101 179 154 45 158 80 51 144 18 128 16 23 22 105 68 54 98 123 55 56 35 39 100 162 7 113 12 107 112 51 147 172 36 87 14 46 77 181 178 34 24 102 151 10 78 114 76 153 123 173 119
129 194 95 195 188 81 27 62 80 40 6 178 113 85 19 104 199 185 84 57 59 140 170 90 39 197 88 167 148 152 1 129 37 101 78 22 75 27 68 5 99 166 13 139 14 5 87 188 148 130 9 46 0 198 8 191 39 15 35 59 50 40 100 76 31 51 101 168 86 151 106 16 23 58 49 69 104 125 102 63 196
56 62 142 153 105 90 101 88 73 88 56 148 28 26 162 91 21 87 32 122 195 135 31 3 148 64 174 33 104 140 22 160 126 88 166 70 53 133 72 91 197 190 52 7 68 83 33 68 25 166 5 16 113 134 180 140 24 33 93 0 86 114 164 156 106 106 83 176 116 129 25 53 179 122 55 167 35 1 145 102 34
108 72 4 119 66 68 135 66 10 169 47 110 6 91 82 33 83 177 70 156 145 144 23 76 33 70 152 45 17 158 170 100 193 135 101 85 137 17 125 1 176 27 131 181 50 143 62 140 177 89 158 160 124 92 136 133 168 119 112 110 18 119 38 33 170 150 101 101 179 57 9 163 150 11 195 130 50 197 53 106 57
150 169 67 85 123 19 81 17 134 188 194 48 122 160 174 125 192 154 69 43 112 199 8 26 30 127 17 191 86 158 48 113 176 9 103 134 68 45 43 43 108 183 45 18 11 149 167 115 109 75 83 32 16 196 172 87 72 186 153 75 121 140 50 115 191 131 182 121 41 55 43 16 179 59 48 124 51 185 139 41 92
64 38 158 2 182 95 59 22 151 53 62 42 40 152 12 32 140 140 176 192 176 115 94 82 161 140 89 162 45 56 80 197 98 68 31 48 113 83 38 152 9 148 118 165 146 150 119 26 23 144 149 189 115 168 98 26 152 37 60 18 193 101 78 123 154 125 196 99 158 108 62 68 168 169 63 152 111 44 11 17 32
118 44 142 148 37 31 161 131 121 80 48 59 67 161 125 56 180 52 120 154 96 5 139 77 115 49 18 176 185 165 111 154 156 118 61 67 194 45 82 70 100 98 77 6 87 50 22 20 189 166 157 126 15 178 153 17 158 31 23 8 132 8 105 78 13 93 64 56 105 142 25 16 67 170 184 168 188 161 63 169 63
8 151 169 138 135 121 8 101 165 180 45 134 68 58 52 93 14 63 45 105 9 42 15 29 87 49 47 49 174 153 68 3 79 41 61 180 125 13 193 17 69 9 129 88 92 44 114 97 164 67 106 32 61 36 195 190 184 50 91 145 6 111 181 108 9 67 150 174 168 142 5 107 4 16 80 159 44 117 121 64 62
189 186 49 181 23 109 36 2 43 19 179 88 186 167 88 157 120 41 127 23 106 22 36 37 16 29 2 111 6 170 96 160 74 102 5 24 184 52 42 74 6 125 130 9 59 6 121 3 172 112 118 153 21 80 113 28 96 163 99 195 152 171 87 159 108 165 81 71 182 136 33 169 111 48 155 64 175 27 7 148 77
32 68 69 124 32 115 59 165 160 85 188 5 175 17 80 157 107 170 191 57 70 87 76 0 153 56 154 171 183 200 7 177 148 174 29 36 159 173 4 150 17 147 119 9 103 94 159 119 19 105 163 85 96 75 176 81 128 24 153 50 12 175 120 148 1 103 129 181 90 154 51 178 114 2 11 155 162 200 26 4 81
104 146 131 129 117 16 71 179 153 91 196 157 180 111 49 155 13 112 87 64 198 187 84 73 0 138 49 150 56 137 95 50 24 59 157 120 132 136 147 87 50 53 58 76 143 127 54 22 44 115 137 112 62 96 134 8 3 21 121 36 191 104 6 152 166 65 123 98 195 105 45 119 134 89 108 19 94 145 34 0 125
150 1 143 77 192 65 84 149 161 32 160 150 60 189 62 108 128 149 3 161 61 17 168 60 183 25 14 176 13 196 172 25 20 101 119 88 118 155 95 12 12 18 153 146 142 89 0 144 21 142 166 66 27 196 20 24 186 49 168 131 88 105 99 131 103 58 188 30 104 172 170 157 32 70 34 79 158 188 119 53 143
64 55 158 37 168 189 41 2 39 118 200 148 191 62 153 69 98 106 27 68 157 128 161 117 92 128 57 69 74 164 41 81 34 2 32 91 191 30 96 44 92 182 170 91 99 148 162 62 120 82 193 190 95 88 78 64 114 161 4 65 131 67 55 32 56 174 146 182 48 200 93 142 41 6 117 164 143 26 115 55 174
108 81 67 80 103 160 19 53 104 147 154 179 44 179 159 114 182 41 7 139 6 78 160 77 32 148 130 2 11 80 8 180 26 136 136 126 161 167 114 32 5 35 112 102 29 187 94 81 135 50 64 129 168 84 195 154 145 40 95 57 18 169 82 17 44 25 66 110 178 70 1 13 123 135 12 133 131 22 74 13 101
35 163 101 11 64 142 123 141 154 102 196 161 15 35 176 68 61 71 135 67 116 46 59 57 1 32 200 124 47 70 86 147 79 172 57 41 32 67 116 192 1 72 78 95 160 29 56 164 43 40 153 31 142 195 89 21 108 100 143 24 75 74 129 84 182 85 152 1 31 64 18 23 159 116 2 114 81 49 55 9 147
59 101 50 95 166 194 62 186 162 151 58 91 97 33 158 137 56 79 28 97 148 198 154 171 195 28 143 160 182 184 112 169 164 91 38 74 10 15 120 7 186 151 112 80 123 43 72 138 183 37 69 105 26 48 0 29 123 186 68 174 36 120 45 78 13 91 16 176 186 46 164 90 153 75 98 123 167 48 64 39 15
100 134 151 124 52 98 98 137 99 184 155 39 148 31 143 172 179 29 148 165 154 80 136 48 120 63 199 131 112 54 96 68 24 117 69 175 126 45 68 125 194 79 13 84 163 161 105 22 64 176 64 78 89 153 34 108 183 195 174 128 92 180 125 73 165 42 126 167 56 61 24 169 190 73 172 73 51 189 105 26 159
112 3 190 15 155 3 81 196 181 186 63 111 14 74 108 163 29 176 186 49 137 100 24 36 62 139 9 109 181 22 122 31 20 33 123 7 148 91 17 128 172 5 36 24 73 64 115 28 131 106 41 58 152 81 69 189 66 68 59 71 158 107 64 112 176 130 194 97 148 162 157 75 52 97 104 109 14 78 98 153 186
183 199 38 195 187 122 0 70 197 102 157 14 197 187 50 80 14 89 39 21 98 83 58 147 135 170 28 76 78 20 21 167 149 191 171 48 155 109 14 11 132 3 151 197 11 164 168 151 21 113 56 69 114 167 39 33 42 95 102 61 69 162 172 13 101 193 42 155 148 49 60 179 157 67 151 192 170 148 96 29 146
156 162 120 11 157 154 196 173 58 101 155 74 123 113 43 169 141 161 138 17 78 131 79 25 176 27 32 97 69 31 197 151 124 110 17 66 116 16 5 132 167 178 199 65 191 122 177 66 117 59 163 30 53 171 194 6 20 129 26 120 194 114 162 77 139 89 194 57 97 163 88 53 13 120 159 157 57 175 86 80 86
160 110 129 71 91 147 19 88 24 29 77 182 189 189 129 171 94 60 194 59 162 94 192 10 89 70 185 143 90 61 138 154 75 146 28 85 124 194 92 43 157 66 154 66 82 86 93 30 27 132 99 199 103 141 132 66 60 29 90 89 142 199 85 45 198 33 180 111 50 186 146 12 3 183 60 12 176 163 53 23 106
18 12 63 66 15 44 68 143 127 44 58 81 194 56 5 71 165 69 135 119 97 22 129 178 195 139 34 179 158 9 23 189 6 12 161 84 35 72 8 57 192 72 66 35 100 59 17 64 81 191 32 58 19 143 153 95 90 98 99 61 116 193 173 130 190 170 101 28 22 145 8 128 34 50 1 131 140 156 190 66 131
117 85 85 112 168 99 122 28 134 52 181 21 83 53 20 122 2 195 196 67 177 106 184 171 98 95 141 156 156 30 132 32 34 112 182 105 176 53 125 170 171 18 186 136 159 28 54 123 184 58 85 16 120 174 148 48 156 186 12 72 21 37 93 70 22 165 92 34 85 91 97 99 6 19 14 104 44 104 25 160 26
93 197 137 93 44 39 90 110 178 154 27 126 87 53 91 137 70 39 92 116 30 173 82 82 52 102 82 13 65 138 82 58 117 83 163 197 133 98 59 152 110 30 18 149 74 102 155 187 125 57 69 36 135 196 51 81 98 13 200 102 77 119 171 175 23 134 191 165 131 86 197 67 126 195 106 131 107 28 79 112 181
15 187 148 185 65 18 79 3 102 179 99 100 97 162 93 142 7 70 48 3 35 101 197 129 166 133 138 78 41 44 36 53 94 59 159 144 61 8 97 61 32 122 113 161 123 78 174 161 140 168 142 154 187 6 127 162 117 52 63 126 183 89 81 36 200 141 92 193 156 169 81 54 1 72 19 81 168 50 80 134 17
46 56 79 2 89 48 50 164 34 100 39 159 92 63 34 45 150 148 73 58 119 118 85 15 151 85 190 77 169 158 20 59 82 146 30 30 43 168 137 92 192 160 58 22 181 76 165 30 65 27 186 143 130 150 74 35 128 183 165 104 58 123 198 85 95 167 102 191 5 181 11 31 11 178 164 89 187 124 91 98 79
87 19 139 185 145 184 104 70 140 137 12 129 3 191 6 151 5 7 65 190 110 61 187 37 112 98 117 9 33 182 139 103 154 178 26 134 115 192 76 127 171 129 147 155 160 53 1 5 18 41 117 99 73 75 99 8 15 3 164 9 167 138 45 123 108 120 38 45 149 90 12 107 135 143 42 53 169 188 41 103 58
14 182 47 91 35 153 182 55 94 108 156 154 108 170 61 6 112 165 16 83 160 139 179 112 197 125 195 143 94 9 5 24 6 155 171 147 11 71 39 193 80 179 164 12 60 117 145 21 110 168 149 151 93 134 14 11 140 58 190 82 17 185 67 95 111 35 147 124 122 59 38 177 79 166 152 89 123 23 200 144 69
126 192 140 136 60 180 98 121 57 18 72 150 199 145 110 72 35 150 86 33 196 168 174 58 153 78 16 174 6 49 96 198 127 53 0 45 199 174 81 76 31 155 138 125 55 190 134 95 167 182 142 14 69 128 61 119 107 152 65 82 147 33 11 85 148 2 133 149 181 96 48 108 85 113 196 30 119 85 153 30 95
126 190 35 182 116 160 134 116 3 118 72 103 81 190 52 123 46 45 82 167 171 166 134 0 8 114 60 166 195 130 198 194 105 6 135 194 130 166 19 87 68 143 184 75 53 84 41 96 46 147 139 60 148 143 39 177 126 65 190 33 49 133 109 4 49 97 124 171 57 145 34 22 192 2 136 180 83 30 135 41 189
0 56 15 66 191 169 70 159 133 7 146 129 12 154 177 138 102 119 185 36 143 89 94 11 135 187 8 167 200 8 15 177 190 185 20 165 168 195 50 173 138 10 29 194 19 76 137 134 53 170 135 17 115 152 26 59 60 24 0 136 148 199 133 191 138 80 39 120 7 100 160 190 152 152 173 112 111 102 115 182 157
145 52 121 180 54 56 169 95 15 85 129 60 89 22 108 134 66 173 121 73 33 166 135 120 116 34 152 82 57 167 131 1 128 171 3 176 6 53 111 151 54 51 114 139 146 79 48 197 171 11 79 47 94 155 103 190 91 32 181 184 99 92 27 190 5 196 162 146 175 132 57 30 173 71 72 196 139 53 58 179 161
66 138 186 110 189 195 197 135 104 106 189 174 41 4 191 16 120 164 122 5 123 109 24 120 161 123 121 197 72 129 116 128 44 26 99 9 156 94 168 98 28 80 12 184 197 160 97 28 12 94 187 177 133 152 116 33 107 78 189 160 156 191 49 170 115 192 8 145 164 136 149 50 2 178 197 126 13 137 18 98 102
36 119 107 38 154 37 41 1 55 27 174 72 64 141 14 88 83 129 188 95 194 199 25 138 173 109 45 5 80 166 151 84 188 124 25 190 58 68 5 190 110 56 73 27 88 173 142 51 117 186 98 88 105 127 29 137 15 183 57 123 35 106 30 165 175 146 198 105 2 13 72 29 56 29 102 153 67 11 92 63 5
25 66 167 115 6 134 75 87 97 143 20 150 123 81 156 77 118 71 83 82 21 5 111 14 13 45 8 152 117 118 21 75 193 49 141 126 18 26 182 177 166 188 80 163 59 80 4 36 12 5 22 111 7 33 15 155 135 37 29 144 155 18 173 29 50 64 103 26 53 190 134 37 142 133 193 125 17 97 161 26 74
178 0 13 45 51 181 39 177 129 61 192 59 163 193 1 26 81 12 35 186 194 123 106 64 96 74 182 36 39 131 176 154 152 14 56 59 167 75 94 123 148 74 155 187 74 161 40 106 149 85 56 38 3 194 85 19 189 119 199 153 184 75 92 14 131 56 172 138 78 180 163 89 151 179 159 104 190 15 125 51 138
192 122 112 3 196 53 91 185 168 89 167 110 55 92 26 44 159 65 29 199 60 147 82 0 142 144 109 114 30 29 16 38 64 200 188 157 50 145 26 91 36 178 146 196 197 70 92 105 58 169 168 196 81 190 37 76 155 125 1 169 74 167 117 126 159 5 38 26 194 17 91 60 103 19 124 98 115 148 95 74 156
10 155 70 87 125 21 189 145 122 9 55 16 165 35 136 115 29 94 178 144 135 41 95 118 165 137 133 37 75 23 138 133 142 58 85 143 125 110 80 9 79 126 73 167 49 50 120 120 186 101 170 97 195 123 69 30 196 154 14 116 166 13 78 33 166 163 74 166 77 5 49 171 3 69 35 159 12 183 138 118 0
155 121 43 146 149 104 108 87 42 88 83 170 187 108 142 3 107 10 198 117 16 1 169 105 41 109 46 166 26 32 18 116 110 19 2 145 4 24 105 179 45 186 106 197 63 118 52 98 170 70 176 161 128 67 66 166 31 99 67 33 189 101 20 71 54 139 56 120 41 83 91 77 96 158 143 11 59 104 138 92 94
58 49 110 21 44 123 132 69 116 113 95 143 16 92 176 12 14 100 100 109 3 80 161 37 52 47 17 17 10 161 34 105 125 49 121 84 112 99 113 113 66 69 141 52 97 72 41 43 2 100 115 22 56 14 121 164 152 55 82 36 165 159 195 107 123 116 45 97 197 185 76 190 178 188 56 57 119 183 113 187 61
140 101 16 45 99 84 76 61 124 184 129 61 118 81 41 197 80 91 113 16 147 81 154 112 104 125 163 71 102 84 128 27 144 105 158 153 83 28 45 105 81 180 158 115 160 15 196 90 170 42 16 53 2 114 86 23 165 75 36 139 56 93 166 16 82 79 26 107 118 89 121 183 110 94 23 14 121 149 196 8 176
179 70 10 187 28 43 7 26 170 194 95 42 198 39 53 41 90 66 152 65 177 192 25 155 178 127 102 179 22 46 54 58 190 173 6 154 14 106 47 67 58 68 61 51 196 119 162 93 6 11 84 134 197 1 143 26 124 180 82 140 66 21 9 11 30 86 26 110 110 136 75 104 99 100 18 0 60 131 31 9 84
45 40 104 118 156 69 23 79 48 31 163 7 103 103 54 139 107 153 8 153 105 69 43 86 152 41 61 50 1 142 0 91 159 87 57 182 199 20 146 0 53 116 50 185 135 62 163 18 163 110 165 131 25 161 156 195 168 43 51 108 59 181 150 92 104 66 20 103 167 193 171 126 144 142 84 126 134 7 92 42 182
77 31 157 166 79 123 108 183 117 18 128 119 176 107 197 158 67 191 73 84 138 46 26 95 151 10 40 178 32 95 22 8 192 99 177 49 1 143 109 131 142 161 3 72 42 170 140 158 146 65 148 81 188 191 198 112 71 52 105 75 108 31 52 143 54 42 156 5 181 103 141 40 89 105 34 133 27 123 157 189 60
111 122 177 89 95 184 44 64 123 160 22 29 179 79 149 113 110 64 6 156 6 80 22 79 151 130 194 167 45 181 113 73 57 108 131 188 186 74 21 92 100 75 106 46 94 61 37 12 38 56 128 61 197 66 189 89 183 43 166 68 33 137 18 20 168 44 33 67 35 88 200 143 20 189 130 178 40 155 108 83 73
127 139 111 81 108 15 117 96 117 63 20 50 115 12 195 48 119 149 89 63 50 76 125 56 91 20 130 152 89 111 4 26 121 166 103 51 103 31 126 3 123 31 59 141 106 109 139 72 17 113 15 124 117 76 27 105 33 199 47 119 126 129 200 61 135 13 130 194 10 175 75 9 129 140 186 7 163 153 98 89 178
154 99 182 93 152 47 121 118 195 100 24 14 67 63 143 63 35 174 109 166 81 181 135 194 196 15 27 17 0 125 104 158 85 95 57 87 33 168 74 158 54 68 51 159 73 176 165 42 194 172 33 168 133 108 196 176 79 165 197 57 185 130 92 17 79 106 79 140 197 130 154 92 73 165 178 47 92 15 14 92 56
107 18 111 95 179 141 140 162 117 141 29 146 45 147 158 125 12 55 198 131 104 11 24 82 163 172 5 188 34 117 164 26 8 139 13 180 145 87 123 83 193 35 199 109 45 84 99 74 11 158 174 140 53 93 188 172 62 191 90 104 48 118 200 123 135 85 153 134 97 111 15 29 177 111 144 6 17 79 198 48 163
0 31 108 137 48 195 86 11 61 85 58 136 4 66 143 118 178 11 65 94 189 165 125 78 187 163 83 142 6 46 85 118 83 36 71 184 118 35 44 146 54 142 49 184 183 185 102 94 48 153 192 11 71 64 14 125 21 131 155 158 40 25 62 84 146 189 78 157 24 187 132 163 67 35 66 193 38 117 150 25 148
76 96 1 27 1 180 32 105 136 25 199 38 96 185 81 165 187 139 120 9 25 23 124 24 83 101 123 175 196 18 197 36 150 145 60 194 65 23 95 61 42 196 41 77 58 22 186 118 20 91 128 200 77 2 68 199 197 20 66 33 198 85 151 161 0 49 157 166 69 143 186 151 133 122 121 194 13 126 12 74 186
120 76 198 2 122 93 197 199 62 155 70 44 44 60 164 188 118 119 198 25 23 104 137 118 169 129 27 181 43 51 1 77 62 133 73 128 55 71 187 46 132 94 167 7 163 19 45 48 59 62 34 127 131 179 69 38 38 21 49 54 120 130 123 129 99 85 129 0 62 182 50 88 163 115 42 116 65 93 141 19 42
9 93 52 73 160 132 47 180 183 67 35 29 0 40 111 120 29 40 66 70 30 15 90 182 21 35 138 180 18 137 28 96 40 41 140 101 131 5 61 105 121 119 145 111 119 91 7 106 99 153 93 91 141 72 149 12 163 140 118 33 112 55 163 86 41 31 148 69 26 145 166 167 128 39 32 25 135 154 180 107 10
185 22 155 64 74 3 115 152 132 196 25 194 111 133 173 58 2 188 66 101 65 178 130 145 46 40 52 185 110 49 60 72 183 155 59 178 41 116 129 111 169 187 149 168 183 103 17 63 18 0 170 172 5 157 155 183 16 121 43 184 61 141 128 181 84 25 94 152 48 171 0 198 140 31 95 40 84 59 14 110 67
196 52 43 80 102 117 100 78 36 156 185 168 101 40 119 106 97 53 163 190 124 125 119 78 32 192 5 83 31 60 106 131 2 105 71 92 152 79 37 87 108 127 187 92 161 19 41 87 197 120 24 125 189 105 16 179 189 82 69 1 77 61 56 98 113 107 90 29 151 138 37 12 119 154 200 22 116 189 56 74 42
160 165 149 20 20 32 27 194 84 126 182 100 120 66 79 10 64 26 117 178 148 159 5 91 31 27 60 72 7 18 31 142 140 186 142 155 125 72 36 110 87 175 117 199 78 147 77 10 66 54 2 136 138 2 197 200 161 136 125 153 70 43 14 128 107 26 116 84 194 10 126 64 108 154 92 26 74 34 67 157 64
6 51 192 185 112 28 82 114 133 194 160 26 56 108 52 149 85 61 166 71 191 161 174 130 137 75 70 68 151 85 2 197 81 171 132 141 142 192 167 18 33 55 100 13 108 100 133 128 45 104 22 62 114 55 182 135 94 72 186 28 148 174 14 58 114 192 58 168 41 153 75 194 175 140 29 78 165 197 42 72 66
180 74 164 91 171 2 0 124 123 38 53 166 120 76 170 24 16 176 95 112 145 140 54 132 174 105 110 22 86 30 27 14 136 193 152 107 4 92 141 83 106 110 25 68 90 180 126 4 148 121 181 88 87 78 52 101 12 26 53 118 20 123 162 88 30 132 126 31 59 18 162 96 18 96 149 152 196 139 118 24 81
46 39 34 144 7 7 128 71 81 61 63 166 140 22 17 9 154 24 29 84 107 92 195 134 10 10 39 4 111 128 189 90 111 153 139 137 115 40 103 171 174 39 110 90 139 149 195 4 112 9 28 113 192 124 150 37 194 124 121 145 195 31 97 91 46 193 185 145 45 125 168 62 90 176 105 85 142 131 174 127 176
9 173 59 84 142 185 170 25 4 173 103 113 38 197 28 175 6 13 123 59 6 188 154 127 52 16 142 65 43 67 127 146 139 157 95 88 63 81 75 187 137 160 111 29 103 126 152 121 54 22 166 10 192 30 136 17 102 36 199 127 24 181 4 119 84 90 24 164 64 121 0 96 185 23 57 31 169 14 119 79 187
89 179 45 89 21 169 61 89 40 100 12 153 94 56 68 124 74 89 185 34 137 70 190 139 132 108 1 153 85 70 86 160 56 172 89 66 30 183 87 3 84 37 64 11 131 184 0 53 98 68 7 115 1 6 61 178 144 93 93 104 154 125 157 137 35 105 155 60 48 104 173 34 22 78 26 49 175 54 128 159 200
184 39 17 154 94 65 2 104 42 196 7 86 141 62 154 154 89 54 55 149 136 61 13 12 160 128 26 166 36 129 179 118 11 75 162 45 85 119 115 103 74 11 172 27 19 63 167 6 12 165 103 73 9 26 167 25 127 114 28 154 95 88 52 146 158 132 162 41 52 153 48 197 43 87 144 7 117 27 8 112 172
179 113 50 34 26 39 28 65 168 181 198 61 107 32 19 176 177 44 127 193 179 101 60 69 162 193 73 75 23 190 185 146 34 153 169 91 58 78 47 63 143 95 147 197 100 15 174 18 162 37 98 170 125 147 34 46 45 184 166 108 200 35 130 186 164 28 64 46 119 158 21 125 186 132 105 66 18 128 115 155 25
147 189 140 129 136 6 15 156 99 65 27 90 117 156 180 105 61 3 193 158 105 101 164 52 30 118 113 175 36 173 101 2 156 11 176 130 125 180 52 125 26 15 72 185 90 6 96 126 147 166 171 88 146 52 29 82 57 194 35 90 144 116 70 101 129 8 107 131 43 36 152 180 185 78 60 121 103 92 172 29 128
143 146 147 167 131 188 92 9 85 79 101 84 172 25 80 145 0 71 196 93 160 128 47 125 15 132 82 163 126 45 129 120 61 151 98 37 192 62 105 60 159 40 137 156 191 113 31 163 99 159 2 143 173 86 26 22 140 33 140 7 180 195 41 148 60 64 32 55 166 58 194 112 13 169 22 135 67 137 33 6 68
123 194 94 165 27 46 34 108 105 19 186 108 185 58 2 139 3 30 175 78 74 168 117 191 142 71 28 176 109 46 16 161 194 49 83 124 57 151 110 103 24 4 32 76 152 137 56 187 125 88 162 22 145 57 194 29 84 97 177 99 94 129 142 41 71 68 141 161 12 33 146 94 166 7 42 9 108 1 175 180 28
2 169 12 168 68 133 7 132 183 143 199 49 70 138 87 102 164 36 55 52 161 109 127 163 153 181 48 172 190 189 136 199 7 1 173 26 20 45 122 79 57 198 43 84 101 49 2 71 94 21 0 70 115 43 185 69 74 114 127 122 77 198 170 156 140 100 197 129 190 101 187 193 149 30 145 5 112 197 42 97 87
36 157 116 166 76 67 146 115 72 168 73 97 182 141 12 53 130 10 75 196 105 183 167 179 166 149 3 191 59 74 90 59 160 2 15 11 179 67 51 57 172 1 94 132 159 42 29 144 76 81 49 5 7 93 57 52 40 125 99 163 60 145 123 194 118 177 34 85 171 136 46 40 156 19 103 58 9 22 200 103 8
47 190 67 122 26 123 118 80 86 118 107 62 89 35 99 35 187 142 143 120 187 183 130 66 64 27 199 12 60 21 60 117 62 52 5 122 46 1 12 183 40 46 147 51 162 7 151 121 85 16 30 153 123 71 59 136 133 13 131 63 126 37 146 79 132 50 28 159 53 24 159 8 6 116 197 150 137 177 143 199 117
0 70 68 192 98 161 154 113 138 140 109 98 119 127 144 101 101 18 38 104 142 123 164 34 44 28 3 65 10 182 29 1 74 80 123 107 199 163 142 26 12 172 185 184 44 71 38 19 129 70 170 77 118 152 197 104 107 46 70 81 34 60 166 25 35 10 184 46 57 128 73 164 174 153 54 23 149 164 42 20 30
38 170 51 184 181 128 21 83 14 106 42 165 13 49 2 58 123 34 25 4 145 111 9 108 158 199 14 63 40 108 112 196 65 161 92 149 59 25 13 146 37 196 100 189 184 39 25 190 40 90 116 27 140 103 19 151 29 84 41 174 126 166 52 49 187 182 54 136 119 139 77 45 26 65 122 70 165 84 101 129 72
37 148 80 33 82 69 67 42 98 86 51 22 58 45 153 38 151 59 1 189 138 100 162 109 193 147 15 139 92 152 80 6 118 119 42 184 60 140 78 112 193 198 34 118 90 185 143 51 22 58 191 69 54 23 116 43 61 191 115 103 49 159 59 71 93 83 9 150 13 130 167 113 100 123 6 126 190 23 57 61 157
