86
182 200 151 101 88 128 6 199 41 66 7 151 62 71 36 35 1 119 173 148 23 49 26 111 24 91 74 57 109 19 46 99 78 5 2 165 114 12 188 161 70 179 164 171 19 96 78 59 129 51 56 178 184 116 68 182 154 199 151 167 173 152 112 92 8 125 5 41 129 139 196 36 10 85 91 118 173 33 136 170 133 105 173 198 34 119
27 30 79 27 179 97 183 104 186 197 171 136 191 93 67 74 71 141 117 28 108 141 59 28 68 126 5 20 11 144 115 58 77 39 11 198 40 32 166 87 89 178 174 37 43 106 192 198 3 84 158 140 20 29 127 50 79 44 145 168 113 10 33 52 176 10 95 99 99 133 140 159 181 42 157 89 49 52 41 92 128 89 48 191 171 136
108 77 154 73 4 89 180 151 87 62 41 174 105 16 142 196 47 132 10 134 138 93 145 52 11 78 189 141 98 4 96 41 178 143 83 142 189 2 148 91 71 133 153 75 22 44 197 85 45 16 178 94 88 5 62 33 13 69 12 3 64 141 170 18 75 102 155 15 188 153 161 102 129 139 158 185 124 139 37 169 158 17 88 184 132 58
177 4 192 124 105 18 116 20 193 18 12 172 187 52 101 23 19 137 111 2 145 83 119 196 106 170 187 56 2 92 50 133 190 1 99 145 0 112 191 95 40 16 66 9 30 181 58 55 120 56 177 105 142 83 52 110 140 79 29 95 24 41 160 69 190 148 41 190 125 67 163 95 188 137 192 9 26 166 133 181 165 30 29 157 34 46
46 106 95 181 23 119 35 10 59 135 139 120 179 198 147 114 145 174 28 167 74 2 67 150 172 179 131 49 154 45 128 158 0 101 150 177 135 13 0 59 2 76 113 176 92 84 51 80 125 31 19 195 38 110 200 184 31 86 26 158 67 127 136 33 10 35 133 120 47 67 68 113 198 163 116 76 24 168 70 176 130 109 93 67 20 42
11 178 163 152 136 176 163 99 5 143 66 113 96 20 137 121 98 142 4 73 177 122 193 137 135 105 73 74 37 187 39 97 74 148 186 121 12 85 165 184 75 193 90 96 61 166 130 122 132 71 90 154 74 30 81 89 0 68 170 159 11 113 112 75 43 105 33 167 174 143 31 42 198 168 50 147 17 107 97 137 86 105 193 93 117 110
45 67 112 114 174 170 80 25 44 79 68 107 10 75 33 144 33 91 125 110 98 111 174 127 182 81 67 100 48 112 38 188 145 157 44 29 57 49 77 183 188 77 167 187 164 70 115 136 115 17 75 17 74 64 106 134 144 90 159 140 53 180 191 45 44 144 187 156 179 4 150 177 149 12 127 113 59 84 17 138 104 8 45 86 61 12
94 189 100 24 165 101 54 117 61 136 184 155 168 40 161 178 86 102 46 34 74 175 10 62 150 49 52 24 28 121 163 165 28 94 22 149 7 118 43 15 136 73 30 19 179 80 93 149 52 169 80 133 120 28 181 45 90 188 85 130 177 101 81 74 81 31 190 0 88 138 152 175 152 149 35 64 186 142 95 125 150 182 39 74 85 117
47 185 5 31 131 96 125 85 169 170 193 65 119 177 103 159 29 101 105 37 186 103 182 63 112 107 12 24 127 46 12 154 193 96 74 66 94 33 114 29 173 28 60 187 99 169 121 112 165 72 130 2 91 94 174 122 164 98 33 59 121 172 56 18 121 108 9 139 161 113 99 45 163 52 178 19 28 140 159 112 41 62 153 82 69 200
61 103 1 112 52 50 36 61 81 21 80 9 11 74 35 90 4 87 52 160 123 9 110 184 153 138 50 146 172 9 178 186 60 42 3 76 3 1 120 162 176 92 161 170 66 165 61 155 200 25 145 79 133 130 68 172 132 140 44 179 110 36 41 196 163 50 114 196 161 82 126 166 146 178 91 64 164 192 99 178 34 1 157 176 149 44
75 114 83 115 26 29 133 60 111 189 139 193 84 163 99 5 148 148 112 9 182 71 166 54 25 14 68 3 48 31 4 120 103 4 89 159 105 167 53 53 102 109 127 84 87 103 94 145 105 131 4 175 178 176 193 36 101 127 70 2 142 146 135 111 197 25 167 34 119 87 171 26 96 97 178 122 0 26 42 80 169 19 4 18 82 53
166 106 81 66 182 192 156 108 103 185 24 152 106 54 68 154 147 99 13 161 75 180 121 20 178 95 187 174 116 184 195 79 134 49 179 178 91 58 85 180 21 120 57 139 96 163 5 72 137 168 82 100 13 199 189 24 11 184 42 118 63 130 128 129 124 170 92 92 37 151 194 25 25 59 78 107 133 173 28 52 122 183 200 104 165 60
164 50 162 87 55 197 14 22 103 17 90 188 113 11 0 188 106 49 111 199 198 151 19 61 64 196 71 114 46 22 184 121 196 190 92 75 150 115 174 144 102 153 172 38 150 76 138 124 98 85 101 110 100 125 32 30 6 45 8 38 23 152 77 46 179 156 70 82 181 170 189 55 33 137 195 111 46 35 29 109 174 135 189 56 103 61
7 41 46 86 165 18 165 99 157 4 19 28 104 75 177 111 81 56 61 163 120 65 176 11 42 153 10 118 56 137 85 181 125 130 96 166 8 137 151 184 144 28 84 145 110 122 129 136 161 157 166 106 73 49 139 134 100 44 29 141 142 77 184 139 71 92 14 23 30 157 8 50 62 155 154 62 171 107 34 79 178 57 48 24 126 14
10 148 21 111 180 48 168 179 145 128 162 153 165 179 129 127 171 21 127 31 26 71 195 135 165 60 110 70 12 146 93 19 32 51 80 171 166 174 131 18 179 151 29 127 93 160 181 90 22 172 96 184 6 124 127 177 191 85 129 164 137 79 86 2 25 177 86 107 192 28 5 136 136 27 43 52 151 0 121 169 156 89 21 46 184 136
131 4 57 120 101 101 85 3 111 39 14 11 192 85 115 48 63 46 45 114 108 109 116 56 34 46 138 2 53 88 89 46 127 0 161 109 194 91 188 112 53 148 29 98 139 141 129 41 98 147 108 12 143 116 73 88 48 57 178 3 63 164 94 145 31 183 102 26 109 32 38 166 24 199 63 178 3 109 26 110 127 86 181 154 59 93
3 69 88 11 115 1 170 12 129 31 197 140 22 26 130 133 30 115 30 107 26 34 30 174 40 142 170 159 156 185 92 132 125 0 7 74 69 57 68 85 143 62 142 97 191 141 143 38 142 4 120 162 91 154 148 17 198 170 143 5 126 49 144 60 188 154 173 92 129 51 25 119 112 21 84 187 15 66 176 15 182 106 50 193 170 95
154 91 122 65 172 149 40 88 114 147 55 152 6 105 171 148 5 191 33 40 26 154 119 10 1 8 8 177 156 43 47 138 30 23 36 128 102 137 47 199 194 131 173 62 150 157 164 122 127 81 21 86 99 61 36 46 26 74 12 135 92 189 17 91 132 57 3 106 127 47 5 6 129 77 114 55 120 106 40 95 85 89 16 119 90 38
78 62 145 19 77 70 53 102 130 183 48 21 88 5 199 191 70 137 68 109 163 113 127 149 92 60 199 128 68 154 135 102 93 187 161 136 90 148 64 59 58 134 70 164 196 125 197 7 54 155 196 170 19 75 4 16 45 143 195 169 43 23 198 16 97 86 123 119 100 93 77 166 131 55 24 152 136 197 166 169 87 111 190 23 138 102
99 136 19 18 130 77 173 2 145 91 152 71 142 97 99 46 60 10 117 92 160 33 122 33 14 43 148 183 41 97 30 108 143 30 4 197 24 107 99 34 38 107 184 1 137 158 26 139 103 185 131 13 166 95 18 110 12 101 112 49 62 23 99 45 29 7 21 14 99 142 165 155 131 152 90 102 2 25 56 70 106 44 126 131 141 64
154 67 146 57 97 16 62 152 114 67 183 142 30 188 177 101 77 146 53 191 81 20 30 48 13 85 118 167 178 192 96 97 75 110 58 2 159 161 181 172 43 44 104 150 93 88 149 78 50 8 9 145 90 30 145 21 1 153 80 184 171 21 20 18 58 86 15 139 63 39 22 62 81 85 13 36 122 31 118 188 64 92 93 45 149 47
167 66 125 55 160 56 4 157 157 59 14 88 6 63 29 45 91 106 82 50 149 185 65 61 24 28 49 63 22 147 87 163 116 178 180 167 41 186 144 20 16 24 78 20 41 160 3 83 76 187 194 196 94 20 161 145 87 30 149 146 126 180 26 18 144 44 199 60 182 182 126 185 73 21 91 61 133 119 186 190 41 124 197 60 187 131
171 14 5 55 65 141 163 145 155 64 51 25 90 107 25 120 86 98 159 123 42 56 153 26 183 72 121 7 34 111 9 4 163 104 170 129 27 88 169 85 86 134 188 141 120 77 58 117 30 7 157 78 38 102 121 124 94 78 174 136 194 164 88 42 63 27 48 29 163 70 52 194 60 166 91 157 115 158 121 146 101 90 111 78 84 197
20 112 26 122 172 199 180 68 3 59 167 197 144 168 162 109 137 70 71 135 198 189 3 191 163 154 177 131 138 155 174 112 52 71 184 64 100 164 1 67 88 80 179 155 154 145 56 164 24 17 23 34 77 120 36 136 181 186 150 55 19 161 13 5 23 123 43 199 124 176 144 137 34 23 113 154 35 188 143 68 58 17 148 144 39 41
165 70 138 114 103 97 42 177 40 23 179 7 66 187 135 43 142 7 111 91 49 97 44 145 75 165 29 94 126 73 129 133 44 148 53 87 34 30 90 52 53 59 10 7 119 103 40 63 143 143 9 98 47 184 84 80 140 125 45 146 0 32 71 157 138 10 172 155 131 25 52 21 136 108 60 157 111 138 95 89 68 197 180 167 199 138
14 29 6 107 165 10 131 112 79 41 139 92 90 101 134 38 112 169 52 66 177 42 159 78 49 125 189 130 37 75 115 138 70 87 69 33 135 10 8 87 162 32 35 110 41 110 3 122 133 182 167 72 73 5 83 145 193 1 22 34 72 98 41 148 106 76 174 193 176 69 127 139 14 50 26 179 121 72 81 92 194 94 187 145 109 115
197 139 193 14 29 83 65 176 163 81 164 137 111 135 61 0 177 148 121 160 124 173 57 159 181 68 12 127 166 190 150 55 181 178 88 170 136 109 183 56 173 175 1 0 119 34 8 196 13 88 85 26 145 9 189 157 164 85 48 6 184 55 101 166 158 22 169 128 113 128 25 191 77 158 171 7 48 55 108 170 107 96 28 154 169 35
39 193 104 53 176 107 88 91 162 135 137 183 141 41 10 6 149 90 199 29 156 109 196 194 154 157 67 115 130 59 200 185 128 23 58 190 54 181 10 150 72 20 58 166 140 4 0 80 116 117 192 42 196 39 179 130 50 140 56 126 100 79 167 52 33 74 27 197 36 81 161 21 128 0 72 24 138 54 14 28 137 179 133 185 17 186
3 184 11 133 116 65 103 84 5 168 157 157 33 24 65 146 60 34 200 123 95 15 112 157 36 84 107 16 104 157 70 115 7 12 113 75 4 191 107 200 102 10 93 49 165 193 106 180 1 126 114 121 86 32 56 145 198 72 65 3 81 183 113 48 138 155 101 94 127 93 44 72 174 15 28 4 51 22 140 20 75 8 18 15 57 152
140 168 48 38 167 77 49 121 38 154 190 132 0 93 194 8 129 12 164 151 96 168 167 104 145 173 188 16 53 77 26 80 23 196 174 143 121 171 161 7 48 119 167 138 14 159 157 179 116 163 190 155 42 79 158 178 29 157 150 60 167 187 116 88 21 32 12 42 96 92 162 159 141 56 3 83 47 162 61 61 70 95 172 60 70 95
50 32 155 147 76 123 107 30 196 133 1 178 84 64 30 153 37 57 99 165 78 3 12 56 90 123 15 78 51 7 107 178 23 179 145 183 79 87 78 27 44 89 59 8 47 164 154 7 131 199 60 135 22 186 157 174 177 167 118 193 38 105 128 3 153 78 92 46 47 151 126 19 137 24 31 32 139 159 173 189 101 24 184 177 26 173
147 170 71 33 14 175 155 34 180 123 99 11 7 18 17 177 44 95 179 26 185 194 118 97 113 89 77 170 58 34 188 139 120 39 151 127 112 94 134 27 91 134 179 19 28 150 141 30 38 29 128 68 73 45 151 91 192 78 47 183 124 103 189 155 91 57 79 198 71 12 200 156 69 45 78 155 41 83 125 65 28 147 143 62 83 113
69 149 46 167 18 124 36 85 130 64 59 171 180 44 118 134 182 180 75 63 29 102 168 27 85 178 35 2 176 2 181 87 164 155 46 78 107 134 188 116 159 69 157 69 61 13 92 34 164 30 179 103 26 44 60 167 164 69 96 113 149 18 82 47 39 22 167 17 12 127 200 21 43 97 100 92 94 27 71 21 75 196 46 38 113 26
105 91 18 139 6 163 44 154 90 120 152 66 157 77 178 27 15 83 171 118 91 127 59 67 149 164 35 15 17 18 88 178 198 161 45 120 193 179 69 148 5 158 92 62 42 122 176 104 198 60 27 196 194 197 61 41 57 58 39 162 5 44 157 192 114 98 22 55 137 184 128 168 131 122 35 162 165 200 142 131 12 5 93 108 174 39
175 24 142 157 92 90 141 145 137 123 165 189 52 116 116 4 131 30 89 1 27 40 8 93 48 143 32 183 198 173 48 66 27 121 22 176 108 41 129 61 18 184 152 195 45 15 46 114 85 65 184 39 158 19 67 144 157 16 173 171 152 197 132 77 92 181 183 74 65 158 2 79 80 25 133 13 158 136 199 188 87 101 105 77 102 9
70 31 195 131 190 79 169 62 86 90 22 55 58 95 10 161 180 127 186 82 78 91 54 67 38 180 85 55 108 70 197 187 27 92 182 160 179 15 35 137 71 64 58 199 55 128 109 159 120 33 21 191 52 31 64 46 46 68 60 94 159 195 107 42 59 75 191 93 84 156 159 88 45 65 43 117 89 60 159 98 137 105 48 18 172 46
137 17 168 161 150 158 161 126 40 184 141 162 161 64 132 18 52 182 169 122 198 72 25 17 16 18 10 13 48 151 59 192 23 138 196 81 97 137 125 89 139 161 99 145 38 97 94 144 178 1 179 52 108 41 94 124 5 112 172 94 75 25 1 71 189 145 89 9 104 130 130 35 112 167 186 106 171 88 116 104 199 165 105 8 1 70
36 143 154 168 146 6 103 113 78 122 21 190 115 29 63 124 102 189 32 99 197 158 21 134 27 116 180 181 200 39 113 183 128 11 120 113 164 144 26 194 136 146 26 167 112 142 73 51 23 9 79 109 79 53 178 160 11 28 185 95 79 196 77 38 146 194 158 110 43 159 54 104 138 89 80 100 156 155 93 183 102 69 58 20 115 189
133 137 9 126 164 99 42 183 126 34 200 163 49 122 81 163 30 8 177 150 135 128 115 138 93 153 122 113 195 135 52 200 199 30 196 22 138 107 45 40 151 18 104 139 13 7 185 112 194 168 166 59 73 13 125 41 64 136 114 131 174 48 176 106 64 1 70 21 139 60 158 175 158 65 110 126 183 192 85 170 179 172 104 55 150 132
189 9 56 28 113 192 138 142 96 108 164 184 57 181 151 91 79 90 139 46 35 95 81 197 73 135 181 152 24 104 156 46 113 166 58 51 31 144 41 148 77 125 192 159 187 82 23 8 127 163 82 118 97 97 138 92 79 160 180 70 109 196 75 97 146 165 93 49 186 47 62 124 77 82 125 45 141 158 67 26 151 196 0 1 193 179
66 109 34 191 113 56 30 112 111 6 53 30 75 162 87 69 76 109 109 172 60 168 6 111 63 48 161 112 142 85 78 145 179 198 111 68 73 151 105 116 159 24 75 59 200 128 94 6 27 127 151 31 48 13 7 64 60 159 57 162 129 7 116 72 23 178 34 127 73 158 62 69 36 161 73 160 123 198 79 94 196 69 63 125 173 102
127 48 29 37 79 108 33 36 147 112 181 70 40 35 110 2 10 193 81 101 148 148 64 66 133 114 75 7 18 120 95 182 12 88 198 89 53 198 77 197 16 174 120 36 158 110 134 110 189 101 83 48 195 39 46 1 84 139 167 81 100 122 24 14 16 141 118 47 138 176 187 155 149 173 14 60 104 139 111 6 190 117 157 146 112 67
0 117 82 84 89 34 70 172 125 174 126 8 92 94 9 99 28 181 84 18 185 138 162 122 142 199 107 99 192 83 29 172 163 69 3 77 20 57 24 110 75 84 5 151 163 116 100 14 138 142 48 105 128 65 22 109 100 17 50 192 86 69 52 160 160 131 105 24 136 166 52 2 60 68 104 197 145 7 126 55 55 167 177 43 59 95
113 40 103 132 200 109 171 126 137 120 200 102 165 2 54 37 64 38 129 132 25 178 156 133 154 38 11 96 151 77 110 42 33 132 131 30 131 66 124 62 101 1 107 145 52 70 21 10 106 118 185 38 39 170 62 138 53 42 49 199 109 180 156 42 172 19 159 155 9 117 38 146 174 24 148 94 117 18 180 70 183 181 55 54 169 144
102 119 176 199 103 162 150 139 85 6 175 3 39 37 32 140 103 30 153 187 16 78 131 96 97 199 104 37 148 191 34 133 35 152 20 139 99 85 66 127 162 114 173 190 67 189 83 121 126 115 30 44 45 6 67 11 172 146 87 41 40 150 130 123 26 55 24 43 181 154 59 142 88 52 105 183 0 97 46 162 11 143 71 194 123 73
129 96 189 15 180 136 110 163 131 193 76 20 127 102 135 18 176 196 185 128 195 161 145 12 165 52 137 155 95 192 83 106 160 7 13 68 141 141 169 43 109 41 7 184 76 33 190 93 106 49 53 108 46 59 5 144 185 153 170 164 20 123 23 87 14 100 36 143 200 20 39 108 180 136 15 164 24 18 102 8 159 18 47 24 73 146
154 130 105 27 42 129 137 195 7 60 36 130 31 7 169 186 113 44 104 90 38 25 178 103 169 149 15 182 56 13 111 2 152 78 156 186 16 197 15 68 111 108 17 191 48 46 12 191 50 198 119 170 174 137 42 104 191 189 18 46 95 79 101 1 165 184 124 49 52 90 149 126 23 117 175 45 178 11 62 141 180 129 166 138 61 135
63 130 192 148 29 108 39 94 189 128 145 131 126 28 101 12 0 65 163 164 53 34 166 122 170 83 125 26 13 166 40 46 164 122 75 75 33 174 169 187 174 159 21 200 51 85 30 176 112 86 192 116 93 88 38 98 200 32 63 92 102 7 115 114 71 144 158 198 108 115 128 30 105 86 7 146 158 123 167 181 50 156 137 138 58 17
173 16 143 46 115 103 118 9 154 118 78 143 97 179 154 83 197 184 176 35 60 200 134 100 134 22 41 87 169 103 148 95 108 101 75 46 69 67 180 117 133 142 188 23 128 161 0 162 79 86 105 173 105 163 94 48 156 196 188 131 138 177 38 139 130 159 14 86 95 69 33 69 156 150 182 90 102 198 83 6 78 65 133 63 131 131
116 42 38 90 99 9 164 11 3 122 68 77 172 90 182 168 54 185 105 36 10 1 171 147 152 78 149 30 198 124 83 113 58 103 36 134 81 182 113 156 161 87 177 112 50 65 10 118 80 153 178 7 14 53 178 44 23 19 156 8 154 2 190 86 164 176 66 53 48 25 184 174 57 163 171 184 166 33 31 21 21 162 11 134 68 6
74 21 175 117 157 200 79 63 123 152 147 123 127 104 178 137 124 18 174 117 173 147 197 10 182 141 115 131 52 5 26 169 121 36 72 10 17 87 71 124 162 68 184 121 1 200 144 154 40 3 154 156 33 95 161 181 113 134 168 88 40 23 71 95 42 69 26 142 82 77 145 186 125 94 66 182 177 52 26 29 103 77 42 134 38 124
171 6 0 117 152 56 108 107 91 171 91 57 180 199 103 0 18 68 191 164 53 18 56 96 146 83 150 109 103 180 25 42 7 3 127 22 146 15 94 88 158 183 179 84 193 118 119 65 18 19 138 58 25 146 11 49 195 194 106 172 134 199 6 178 13 7 168 18 160 95 83 115 150 8 42 55 116 1 191 138 186 137 118 173 143 7
117 197 55 98 173 19 18 109 93 64 106 127 22 125 80 80 200 159 95 110 92 177 192 4 114 136 48 182 192 103 45 87 131 21 75 26 125 97 91 200 113 95 174 199 58 185 148 49 11 64 184 90 79 54 31 56 30 110 129 152 102 163 94 59 87 148 54 124 165 35 55 71 24 4 2 60 57 137 168 196 97 171 47 21 183 60
118 58 12 63 15 106 189 52 170 119 14 133 30 97 131 86 39 109 18 141 107 92 7 0 131 134 94 155 47 35 109 47 116 19 159 147 42 116 136 180 72 74 111 128 122 66 179 149 73 147 63 0 172 156 138 19 63 160 63 89 41 79 108 54 91 49 41 116 56 29 139 91 183 189 25 146 91 169 67 196 143 41 49 123 141 90
92 132 82 187 138 123 175 115 115 199 121 118 58 7 109 123 1 53 181 116 124 112 171 13 180 152 160 13 117 194 125 38 172 90 197 98 164 72 123 94 117 122 149 70 112 154 12 178 174 118 113 106 189 13 91 122 91 17 174 85 95 20 158 152 147 24 85 97 178 101 146 142 106 154 148 19 38 117 60 195 181 58 196 149 49 41
31 38 15 199 193 143 194 183 173 158 95 91 99 176 179 0 81 83 156 31 134 114 72 45 61 80 20 166 122 180 91 147 166 80 179 93 45 157 58 73 17 37 196 148 133 151 40 149 107 26 183 57 101 169 110 36 95 137 165 13 23 94 185 20 169 194 98 103 91 34 146 174 142 183 66 158 58 166 95 150 162 194 144 24 177 139
188 135 38 85 152 29 52 194 130 104 153 141 10 105 62 200 46 178 134 195 181 42 200 51 67 196 44 122 177 161 118 117 148 18 166 129 24 180 28 198 13 48 146 197 104 199 49 81 16 110 105 65 15 111 20 169 184 84 160 165 28 98 36 142 179 97 164 31 112 184 30 5 27 116 185 95 5 68 184 193 74 115 9 139 129 166
82 136 10 67 63 150 1 3 187 182 89 96 33 109 17 6 70 151 178 91 133 182 149 74 3 114 122 130 61 117 76 156 92 133 139 7 10 45 36 24 10 151 158 98 121 9 90 38 113 111 38 198 122 105 18 21 165 133 152 193 18 35 82 154 8 169 30 148 188 163 171 40 169 16 91 127 113 192 13 120 57 20 164 8 133 94
183 66 167 197 6 193 44 187 106 127 36 103 113 90 13 122 116 70 27 160 120 148 99 93 36 174 44 55 113 152 88 54 23 118 114 104 34 62 80 20 123 39 120 101 108 167 14 106 98 88 186 180 21 148 103 153 138 124 69 199 186 64 28 73 162 74 76 63 74 118 34 92 27 38 196 98 186 154 74 122 62 199 95 8 143 74
2 92 6 106 156 29 43 80 4 168 31 120 7 73 58 180 121 50 86 158 143 40 150 148 109 36 187 39 155 128 35 188 111 115 124 152 134 31 43 136 66 158 42 49 122 150 9 68 120 48 162 54 84 173 8 180 155 199 71 77 138 8 25 93 54 166 94 148 174 171 49 4 120 117 121 13 145 134 103 71 60 19 78 58 144 180
6 103 54 122 130 144 164 50 72 183 38 124 113 36 102 183 128 76 150 90 30 58 13 63 164 150 117 86 191 0 197 0 137 143 185 188 60 136 169 47 34 100 126 127 163 9 79 60 141 43 36 80 85 66 110 178 13 194 199 84 91 87 175 5 165 136 35 162 180 58 111 77 28 43 143 47 76 55 160 96 116 150 129 74 103 147
19 42 177 189 179 72 113 18 114 123 46 96 95 194 66 185 170 106 62 16 173 22 173 1 66 112 93 148 147 8 31 24 91 199 85 45 2 151 103 172 99 192 171 99 114 123 62 139 155 50 66 58 83 17 177 8 94 85 124 28 63 147 56 68 43 189 71 190 53 29 33 124 87 88 96 79 86 46 25 96 32 13 153 140 84 182
102 190 45 190 190 105 20 101 121 66 133 37 154 92 104 179 189 193 175 134 38 12 86 100 0 150 132 152 6 113 23 18 189 59 83 152 200 184 106 187 156 109 156 38 183 136 145 15 98 154 102 25 54 52 194 108 102 162 193 120 42 154 175 185 125 155 70 152 51 93 15 57 85 65 60 108 82 75 147 138 65 147 20 149 110 137
33 169 181 185 165 153 31 135 4 185 95 184 96 52 77 191 65 180 94 92 119 140 35 178 109 14 25 69 22 118 163 10 84 87 123 52 130 86 157 152 95 177 49 121 139 66 125 96 97 20 166 71 62 135 85 76 133 34 85 106 20 105 176 38 186 35 43 169 169 146 119 5 54 171 26 147 176 64 175 31 77 188 150 188 39 111
147 36 169 29 53 59 156 44 152 113 155 55 160 38 123 181 20 96 130 162 65 21 25 52 129 66 73 98 61 15 34 67 24 12 114 187 104 91 25 44 130 148 143 132 2 145 82 187 191 18 163 85 69 176 3 105 23 113 128 66 185 32 92 35 93 20 76 137 3 145 151 191 159 101 55 188 15 80 98 104 35 33 127 72 16 24
110 53 197 11 64 53 87 147 0 24 58 11 94 91 134 57 88 57 65 92 192 149 9 122 185 143 117 157 143 156 166 4 10 115 28 3 52 122 181 196 78 133 199 86 69 170 65 64 38 123 154 147 147 87 35 148 132 89 162 143 132 161 24 55 111 103 31 157 159 169 86 77 104 71 60 63 33 157 147 28 13 160 146 102 97 66
21 56 199 175 169 22 162 141 26 66 184 197 97 143 152 45 124 153 156 38 196 2 131 167 132 81 160 103 90 31 107 28 52 53 104 0 117 148 134 143 0 1 122 171 180 58 19 119 5 145 103 60 28 24 103 150 23 99 103 48 60 176 141 137 189 73 44 64 130 41 96 85 183 17 157 1 101 145 181 16 8 172 80 137 44 179
5 60 112 184 5 9 37 112 166 56 45 154 101 124 133 1 34 28 119 2 8 170 11 190 114 169 54 43 152 173 45 64 149 64 29 79 104 159 89 86 109 81 100 179 143 60 38 181 58 135 20 164 21 189 115 87 167 180 191 63 144 19 113 94 113 150 21 1 150 187 139 155 93 25 38 0 143 181 147 32 80 189 44 39 118 143
60 67 27 22 5 15 114 190 104 39 55 64 80 107 11 127 120 100 126 172 89 102 126 192 116 90 37 180 151 107 122 101 32 138 96 66 155 139 72 57 14 84 151 15 59 167 22 194 16 134 127 23 100 174 42 21 176 166 129 43 112 61 113 119 128 25 145 2 1 108 50 96 120 49 27 34 134 174 176 185 12 81 43 92 178 179
166 72 179 45 178 32 90 129 31 43 83 144 91 118 26 181 7 93 50 82 45 188 74 114 121 57 81 194 184 65 181 70 29 119 119 125 167 174 17 94 17 107 34 45 196 100 98 30 147 32 199 177 169 179 112 65 11 83 128 75 176 15 132 105 147 24 104 179 164 13 51 57 36 35 2 9 143 45 44 18 79 184 140 55 66 131
45 86 92 110 191 158 157 146 43 96 192 48 167 96 39 117 15 5 187 0 41 68 51 61 198 27 127 181 14 44 134 112 194 86 8 36 0 19 196 93 145 48 142 43 167 97 143 72 188 164 0 137 22 162 178 8 86 10 183 73 124 179 141 24 104 193 190 71 144 132 48 95 66 138 127 169 146 170 63 43 11 24 49 159 103 66
187 135 170 80 17 98 18 46 25 96 124 69 86 196 157 121 11 191 197 11 42 145 188 116 24 51 194 32 67 187 112 104 58 162 22 7 93 176 10 164 137 109 71 17 50 43 72 102 103 89 120 50 6 145 70 138 16 33 14 141 98 127 116 84 15 146 193 93 156 0 37 54 12 33 158 199 84 187 148 169 50 147 195 107 175 83
98 134 32 68 62 113 123 139 117 89 170 181 68 96 153 47 65 66 166 107 16 8 11 133 131 115 186 191 75 179 72 145 128 26 84 138 123 169 75 148 104 28 109 116 158 125 103 67 130 172 7 16 130 73 45 120 108 132 15 177 149 27 89 180 96 133 132 113 116 104 140 150 197 8 175 27 182 53 85 146 88 181 10 115 77 1
122 153 200 61 84 0 142 182 34 6 6 14 141 182 104 152 50 25 198 72 169 57 112 43 77 185 45 86 84 8 3 141 63 21 32 51 89 151 42 164 158 113 106 171 78 12 122 126 102 31 131 54 47 64 63 33 45 19 87 105 158 18 57 126 117 105 4 50 181 70 63 189 42 11 185 171 155 63 174 151 13 178 36 186 129 99
38 35 31 144 154 120 160 80 176 190 190 135 109 50 113 81 182 45 32 198 146 147 11 96 151 66 32 149 191 197 161 116 121 65 162 122 93 197 93 77 68 27 144 99 26 192 66 49 33 97 135 88 126 87 11 10 67 141 16 108 99 140 101 142 122 22 122 21 68 114 104 153 160 196 124 169 122 127 199 194 47 67 132 143 129 150
103 91 62 103 32 4 160 152 31 33 24 80 36 50 188 151 49 130 123 3 12 165 109 142 100 0 11 99 40 125 155 120 79 46 106 2 179 45 68 80 98 66 91 118 24 128 81 182 191 71 71 114 179 7 102 142 32 40 176 128 121 105 30 107 159 134 165 29 45 55 109 134 100 84 13 82 191 44 179 180 37 123 99 61 24 18
114 109 111 30 135 48 174 90 73 198 185 22 98 75 33 109 38 169 117 97 164 59 31 2 64 105 16 173 125 173 181 39 92 65 196 29 173 9 67 18 164 18 174 95 148 112 134 53 93 80 191 88 91 117 156 81 181 63 3 92 160 4 79 9 43 141 89 29 57 10 23 141 0 164 116 83 120 102 145 167 75 157 120 132 103 151
67 91 16 105 129 189 88 72 157 131 86 81 55 160 126 178 144 131 158 92 192 139 198 6 49 133 30 140 59 171 31 40 117 124 65 172 145 55 43 64 119 116 33 37 108 46 169 73 53 58 70 17 97 75 125 108 185 8 156 189 121 124 37 35 76 124 68 83 60 15 147 55 156 106 163 168 155 103 67 194 143 38 95 54 110 102
35 194 48 90 4 18 66 141 78 61 170 127 4 32 72 171 189 189 110 166 92 46 0 176 68 157 38 176 90 198 198 100 31 113 44 111 169 50 23 120 195 14 111 37 10 1 140 115 106 172 10 172 55 127 171 97 126 23 73 179 143 95 54 144 177 33 129 141 189 138 59 79 182 109 5 120 196 159 137 175 128 51 3 49 159 162
131 48 47 52 196 129 94 24 6 68 45 99 148 36 169 52 104 94 59 72 87 150 144 188 124 197 85 93 140 155 67 10 120 2 23 110 47 182 11 147 48 33 92 157 103 112 19 20 122 149 3 120 33 128 137 50 31 141 17 86 10 30 153 90 91 74 139 90 85 168 130 125 125 108 117 71 98 84 45 164 6 85 69 26 29 104
133 17 104 196 107 142 61 108 44 49 191 27 102 162 20 188 185 187 158 160 135 138 5 86 164 35 95 90 195 184 98 180 16 77 158 56 166 147 65 156 145 125 115 135 190 79 91 130 116 86 154 34 2 40 175 79 98 125 89 56 55 128 161 94 109 139 180 15 36 40 68 164 45 133 155 101 147 36 11 13 86 125 122 183 39 80
6 55 79 92 118 56 113 192 163 49 98 132 46 2 124 28 134 67 36 184 18 37 122 65 27 60 192 187 14 83 30 168 72 82 31 101 77 187 145 44 94 60 131 184 152 104 87 111 74 141 191 0 151 97 118 16 14 19 8 111 191 177 171 173 48 68 156 78 182 148 76 62 197 125 139 157 33 165 143 83 6 191 153 77 54 157
141 164 180 159 118 21 101 95 63 182 4 32 116 111 15 155 85 185 188 22 118 104 44 147 148 172 149 94 184 21 168 26 31 105 2 197 40 155 23 191 36 141 41 128 170 19 78 109 171 61 95 68 20 81 86 189 33 150 125 166 54 157 80 85 47 141 16 193 179 157 176 68 25 0 111 117 47 106 99 39 127 40 131 104 7 199
56 165 107 182 113 173 44 48 160 105 4 4 63 167 60 11 31 95 60 118 36 110 73 173 142 56 86 61 186 24 142 92 5 144 28 116 16 32 93 114 56 107 21 197 176 52 130 31 68 174 84 87 148 176 136 106 7 20 101 190 34 140 38 77 59 64 118 59 197 1 12 5 63 41 96 146 65 62 72 154 101 179 22 115 177 108
99 184 152 198 16 174 64 189 71 0 15 194 43 74 106 34 100 14 32 109 2 92 78 136 200 74 115 0 83 74 172 168 35 58 174 72 34 145 100 123 5 47 84 113 6 36 120 115 3 8 180 144 10 54 197 13 165 157 193 111 5 46 45 16 51 183 127 61 93 62 65 123 77 21 109 44 31 61 99 82 80 129 70 87 64 4
179 120 52 134 86 8 119 191 23 182 185 80 112 59 58 107 105 187 6 150 33 85 90 43 134 8 135 57 73 50 173 181 161 64 0 34 60 137 82 125 119 17 7 121 85 44 70 160 87 14 59 177 134 26 81 46 182 116 142 25 174 183 116 167 36 152 45 91 172 6 178 44 47 53 170 147 160 23 22 184 172 198 169 58 55 45
