84
173 172 193 190 91 92 113 150 156 18 55 169 144 58 107 190 95 139 177 76 54 178 35 106 194 180 7 65 119 130 179 15 64 138 24 84 106 175 154 74 117 18 107 30 3 15 116 163 112 143 130 37 55 46 54 124 120 77 128 107 149 85 92 79 63 5 6 198 53 32 101 155 78 36 115 119 70 139 31 16 72 184 174 3
120 61 159 53 182 128 123 8 157 101 93 39 90 69 98 88 100 49 26 100 139 147 139 172 76 67 60 51 58 1 94 136 32 165 130 106 26 57 37 22 137 98 14 194 49 8 14 22 35 74 19 27 182 97 97 4 11 39 32 147 60 50 89 54 7 83 18 36 140 87 90 46 61 163 153 165 84 7 128 130 125 111 24 166
51 176 3 124 61 58 136 198 50 67 184 68 136 105 19 198 190 155 122 77 187 30 81 31 64 185 157 49 173 111 127 45 115 1 154 13 152 195 184 73 146 1 174 180 104 23 84 73 156 134 37 83 135 25 157 33 160 145 124 111 121 15 95 114 132 81 77 101 182 181 38 61 145 151 85 104 166 195 58 195 80 193 185 190
182 78 2 7 88 58 1 143 152 145 132 158 148 38 43 7 122 65 186 37 126 169 24 41 82 119 5 109 121 61 106 59 74 62 185 27 23 138 186 94 9 78 24 95 6 91 91 107 174 9 154 47 152 182 162 157 48 38 66 153 84 59 63 86 73 189 104 125 149 152 5 26 109 96 21 11 152 79 53 24 44 77 6 167
3 78 180 136 170 89 9 151 83 152 53 14 43 31 186 28 48 50 83 91 28 90 22 98 30 72 46 62 146 30 13 67 109 72 196 93 46 193 116 88 66 122 171 2 16 1 160 141 59 58 100 47 147 64 185 87 122 36 129 19 20 155 53 108 69 10 135 10 170 107 169 154 18 34 143 28 69 192 194 25 34 128 99 18
38 107 33 184 89 7 164 38 86 149 148 161 184 197 1 9 18 107 86 146 121 193 65 70 134 36 180 135 200 27 87 42 192 169 113 73 95 41 156 51 194 22 63 121 90 74 57 171 88 24 139 159 56 143 123 162 157 48 94 67 142 100 96 128 168 63 95 108 93 13 95 150 176 181 79 29 69 184 29 189 27 90 110 197
15 0 131 16 45 164 123 148 143 17 145 153 178 75 190 125 64 57 25 120 157 21 186 196 103 106 147 31 68 3 70 109 187 66 95 129 185 158 119 25 186 164 132 50 133 5 62 33 136 195 50 173 22 103 73 179 119 42 125 19 179 118 56 63 119 10 149 187 139 120 124 161 147 58 128 43 20 36 65 197 92 58 65 50
4 12 152 115 47 0 161 167 182 84 52 36 133 139 124 126 130 151 116 194 29 170 169 196 79 100 126 138 85 38 183 5 194 114 23 137 154 101 185 111 53 199 22 63 148 37 195 44 59 90 125 194 122 161 133 165 26 191 89 75 183 0 131 8 32 113 47 125 30 147 146 34 170 181 32 30 58 156 98 161 151 74 124 5
83 161 29 18 200 109 189 70 174 19 176 151 174 58 129 55 62 192 128 126 17 101 106 7 49 69 8 96 2 111 125 37 65 160 108 132 101 168 164 88 141 106 107 166 118 175 127 149 182 59 54 193 197 38 132 139 19 196 79 162 160 86 114 171 65 189 103 33 101 16 20 79 101 65 24 154 47 21 79 75 170 74 162 157
148 82 83 30 99 118 162 32 90 158 70 32 55 72 103 45 32 135 180 120 100 53 131 75 130 13 124 58 177 168 179 170 69 132 77 103 179 180 33 95 23 74 142 125 186 111 134 41 24 63 13 125 134 27 53 112 3 56 96 88 72 180 19 7 179 2 30 174 62 174 0 123 172 33 7 72 179 166 154 123 187 191 36 189
51 110 14 161 52 41 170 184 155 26 194 2 155 131 178 81 171 17 112 95 181 199 25 79 138 140 77 89 169 47 70 37 147 192 29 28 154 171 9 128 80 31 29 158 11 30 103 164 83 165 139 179 54 55 92 22 148 175 195 123 2 33 96 77 102 184 7 150 43 87 60 183 12 4 30 12 106 187 173 200 49 23 105 157
39 65 129 197 173 99 58 196 120 185 110 72 47 66 129 146 80 33 13 148 19 113 184 185 180 98 54 121 61 53 63 35 66 141 86 145 11 164 54 106 0 11 11 75 189 10 182 95 134 54 54 166 80 128 81 8 79 150 8 61 119 140 122 81 88 152 185 160 163 5 16 104 57 184 44 36 81 161 138 195 119 194 180 144
9 17 198 140 149 133 50 64 133 148 50 98 72 200 159 2 184 25 1 15 164 169 196 160 151 31 172 189 136 145 111 161 169 103 28 10 177 6 168 93 123 41 142 157 106 157 164 59 71 26 199 65 173 120 3 121 163 91 7 150 103 50 43 25 160 118 135 105 2 11 4 112 129 91 166 100 20 157 137 121 39 21 45 119
34 139 63 35 42 145 18 67 18 70 83 69 125 71 76 55 97 92 77 18 28 17 60 171 86 195 81 187 168 16 31 155 141 126 172 29 134 182 54 138 28 131 139 92 10 191 50 23 92 47 51 26 168 56 91 142 144 91 47 10 155 141 48 172 27 102 23 48 6 199 9 192 66 137 188 51 98 65 187 61 162 172 19 94
158 53 120 89 37 183 50 105 19 35 144 122 75 29 177 42 14 100 17 99 54 168 73 37 4 132 117 156 98 179 16 168 153 114 0 83 85 110 65 69 151 35 132 120 176 84 113 19 48 163 47 100 94 196 87 141 4 2 182 49 100 60 0 58 115 140 154 45 129 185 116 69 36 165 164 180 4 164 48 77 74 5 32 105
149 143 38 167 35 194 15 163 154 195 76 39 86 22 77 6 149 169 29 189 68 156 42 121 69 49 179 159 100 89 53 106 108 110 138 72 164 28 183 123 46 163 153 25 130 41 138 61 134 178 106 101 174 16 28 2 29 122 100 92 69 160 102 14 120 164 139 121 123 73 104 103 80 115 138 57 29 51 190 71 25 56 34 146
47 37 109 59 40 44 153 68 161 169 43 52 69 99 131 10 43 110 114 10 32 145 173 45 11 157 19 6 8 84 153 110 200 93 156 23 171 71 26 69 75 48 116 0 69 150 125 52 101 98 155 22 48 71 148 40 18 129 12 64 165 25 44 120 94 182 39 164 103 173 27 13 166 127 161 71 157 154 197 63 90 65 196 75
105 184 38 163 39 18 88 64 92 155 36 138 42 72 33 46 160 196 47 137 40 77 173 198 152 55 135 161 144 90 131 118 157 50 153 80 110 2 113 58 142 46 135 89 65 193 127 167 171 68 97 29 33 28 41 64 82 141 114 89 133 99 166 37 121 154 64 164 46 113 8 119 182 12 35 96 81 105 2 57 23 120 185 175
180 109 7 90 64 43 146 169 17 9 24 139 17 17 147 23 146 0 143 131 65 150 149 62 113 171 159 159 98 115 95 27 94 13 149 13 81 169 65 43 153 129 87 8 95 130 101 48 157 151 32 110 76 130 36 124 104 197 167 40 17 68 95 152 143 75 20 80 75 113 78 56 49 119 60 179 112 13 92 58 131 54 117 177
140 69 82 186 22 16 77 129 185 96 91 109 7 82 6 163 49 142 128 99 119 142 144 98 34 7 142 73 47 140 176 153 55 193 65 156 177 121 122 194 111 132 6 143 25 105 190 130 197 195 158 151 109 198 146 109 71 32 105 121 82 145 169 91 154 104 129 185 51 171 107 57 200 66 59 98 13 44 66 82 170 61 172 93
177 155 96 131 88 41 184 177 107 51 168 88 55 93 173 189 124 116 170 106 184 172 90 65 74 82 147 54 93 87 95 184 166 73 156 80 100 147 37 102 109 101 139 160 19 32 108 171 78 80 168 110 14 195 168 114 138 162 52 140 122 136 60 178 68 46 120 52 130 111 63 76 64 140 183 36 30 73 170 152 144 81 47 168
112 117 136 164 138 136 90 183 67 14 40 47 143 155 2 178 160 7 139 16 101 155 139 89 119 32 129 32 16 174 91 93 20 164 79 122 172 157 123 6 98 156 130 113 3 112 64 64 76 91 33 194 2 109 131 63 40 19 83 48 185 179 15 150 13 171 0 116 179 7 143 144 175 146 104 79 113 149 177 153 79 197 103 131
81 11 104 70 7 153 25 174 200 31 52 99 156 138 142 73 167 47 80 194 151 13 137 1 97 57 114 199 185 142 41 89 94 149 128 24 151 150 121 138 168 74 154 92 85 139 55 123 187 3 46 90 39 167 15 99 150 113 189 79 82 164 93 144 173 164 127 77 137 164 159 89 155 126 196 97 25 83 49 170 82 37 67 164
127 14 20 15 86 31 36 142 97 138 63 176 68 25 140 6 9 93 17 158 94 164 176 57 7 109 83 76 180 5 20 119 76 91 181 69 14 53 73 47 13 200 26 102 164 90 41 100 141 156 180 95 160 106 37 9 80 106 174 183 81 33 3 170 116 91 23 67 161 27 166 163 31 76 1 145 7 98 77 14 80 9 83 163
105 44 101 62 148 103 9 146 113 27 183 87 32 138 176 138 62 104 147 65 160 174 46 150 109 177 197 99 160 51 81 89 186 39 12 19 47 164 104 117 32 74 181 54 53 156 107 111 170 139 148 89 125 191 86 199 146 106 45 21 179 189 25 45 1 172 50 135 78 73 197 155 89 161 176 54 75 49 31 48 98 194 105 127
113 47 35 181 17 90 187 63 102 184 77 14 21 6 58 197 159 114 162 169 93 48 160 23 131 11 65 194 94 155 157 68 195 169 99 21 18 119 74 14 35 69 49 56 104 64 52 48 44 71 135 20 61 165 182 190 24 7 42 69 150 106 44 133 92 134 10 20 109 145 41 67 71 197 131 25 56 137 106 88 100 68 60 26
127 176 170 106 17 0 176 132 88 26 83 97 193 119 62 156 26 48 129 90 198 147 176 162 181 96 46 116 65 129 129 36 87 114 66 156 111 113 189 167 86 78 84 107 106 113 24 128 157 155 145 109 58 37 185 168 131 23 181 162 172 78 38 73 167 52 13 34 124 3 56 131 193 131 200 138 182 156 34 50 42 142 121 6
193 125 72 7 181 131 176 171 71 51 2 160 21 44 125 198 153 75 24 51 60 61 136 189 183 87 35 80 156 109 41 147 183 146 54 58 64 187 103 0 141 123 199 165 176 173 185 41 16 30 0 81 75 140 131 54 34 141 100 160 64 114 155 171 53 69 29 62 62 137 117 5 97 136 149 55 155 101 139 33 119 81 196 104
54 165 134 33 187 0 175 36 47 119 137 124 92 193 167 162 67 170 37 76 142 139 20 91 88 113 171 43 9 135 25 172 69 167 33 65 77 148 0 91 18 192 74 137 0 168 43 76 31 142 81 173 50 32 165 97 110 92 118 37 183 198 71 118 136 68 155 179 0 140 87 159 43 19 56 95 157 80 33 33 43 154 150 126
132 134 35 5 52 87 102 141 42 120 59 110 67 82 147 43 117 108 26 146 89 166 171 132 161 72 198 1 13 129 27 150 31 88 196 34 93 87 48 84 38 75 130 184 109 111 77 73 33 47 48 29 30 11 81 118 46 108 103 108 112 12 54 2 141 19 196 157 151 108 195 121 135 194 197 135 0 178 102 120 81 192 78 45
63 64 115 149 77 1 55 55 146 71 198 194 164 147 81 96 192 76 183 71 100 48 164 147 7 187 82 126 29 47 97 17 176 128 101 75 144 64 84 101 48 64 33 172 36 182 188 43 60 82 61 182 183 96 15 13 197 118 55 195 170 58 196 84 166 88 143 185 95 24 50 64 101 58 28 93 19 139 10 78 14 94 89 120
195 167 50 121 200 122 29 92 151 126 147 17 34 198 15 163 136 132 84 28 71 147 6 95 16 53 18 146 50 185 168 25 164 2 175 9 84 12 198 132 131 197 192 73 55 63 26 96 105 116 61 181 17 174 176 196 168 143 22 146 136 53 94 165 93 142 17 57 61 125 71 64 197 115 52 169 117 89 151 93 162 87 139 23
59 41 48 50 169 159 61 166 165 122 190 18 23 140 50 103 36 61 159 43 166 7 146 171 17 102 169 107 164 193 168 28 53 175 128 161 180 26 35 149 108 32 28 56 138 83 181 72 123 23 25 74 69 19 11 190 162 161 4 70 138 79 33 70 156 195 106 49 116 48 89 140 5 108 94 41 120 31 190 2 79 105 90 137
102 170 77 89 173 62 28 95 108 112 116 91 45 45 47 101 142 76 166 90 21 90 175 44 22 133 28 85 61 34 147 27 58 12 78 91 70 134 180 12 137 22 142 184 95 151 28 56 104 24 156 169 11 45 170 123 51 17 157 183 89 181 77 70 112 139 180 142 168 145 171 55 167 64 52 130 107 108 151 81 133 94 77 107
113 144 38 90 94 4 41 115 145 73 133 47 119 96 86 120 197 20 199 181 126 7 22 76 173 176 33 50 32 102 150 197 191 183 150 115 86 120 80 169 194 63 137 49 31 170 81 71 110 20 111 186 163 85 56 77 185 98 19 5 3 86 145 165 88 2 184 95 78 67 199 0 12 144 161 73 111 96 177 129 93 121 8 18
106 199 108 130 41 103 85 192 12 83 125 76 172 51 18 111 106 153 138 156 174 45 190 70 95 25 127 20 133 69 82 11 105 153 108 26 110 197 186 89 153 42 155 164 108 10 200 59 87 21 17 95 113 18 156 45 145 170 70 32 154 151 108 21 198 21 41 169 131 34 147 78 2 22 6 96 45 43 30 171 4 159 74 166
8 82 77 113 118 122 177 158 96 97 23 87 150 177 71 117 144 67 136 90 90 142 108 123 30 149 39 168 57 1 87 169 136 6 163 34 118 182 113 2 13 146 93 148 177 159 120 196 173 62 98 151 45 180 136 161 120 142 88 85 124 112 11 176 122 77 129 27 113 85 62 165 140 83 132 113 144 158 173 25 20 104 156 189
136 186 70 73 5 143 195 37 69 70 178 107 84 46 186 185 36 42 180 139 49 41 141 1 116 54 65 195 119 68 31 192 18 37 34 97 130 108 27 161 11 135 48 32 136 89 129 26 120 160 20 148 191 81 68 193 163 59 80 55 12 69 184 170 23 113 149 44 65 1 178 122 18 37 8 155 96 31 114 128 37 133 16 58
67 71 162 188 37 118 159 21 186 57 97 8 102 142 58 44 125 84 127 155 31 135 85 79 117 141 186 34 70 5 53 162 123 80 179 147 162 151 167 73 61 120 117 69 140 27 70 156 33 87 28 91 29 178 5 70 183 147 198 159 150 161 175 125 123 8 47 192 58 72 156 163 190 7 48 135 153 48 9 195 84 29 61 3
68 43 54 14 157 72 5 162 169 111 138 172 79 15 40 185 111 102 10 82 154 105 5 24 197 145 140 176 56 148 90 61 14 26 131 48 134 46 38 185 70 26 146 181 57 30 162 198 144 122 91 179 28 137 24 139 196 144 129 71 6 123 44 119 31 154 134 6 86 109 86 12 128 91 127 123 41 114 38 115 135 70 168 107
39 129 123 48 12 96 86 61 133 196 137 164 171 111 128 35 43 177 111 70 123 4 157 133 103 27 9 82 132 138 75 10 80 43 171 8 144 89 61 39 125 119 47 13 100 189 138 0 159 130 78 149 172 60 82 104 71 49 1 32 164 96 5 73 158 105 172 108 40 48 147 164 62 5 10 106 22 177 101 20 107 8 16 198
68 36 33 68 192 19 30 180 126 58 194 6 162 200 172 66 180 167 121 104 147 193 110 0 5 106 4 125 87 95 87 33 15 162 106 191 14 26 7 9 23 133 100 116 68 36 162 196 8 137 25 79 192 43 25 171 41 66 175 22 37 183 30 175 26 73 160 168 65 155 74 16 191 142 67 135 78 101 164 69 145 92 5 2
116 161 160 62 175 3 55 108 171 45 95 149 3 75 46 153 145 119 173 20 96 45 48 70 126 138 17 52 9 55 196 134 112 77 144 94 156 137 107 157 12 51 125 33 101 132 75 69 120 148 48 69 0 161 88 65 64 10 140 33 6 147 63 86 110 168 47 22 122 8 109 152 106 53 187 41 10 19 94 151 14 155 152 94
41 178 186 174 93 5 200 146 80 93 146 92 161 90 123 19 145 95 34 101 89 49 177 154 194 19 149 184 71 195 82 23 164 172 51 150 58 118 171 45 94 102 131 10 10 198 9 145 200 67 33 166 155 38 166 23 35 69 23 93 58 84 130 56 40 30 176 149 198 152 152 78 180 2 87 56 170 147 147 41 22 12 82 73
24 48 184 155 0 133 105 111 7 142 123 11 135 75 67 185 162 57 88 13 69 89 37 28 97 27 162 192 20 41 7 175 128 43 165 2 136 75 188 67 117 22 83 141 36 109 46 130 93 176 159 163 119 106 133 105 47 171 128 11 29 67 73 70 136 70 102 142 190 138 56 140 46 89 47 43 109 86 39 59 23 55 137 63
188 187 57 117 175 32 157 101 47 58 144 96 141 62 108 119 79 48 151 189 111 19 32 5 160 15 6 42 24 94 159 77 86 71 0 110 102 42 9 18 23 154 188 173 16 193 179 172 62 126 73 81 116 44 173 18 104 111 40 46 131 147 14 90 145 198 9 200 106 3 176 197 89 114 20 116 158 9 5 96 48 23 92 38
9 168 127 7 18 173 143 24 143 145 16 55 108 63 20 99 64 174 117 45 156 115 68 170 85 196 6 111 58 192 30 188 60 160 151 24 115 170 11 157 81 184 103 6 31 128 79 45 1 52 129 11 151 69 170 51 70 36 73 174 143 139 30 7 89 186 3 33 137 132 33 47 120 1 90 81 64 191 165 12 120 8 143 149
137 56 31 14 44 175 16 93 20 162 61 113 105 129 66 175 144 1 159 91 196 152 82 158 25 119 87 86 124 151 89 194 187 160 102 88 7 126 168 155 32 86 74 155 200 152 195 60 105 84 137 19 69 172 5 60 158 195 42 5 167 192 188 166 112 106 110 144 108 15 134 46 59 48 0 169 89 69 75 197 102 101 154 64
53 61 18 53 62 154 22 120 13 39 169 0 126 151 195 64 61 138 38 73 155 95 106 188 44 171 192 12 170 126 46 179 190 129 50 135 196 74 148 63 200 166 21 107 9 147 199 133 72 175 164 39 141 186 44 56 149 132 139 68 39 94 35 90 194 19 18 28 69 88 57 94 64 48 178 90 58 171 43 144 181 145 20 20
108 178 142 35 127 8 162 161 69 182 107 71 154 103 99 194 49 37 32 38 198 196 171 25 4 7 153 59 81 78 139 61 196 1 197 197 3 90 91 73 5 9 162 1 111 80 156 48 61 127 170 34 197 8 19 144 15 64 82 42 160 129 172 170 108 38 187 177 151 152 56 127 14 128 127 192 10 163 78 184 83 168 91 64
65 73 138 89 136 123 110 3 60 149 7 63 108 191 29 128 84 58 28 130 153 104 12 97 29 136 25 90 6 46 55 123 156 95 96 128 26 106 176 135 88 187 197 195 199 98 63 120 187 122 69 87 108 97 67 126 51 108 24 60 41 118 71 58 27 197 191 121 133 100 105 1 93 67 165 186 192 155 148 103 119 184 135 39
48 152 148 181 128 83 37 120 113 19 79 66 199 41 181 37 165 89 157 199 96 122 83 198 138 100 191 182 197 132 120 181 90 17 41 14 158 124 93 197 134 175 48 47 193 34 44 131 52 133 43 178 115 92 3 194 29 102 63 22 137 24 166 174 40 14 165 151 22 145 162 130 131 29 175 131 130 16 86 194 13 85 110 75
24 148 6 134 177 7 29 31 197 65 80 174 149 198 188 43 60 25 6 11 12 132 145 151 66 143 142 182 173 115 157 37 198 62 107 47 17 16 77 73 170 83 35 165 62 43 44 7 197 156 85 81 28 188 34 49 53 135 67 188 148 18 148 95 23 188 152 147 118 19 124 37 140 67 23 11 137 66 114 54 163 91 46 148
40 127 114 30 166 28 117 9 174 177 87 63 115 16 141 193 51 53 14 117 88 170 103 1 167 146 167 188 9 159 2 144 100 60 24 180 7 127 79 122 30 170 105 61 118 184 122 124 166 124 117 198 111 108 134 26 71 71 175 200 97 45 169 197 31 61 147 159 165 11 65 125 197 176 49 157 86 144 30 52 38 94 196 125
14 192 38 63 70 48 5 10 74 15 68 155 143 50 175 37 78 87 141 56 67 97 174 167 50 77 97 117 107 46 93 143 89 112 31 181 70 42 5 121 23 49 40 123 19 8 164 149 66 129 169 23 132 100 173 180 196 59 96 154 173 144 191 191 23 142 3 112 130 21 164 42 104 4 57 106 147 62 0 41 1 25 152 34
40 196 161 195 123 192 49 7 77 168 94 43 154 9 59 7 198 85 194 120 141 194 153 34 109 0 106 190 157 117 69 95 173 151 3 75 155 21 89 49 6 93 0 130 194 96 153 156 184 156 122 138 164 28 154 97 63 119 86 71 66 24 0 193 8 89 40 93 33 0 124 87 169 197 137 105 34 196 136 14 69 71 127 1
133 198 53 88 70 94 71 87 107 163 86 33 27 172 190 58 195 59 139 42 11 156 75 85 198 31 130 61 150 19 46 99 45 97 108 154 172 11 43 33 183 11 29 156 5 60 164 73 41 95 101 194 68 22 43 64 30 52 136 160 166 6 115 7 27 11 33 171 84 14 28 34 159 128 172 35 139 73 35 15 195 93 159 62
71 47 133 44 182 108 106 14 123 131 122 172 73 63 188 59 153 115 55 156 0 135 67 69 186 10 87 21 1 189 7 115 109 30 163 72 186 52 148 13 104 87 156 137 106 64 48 154 129 105 148 19 20 157 122 23 194 12 188 92 36 165 8 177 132 89 108 125 116 137 154 197 17 72 92 168 65 54 156 171 4 138 95 54
189 141 178 115 139 40 106 46 199 55 192 45 71 29 3 70 116 95 187 43 139 129 141 80 200 42 129 152 1 67 76 174 71 168 101 102 146 161 54 64 182 9 86 113 81 153 82 178 46 146 63 119 7 133 76 46 48 42 95 6 36 82 104 119 75 141 166 189 83 114 120 138 3 179 42 158 167 141 26 57 185 53 23 38
4 75 11 42 24 171 197 189 29 178 109 67 176 143 159 172 169 152 128 160 41 59 66 33 158 64 97 135 6 119 50 18 133 21 10 58 59 175 9 174 183 2 142 178 99 132 110 83 15 58 115 72 120 27 14 59 108 76 82 101 77 62 15 6 64 132 157 87 80 72 183 85 21 153 168 55 83 18 41 114 69 146 44 12
80 20 125 145 158 175 114 139 11 70 111 99 24 128 43 124 44 156 20 52 23 68 184 40 128 8 168 13 103 33 15 142 55 137 162 142 173 67 198 193 127 200 131 165 119 1 146 173 24 151 86 2 65 115 128 95 193 105 112 93 110 73 193 69 156 105 102 174 110 109 169 105 73 56 53 185 198 36 166 68 21 8 37 197
102 9 141 174 77 0 129 184 59 153 30 75 143 69 185 175 7 102 24 91 49 182 132 155 25 33 71 113 27 197 195 189 16 62 144 117 100 89 195 94 166 143 78 191 75 172 166 68 50 100 36 40 87 158 13 194 70 21 124 197 28 17 59 121 110 25 25 88 82 62 122 53 188 51 176 167 112 194 160 161 14 117 111 150
138 17 54 162 37 40 186 138 99 42 20 184 16 193 96 159 107 72 76 189 19 179 54 111 52 155 86 44 61 66 169 3 182 179 169 109 108 82 133 75 56 157 76 67 199 186 183 119 81 59 165 8 194 135 187 156 149 41 87 134 45 174 97 54 65 172 93 196 104 57 12 93 85 37 65 181 117 18 117 24 147 113 158 59
176 151 56 189 148 176 100 81 43 8 108 42 90 182 180 146 139 27 74 124 182 27 58 134 80 101 167 194 139 136 181 114 126 86 139 190 99 14 159 42 185 18 43 53 65 183 31 144 109 119 194 52 32 14 172 193 60 15 77 138 7 126 68 103 142 136 19 191 60 44 145 127 24 140 140 40 25 149 194 63 12 10 19 16
81 106 108 35 74 133 11 196 173 185 17 114 90 151 126 166 32 118 131 34 66 154 0 96 2 148 162 110 54 62 33 124 106 27 129 162 56 21 37 46 89 7 174 40 45 61 122 162 160 24 32 38 33 92 1 65 15 41 157 80 121 154 27 187 4 93 33 34 100 50 94 197 31 148 15 174 93 23 19 188 111 72 150 15
46 149 196 40 36 168 21 33 51 80 94 19 163 57 93 62 53 68 160 101 187 155 159 183 121 85 129 134 144 138 81 85 26 138 99 40 194 10 48 119 80 161 67 125 180 199 82 51 52 35 115 147 152 21 53 182 146 45 103 131 187 177 165 80 99 5 93 124 45 139 33 174 175 30 188 8 100 126 88 158 126 179 82 19
54 107 85 96 178 99 130 29 36 190 105 115 160 192 3 191 10 134 14 108 54 105 195 96 137 200 45 114 179 41 56 88 172 8 17 147 113 29 183 154 126 186 66 25 12 124 29 179 176 62 164 23 98 91 187 195 144 167 2 109 95 123 196 104 24 93 66 158 169 164 155 45 52 171 38 45 45 5 159 3 10 125 97 51
10 191 167 138 113 136 65 110 138 106 99 200 134 80 163 184 179 88 83 24 195 29 155 159 142 111 78 104 76 1 80 89 182 143 33 196 168 67 175 107 177 156 151 105 103 174 158 128 168 167 9 61 97 135 140 4 41 167 193 133 160 121 104 10 142 73 19 94 48 200 195 94 196 133 168 15 159 123 127 73 32 26 53 19
138 58 178 162 77 161 8 95 1 136 69 80 120 29 100 98 151 86 7 178 184 185 47 174 1 145 193 81 179 175 75 165 109 77 77 125 62 176 94 138 131 102 151 63 168 15 31 22 75 173 191 131 7 82 53 79 27 82 144 42 140 136 156 74 123 187 178 144 181 50 100 39 97 153 85 2 94 71 110 158 194 149 13 46
103 76 160 163 12 58 173 169 1 186 64 101 162 50 92 30 84 158 194 10 184 196 102 106 147 0 112 33 79 22 63 157 23 185 40 36 133 120 51 16 134 67 49 132 12 13 9 117 117 119 130 7 83 198 97 32 179 32 172 7 113 128 12 90 195 58 9 44 6 134 5 167 47 180 123 50 56 111 8 167 129 103 7 59
9 199 175 51 96 60 100 22 185 193 113 29 73 155 62 66 33 105 188 20 86 62 68 14 81 13 39 194 65 62 95 131 134 180 111 160 164 9 130 188 60 20 6 171 47 78 156 98 189 11 199 154 177 79 56 166 177 26 197 36 49 57 180 129 115 117 117 90 93 122 111 198 150 82 34 56 138 30 126 91 188 154 100 16
165 160 66 144 18 57 63 92 35 83 88 36 43 162 77 99 73 139 90 188 4 57 178 30 64 181 103 25 168 81 40 83 167 134 64 91 129 162 68 157 79 44 178 49 115 21 128 192 91 28 69 50 187 85 77 200 8 105 62 79 193 93 116 108 117 152 27 145 1 98 30 75 55 9 116 54 79 173 113 128 118 188 6 166
187 199 108 41 120 181 5 8 43 119 13 60 65 45 71 131 47 193 104 90 179 136 14 142 29 184 24 20 64 64 103 0 26 51 129 195 166 131 160 85 81 82 124 56 62 98 87 39 73 136 58 145 180 98 11 138 182 195 176 99 12 107 140 70 15 189 143 82 7 127 138 66 102 69 113 142 38 128 196 94 120 51 127 171
156 58 168 149 60 99 90 102 11 71 180 154 97 192 94 162 173 93 197 35 33 168 178 114 45 106 154 146 180 28 95 46 158 35 125 73 97 152 167 174 156 159 0 86 79 59 93 32 7 161 153 141 171 103 58 29 111 67 175 86 130 70 29 198 152 65 110 27 176 137 22 85 52 54 30 18 61 142 136 9 50 99 154 49
12 40 107 12 132 76 30 91 145 91 2 39 63 175 7 108 92 57 185 187 139 178 150 37 105 154 175 53 46 72 171 115 50 44 155 38 184 81 91 37 32 3 150 11 115 79 135 101 100 197 169 146 117 150 69 146 84 46 149 19 54 146 124 16 176 141 115 168 11 109 78 40 18 101 156 153 185 162 188 111 177 77 73 105
104 178 51 115 157 43 161 64 24 126 105 180 147 186 115 191 17 134 19 131 139 113 1 1 46 48 62 153 190 183 144 96 113 73 147 72 196 167 101 145 167 120 196 2 147 77 38 188 75 145 180 199 172 136 175 158 27 92 126 24 90 22 58 98 157 41 192 10 64 112 140 175 3 44 105 200 40 25 176 135 176 19 59 138
1 178 139 147 175 155 17 36 67 121 43 64 29 19 99 1 185 77 61 157 75 105 35 118 169 80 138 165 178 55 48 71 95 187 173 6 67 138 189 118 44 80 54 173 9 24 39 132 127 73 122 101 64 168 82 35 98 182 22 56 69 162 92 144 114 124 124 178 157 150 6 93 47 197 108 93 23 50 8 76 118 180 53 49
199 3 56 11 115 85 116 131 27 53 185 154 172 144 176 66 47 36 197 68 187 82 145 200 102 0 49 8 113 184 143 119 185 143 63 40 171 91 22 106 171 195 67 7 130 92 170 89 193 45 118 191 69 2 87 78 93 3 118 113 48 28 13 117 139 111 130 62 115 131 187 14 17 75 168 182 8 152 47 90 106 123 4 133
113 17 66 60 89 37 111 176 169 65 140 38 72 88 190 65 49 183 1 111 140 13 118 67 148 104 121 148 39 0 73 119 7 172 95 171 61 108 23 131 116 45 3 37 0 41 165 100 110 132 168 25 172 105 174 143 8 162 104 144 125 162 138 112 193 89 123 123 78 138 131 144 170 86 175 16 179 50 163 175 104 182 105 129
164 16 140 75 114 48 186 73 190 34 193 59 145 101 70 66 63 103 78 37 85 35 137 8 181 75 40 38 69 159 85 109 55 0 23 160 2 18 39 144 77 149 39 127 136 79 75 25 185 180 148 70 172 113 80 133 98 31 139 53 96 158 179 73 160 121 16 154 22 138 21 139 14 150 48 9 187 194 199 76 105 12 48 138
59 59 25 18 181 104 59 62 154 181 77 46 178 0 115 84 49 188 166 17 119 134 23 103 34 130 106 115 126 130 150 0 42 123 64 98 15 57 69 26 150 103 42 108 64 114 94 16 193 45 163 101 23 173 144 59 42 5 180 60 53 142 143 183 23 173 188 68 63 44 81 9 132 19 42 192 17 29 16 176 107 17 54 149
2 107 107 150 23 70 198 119 56 107 184 17 179 8 138 126 82 152 88 138 45 47 150 144 134 83 173 65 141 106 84 190 122 140 144 185 65 89 108 167 51 17 32 87 126 53 122 131 111 17 91 128 108 97 83 178 177 63 155 141 31 21 0 187 40 158 120 174 38 107 116 17 18 121 120 135 91 124 184 194 50 185 61 168
32 110 36 139 128 2 192 24 178 20 25 28 67 147 61 141 113 143 97 163 163 58 200 63 87 1 88 131 125 107 189 195 143 128 44 113 147 22 82 13 12 128 178 3 170 197 34 98 43 53 147 158 200 17 112 103 15 199 49 52 175 45 17 106 17 98 89 176 39 22 151 91 194 177 167 186 95 111 42 175 116 76 156 170
179 184 47 179 69 4 92 114 185 198 100 165 10 60 200 108 71 81 106 72 30 69 194 87 198 116 96 153 165 73 87 199 58 0 155 125 178 154 13 139 63 192 177 173 137 136 89 13 197 41 188 199 109 125 121 107 72 134 63 179 72 171 109 131 150 78 191 160 35 192 102 152 86 69 101 176 105 115 32 149 75 147 5 25
