19
139 131 87 94 104 160 109 79 143 148 42 58 113 11 194 16 194 47 13
25 127 21 81 134 52 31 166 38 7 111 105 55 136 44 150 14 89 124
106 0 167 25 187 28 107 32 168 90 115 58 106 64 54 22 82 91 65
0 24 46 69 156 106 89 53 16 149 111 0 161 167 63 190 86 164 186
135 52 153 95 139 54 100 126 107 45 176 67 81 168 106 155 27 82 131
198 194 21 117 32 122 188 72 24 116 151 50 78 169 153 56 130 14 82
137 33 117 175 13 42 29 91 200 164 73 80 67 139 33 169 172 64 127
47 169 4 84 52 58 151 152 129 188 198 139 49 183 186 159 63 25 197
4 49 144 21 33 84 167 143 21 164 181 148 97 115 94 20 63 200 89
182 43 71 123 59 169 131 126 43 85 167 128 149 88 190 157 134 195 34
161 146 104 54 143 140 65 40 62 197 74 115 63 96 31 171 60 61 36
78 133 93 107 85 103 181 117 189 34 33 174 128 57 18 152 74 76 188
179 134 6 1 75 121 79 30 57 186 114 150 199 110 155 196 73 114 130
44 79 47 3 122 36 114 188 107 71 157 129 91 18 194 4 156 168 35
30 150 50 47 78 181 5 188 146 69 29 196 192 45 115 198 4 107 178
119 166 124 177 2 175 186 55 108 165 125 104 141 70 66 24 158 26 96
37 104 92 134 123 39 10 88 40 126 84 149 32 169 41 115 178 100 157
163 162 196 96 153 184 169 191 166 9 32 112 196 172 136 137 89 53 131
137 187 82 196 127 187 186 39 157 9 104 132 107 134 118 64 16 196 51
