89
158 166 179 11 123 59 78 26 85 101 24 10 132 160 197 162 29 169 7 195 117 63 112 14 187 18 166 17 198 137 134 88 81 59 174 175 6 108 180 40 92 18 198 93 40 193 198 103 23 149 198 131 110 81 130 63 187 11 18 176 11 167 151 149 140 193 134 124 17 143 37 51 189 171 14 32 32 99 62 142 162 49 39 51 128 77 189 77 198
146 167 70 110 130 190 183 187 99 165 41 55 147 155 123 82 124 32 189 14 107 44 17 145 182 144 116 81 193 160 182 188 145 18 8 74 105 166 110 67 199 165 54 182 11 67 96 42 165 159 97 75 101 152 166 67 49 7 39 9 60 146 171 116 67 135 35 116 52 59 5 45 9 75 24 67 181 4 66 149 142 82 127 57 94 184 81 188 135
48 5 29 58 91 50 63 145 196 172 59 172 177 45 188 75 27 119 126 51 177 143 108 196 167 51 123 187 165 59 91 143 48 23 5 193 9 134 44 67 177 112 3 68 89 29 200 141 112 20 196 42 23 75 47 163 99 21 123 77 14 135 113 91 196 93 24 35 81 19 176 86 28 148 107 16 6 7 14 90 60 133 40 73 150 52 85 147 104
34 156 73 105 26 114 193 155 165 93 48 128 122 143 15 114 3 98 34 110 170 73 148 31 18 165 95 169 42 86 66 192 176 101 141 182 150 60 145 176 117 18 132 119 147 44 112 107 74 74 142 7 105 47 146 144 116 112 90 39 121 58 60 59 152 187 130 106 178 122 187 154 176 118 79 79 102 162 148 36 136 183 92 20 159 137 89 31 122
57 31 190 57 57 176 65 54 33 71 156 102 128 158 132 141 178 105 175 67 110 114 22 165 130 41 99 20 178 50 155 74 88 151 184 89 130 125 25 121 39 200 185 166 34 96 61 78 0 178 141 28 82 193 96 84 199 144 151 146 111 152 101 9 42 172 149 48 69 154 165 135 148 84 81 114 50 128 50 6 121 77 21 188 142 194 57 143 15
185 12 159 38 122 135 63 126 10 119 61 91 168 123 1 171 86 177 145 171 0 150 101 131 147 148 106 44 189 20 119 193 57 109 140 9 165 72 165 177 4 75 146 37 132 172 124 184 46 32 83 182 152 10 66 146 22 133 175 90 82 101 29 8 41 68 10 41 70 79 128 64 80 50 107 78 72 76 142 187 195 21 73 178 158 167 151 105 140
188 80 167 40 122 69 149 151 50 137 12 101 139 34 174 75 70 2 185 65 17 60 127 16 136 4 146 107 118 57 152 122 56 66 197 183 154 58 194 97 51 119 130 81 161 123 190 108 93 147 191 191 183 161 34 96 167 130 151 82 149 40 164 93 167 58 132 70 64 18 0 7 181 37 169 144 21 26 67 146 78 111 137 50 27 58 117 73 45
131 87 79 128 124 101 59 29 152 104 137 184 33 176 30 176 149 159 141 184 87 39 23 191 35 113 9 42 85 173 175 165 115 24 65 200 180 152 27 153 165 192 155 18 178 12 111 156 198 105 162 125 126 20 91 119 127 192 151 55 199 76 85 180 132 14 16 169 9 39 21 152 61 124 122 159 16 128 101 18 109 187 34 51 63 63 197 123 39
90 188 94 110 105 5 106 127 73 133 179 160 148 14 194 168 185 189 136 149 39 54 30 117 104 11 57 160 141 83 160 171 141 67 103 113 10 111 187 54 96 54 114 28 155 39 86 166 75 104 67 158 128 160 117 116 79 180 12 54 10 35 197 62 49 152 78 152 43 149 124 81 2 5 187 26 93 76 96 83 22 36 25 35 186 148 100 195 164
181 51 196 188 123 179 184 119 144 81 131 71 78 176 42 19 128 11 141 193 39 13 134 73 10 155 199 176 112 174 18 33 67 13 199 189 191 93 63 15 90 34 140 54 84 157 42 169 185 195 68 60 102 79 145 91 89 143 24 128 3 3 17 103 0 148 103 84 135 97 50 127 69 152 192 185 156 17 60 16 196 106 89 177 90 128 137 68 97
138 57 86 127 105 105 91 114 183 176 123 144 153 117 8 22 43 105 68 131 107 157 47 50 5 139 9 196 19 8 82 187 45 93 108 174 167 68 159 44 11 62 113 4 81 166 1 112 53 62 56 124 189 154 80 167 49 90 191 67 27 52 94 194 99 159 174 25 127 32 96 188 62 120 74 0 198 55 29 46 122 175 178 31 180 98 33 24 3
133 59 111 191 36 144 163 135 17 75 123 60 78 94 91 184 162 144 22 60 57 162 103 74 184 197 100 43 28 56 171 186 160 130 53 4 94 38 69 174 20 119 150 73 164 56 7 130 149 113 49 30 25 194 3 128 30 119 56 148 134 159 100 121 6 60 155 138 58 97 101 84 136 181 70 184 33 20 91 16 154 194 188 80 80 38 28 56 87
103 14 11 116 32 133 153 94 22 9 135 59 129 4 166 103 118 29 58 121 132 94 126 102 45 49 158 0 63 138 120 54 129 41 33 137 117 130 41 126 122 171 152 191 85 133 64 110 141 154 65 175 141 162 94 89 69 103 54 6 173 95 98 46 93 106 162 50 121 81 96 183 96 188 28 114 83 147 152 186 80 173 71 76 30 14 66 11 180
158 148 106 2 17 96 168 98 171 96 93 101 173 185 170 183 167 133 171 53 14 127 113 84 69 167 115 40 112 153 105 125 155 19 98 77 185 107 94 169 96 194 123 33 182 169 89 24 158 105 138 119 80 174 195 189 185 1 159 90 105 196 117 128 47 184 55 108 17 58 152 8 135 188 35 91 86 104 100 140 23 134 41 171 168 10 62 91 69
53 181 26 89 158 108 100 33 80 19 161 131 71 72 87 77 47 97 18 146 160 105 183 50 73 55 32 161 74 191 12 127 32 7 96 181 157 161 0 103 155 165 29 188 67 88 188 129 18 182 194 103 106 61 70 96 32 199 55 125 37 58 7 142 31 173 27 38 78 153 159 2 61 141 129 20 73 31 183 86 176 129 182 117 127 17 4 157 78
136 172 77 119 149 91 149 15 132 13 179 14 28 193 88 130 30 153 69 55 59 200 70 176 90 123 119 117 26 75 10 89 71 157 8 106 40 66 172 28 21 71 33 53 110 115 56 43 121 131 138 1 25 178 180 113 77 155 21 173 60 74 24 126 140 46 60 87 40 111 42 16 112 132 120 181 142 80 75 134 193 80 71 115 96 132 114 173 44
128 37 10 71 21 108 48 38 93 115 57 161 57 135 160 171 109 111 185 169 191 48 149 176 136 7 164 64 178 22 136 142 19 159 200 149 73 199 44 141 163 60 78 35 16 87 4 137 59 123 25 108 5 185 132 70 157 144 48 37 55 20 128 112 4 76 18 37 141 77 60 130 32 63 111 55 31 113 28 104 143 127 67 77 151 76 102 56 22
164 24 189 57 110 184 50 200 151 131 181 13 172 26 47 14 40 130 2 105 153 159 63 164 162 82 55 25 38 141 116 83 116 43 186 188 192 170 78 153 88 112 105 170 77 168 23 100 115 183 64 72 89 98 184 92 106 39 49 50 82 170 10 165 79 43 25 46 27 176 128 178 111 34 132 42 82 169 155 29 92 161 111 113 133 107 167 71 174
85 6 48 15 70 99 87 3 184 34 71 100 97 30 79 144 118 5 141 53 99 97 38 186 80 100 47 43 184 171 135 7 31 83 111 142 162 145 7 116 51 110 130 94 73 75 173 107 5 181 176 165 84 79 78 160 82 16 7 90 183 119 130 89 34 58 99 68 41 43 90 178 50 90 190 3 38 123 33 162 90 5 99 193 48 66 48 23 58
20 88 84 116 157 98 54 149 169 99 112 31 162 177 107 59 8 45 47 52 127 46 34 172 69 176 108 53 120 163 88 172 194 103 50 157 67 34 21 6 183 182 101 155 167 92 38 83 182 49 136 14 9 47 36 134 44 92 175 44 61 119 11 160 152 117 66 141 18 187 111 38 110 102 17 78 147 97 17 70 4 195 78 47 158 36 30 178 117
11 126 198 44 154 16 47 114 162 95 121 189 44 14 145 159 104 95 183 189 18 75 42 112 21 161 16 121 22 38 43 94 50 91 139 151 75 11 71 137 62 141 12 132 162 130 125 169 78 131 2 88 177 94 173 111 81 79 108 162 183 194 31 97 79 15 63 62 44 185 82 100 83 0 8 56 11 177 131 198 93 98 90 132 6 86 52 168 43
54 131 103 117 104 27 90 162 115 197 155 99 18 92 152 29 133 53 200 174 74 100 191 5 180 142 56 12 1 189 126 30 176 190 179 15 113 125 79 49 23 62 3 198 176 70 136 99 50 149 14 7 193 189 151 52 56 125 69 124 71 52 184 100 105 197 191 66 138 134 36 140 160 198 104 175 107 101 58 148 67 195 110 89 101 117 55 58 85
102 121 139 103 25 89 4 34 112 50 118 0 139 148 82 71 82 5 198 27 36 7 170 84 177 128 27 88 21 199 72 89 48 157 96 109 148 76 52 72 9 81 24 101 189 129 185 49 12 71 106 194 83 73 7 198 125 157 100 174 179 71 71 18 84 51 131 89 52 36 29 26 171 182 171 7 74 188 25 137 27 84 37 62 9 179 187 20 67
140 120 156 88 149 103 91 140 33 86 78 91 70 196 18 102 129 137 112 75 157 67 123 46 51 128 64 70 28 77 29 12 197 115 86 135 185 185 192 51 103 135 100 48 111 127 10 17 176 187 138 16 142 193 152 90 72 4 43 174 111 197 91 5 38 55 72 188 164 136 25 187 34 144 36 84 125 180 89 147 182 1 34 30 125 190 189 42 122
43 35 183 123 94 108 125 60 189 43 63 168 47 142 167 199 89 93 91 43 90 173 40 181 9 15 64 44 184 147 134 37 195 83 160 49 195 96 1 46 19 78 65 53 136 10 124 134 87 160 39 155 64 170 15 79 140 118 10 36 66 156 80 123 152 92 5 112 63 143 145 118 179 152 196 150 161 5 152 107 147 162 182 123 133 29 109 45 3
188 25 169 161 41 105 177 57 158 197 166 21 55 171 118 103 16 107 164 28 84 35 106 20 162 197 187 68 29 82 142 50 15 159 173 44 176 74 15 29 26 186 114 188 136 67 57 112 126 109 109 187 199 140 146 11 45 167 23 164 199 55 97 67 143 19 193 82 84 60 196 191 20 133 196 135 114 14 50 22 106 87 161 87 106 170 114 2 66
65 86 189 199 62 94 173 49 84 191 90 146 16 126 150 34 83 94 168 199 134 75 167 142 112 93 88 127 22 180 81 1 174 179 22 1 92 4 80 153 186 64 19 29 38 113 120 8 39 142 166 128 15 53 37 43 27 79 72 124 3 150 144 103 187 105 46 165 129 19 170 179 41 177 31 94 23 62 77 31 108 37 108 41 144 102 142 46 69
187 149 136 166 189 131 27 78 139 85 23 106 51 164 81 157 46 81 71 37 60 51 75 155 22 13 54 125 138 16 113 14 176 151 34 145 137 100 20 155 10 63 149 113 49 14 136 100 190 180 25 35 53 86 168 146 67 25 33 186 115 114 37 158 196 22 144 87 197 187 3 152 166 189 68 191 124 45 193 51 65 171 172 30 16 33 8 87 109
54 159 126 118 45 84 165 81 43 69 74 111 192 187 190 184 62 0 26 89 161 3 175 92 22 109 139 100 107 119 7 172 198 145 4 36 127 119 77 181 41 17 98 147 2 42 96 158 120 57 75 184 183 111 117 147 60 52 24 7 29 34 88 188 109 155 77 89 161 139 7 61 57 142 40 95 14 52 176 140 21 174 144 174 32 7 118 200 163
15 122 90 21 39 108 199 169 95 176 109 179 49 14 13 196 71 36 43 163 109 27 76 14 184 56 36 5 22 55 21 145 192 17 106 101 136 172 128 127 57 147 62 26 149 66 101 130 92 86 164 195 5 185 35 156 44 38 181 116 69 0 40 120 125 168 18 62 109 154 94 179 61 36 20 109 43 158 165 102 133 53 45 65 199 146 124 21 157
182 29 183 24 59 143 131 160 102 99 140 179 6 136 115 129 174 191 139 36 96 156 110 0 159 188 127 171 75 132 56 95 128 141 177 90 192 31 61 145 9 0 131 48 34 97 13 79 137 145 58 10 117 92 85 25 181 13 80 137 148 147 21 38 132 38 116 84 94 91 28 83 17 50 71 72 194 50 7 29 190 108 169 101 9 65 137 103 199
195 123 166 24 63 197 145 32 177 11 181 157 59 41 100 39 189 182 19 103 120 75 119 34 66 161 149 160 96 87 6 125 133 48 96 135 88 128 131 189 18 88 169 124 105 3 125 80 1 137 7 96 94 104 136 24 67 41 94 119 41 46 18 174 176 116 54 158 120 12 171 113 13 28 149 114 67 121 72 88 157 181 118 116 28 162 95 26 159
98 52 143 189 24 80 58 181 75 115 118 22 192 192 166 129 69 119 156 192 166 66 32 47 122 30 87 93 101 146 100 3 140 79 144 188 47 191 165 90 127 163 104 113 121 153 140 64 104 174 95 85 76 150 184 115 111 37 131 182 18 62 31 160 55 74 197 39 194 16 50 164 106 91 145 78 164 50 134 181 62 128 161 125 160 136 200 73 17
27 115 107 103 60 85 93 24 132 135 132 5 14 78 12 17 153 27 32 179 19 100 9 177 6 59 77 51 38 43 28 54 162 114 117 173 126 155 144 79 104 200 6 83 113 47 140 115 174 71 117 68 176 182 163 2 39 134 184 72 56 69 14 107 169 197 6 64 10 84 168 89 175 92 13 100 184 146 171 170 185 48 55 82 22 8 103 130 134
18 132 85 47 175 84 129 182 74 143 119 3 107 127 142 63 3 181 28 128 64 106 94 189 124 136 87 62 44 95 179 143 178 41 67 28 16 105 110 107 26 94 81 155 34 63 84 181 181 30 65 109 164 25 175 95 72 102 27 6 41 4 159 28 6 83 120 4 178 46 150 20 183 7 131 7 157 52 121 179 31 139 157 169 187 158 189 159 154
93 160 65 112 49 157 112 89 1 81 45 178 77 26 31 148 79 194 55 173 112 31 77 89 49 1 156 66 97 125 47 138 115 16 52 0 12 81 150 27 190 44 5 133 18 28 74 187 118 134 109 189 140 195 94 77 36 73 45 160 170 94 62 25 99 47 121 109 79 136 134 80 36 95 55 39 80 52 151 173 48 161 59 70 170 109 8 167 3
33 146 47 155 199 196 4 177 105 41 136 93 160 52 107 3 27 193 98 118 125 164 152 53 91 164 33 2 176 177 188 44 76 30 75 121 181 71 114 108 51 42 150 183 26 181 126 118 81 25 107 24 69 89 89 46 81 174 37 18 185 56 159 138 125 81 59 103 176 161 57 69 29 26 9 8 69 49 21 68 97 69 142 138 77 163 14 33 38
172 125 44 155 75 61 170 139 162 130 90 32 191 121 31 31 70 178 175 180 24 186 31 40 70 66 165 51 198 98 136 5 141 4 85 192 3 14 36 122 27 43 78 99 18 177 75 117 4 170 3 196 61 198 148 141 59 97 139 94 110 25 138 187 179 26 49 100 138 85 38 128 193 54 8 189 33 117 22 100 5 99 57 199 49 134 172 105 96
70 182 94 142 101 88 54 24 134 39 24 182 22 151 150 84 112 177 30 71 104 108 182 121 170 122 111 131 170 142 117 128 80 15 173 39 1 5 13 178 153 158 69 138 142 164 72 26 198 10 174 146 122 193 147 118 83 194 181 6 122 0 8 53 108 200 123 135 188 189 198 128 159 139 136 38 48 196 126 187 112 58 109 11 110 59 73 37 190
185 13 62 124 93 101 114 159 180 112 86 179 81 149 156 173 104 76 119 99 98 93 144 127 195 156 120 123 100 10 142 84 77 114 195 188 134 52 158 50 58 101 150 45 25 75 42 87 64 8 110 69 126 150 130 148 192 91 134 93 74 46 165 160 71 138 182 65 89 115 167 72 140 176 33 112 128 162 116 29 162 70 94 130 15 1 191 119 163
37 193 152 123 174 181 181 170 82 57 80 107 156 39 31 153 131 140 120 91 153 21 108 126 122 71 127 175 194 122 193 15 111 15 17 118 136 9 115 42 118 196 125 155 55 7 179 41 154 28 171 76 178 116 152 117 75 187 47 38 57 165 32 108 125 100 174 38 35 19 85 113 99 14 116 124 172 25 195 193 107 106 48 58 5 174 22 76 73
151 118 1 160 145 63 121 14 14 53 120 163 189 77 177 6 127 116 178 171 115 142 36 110 38 66 151 91 29 66 140 114 44 106 92 87 29 104 139 153 80 33 61 175 75 30 64 48 15 195 67 198 24 143 140 132 3 88 52 17 154 194 36 157 22 61 129 40 151 87 195 109 115 139 161 10 64 143 17 36 7 3 36 79 152 191 119 180 139
166 119 127 99 165 156 127 56 71 106 110 27 1 188 16 93 189 183 189 165 123 195 161 163 10 137 58 165 40 124 18 154 65 169 117 173 92 55 175 14 91 147 53 78 124 134 70 118 189 32 20 153 6 143 164 172 126 74 85 48 181 80 100 59 10 145 74 151 64 161 28 162 191 183 13 64 65 56 134 108 31 83 151 95 15 168 94 2 197
53 30 185 123 63 156 89 46 149 185 181 49 82 159 125 67 190 29 170 8 15 189 136 120 133 97 47 127 2 167 33 70 151 148 124 70 5 94 93 16 146 55 71 32 138 150 30 108 51 178 141 162 160 110 150 58 98 195 77 125 135 164 150 164 184 93 89 27 78 48 72 110 156 188 74 140 106 167 169 110 3 179 84 42 62 68 34 17 177
1 67 68 49 10 32 120 83 27 86 127 37 192 5 46 129 179 157 158 77 167 43 12 107 52 182 41 106 67 154 2 87 30 150 200 110 172 84 70 123 198 174 91 153 118 167 159 137 129 147 174 110 113 125 63 75 1 186 115 166 148 69 174 163 23 19 113 118 151 166 36 103 93 58 25 162 41 172 61 89 173 111 152 16 159 170 92 73 159
36 195 192 27 95 100 184 149 13 146 46 102 5 94 25 112 25 104 100 154 89 12 129 171 91 179 164 58 12 161 160 99 143 150 115 156 47 127 30 81 197 124 56 51 171 196 6 155 150 17 150 135 17 76 140 29 120 140 173 32 152 52 183 60 117 146 174 80 124 83 137 166 148 118 12 191 51 200 41 36 68 106 76 38 122 161 194 119 196
65 122 159 178 173 24 95 106 36 77 173 72 82 27 163 47 75 161 124 20 31 106 109 57 37 30 112 107 173 19 200 74 102 118 79 70 79 48 111 138 164 197 113 72 124 192 30 33 127 198 173 35 103 41 162 61 166 171 123 184 9 143 129 95 173 136 166 82 83 129 67 149 20 196 24 157 108 37 24 141 41 17 11 121 145 34 197 39 6
115 166 33 183 149 77 173 26 49 139 122 155 176 76 2 186 150 134 178 132 37 52 93 72 0 132 183 56 139 182 189 87 187 31 17 38 30 37 29 21 47 115 37 46 62 16 42 53 156 49 33 154 50 197 138 138 13 168 95 159 128 170 166 166 97 103 45 15 7 176 139 164 52 92 106 109 108 11 11 143 200 104 138 4 191 108 176 182 2
198 8 30 150 82 126 41 123 47 65 137 68 67 89 135 168 14 173 91 121 183 65 124 31 190 50 93 92 53 95 169 69 193 108 42 192 106 156 190 87 87 134 21 131 35 158 77 191 169 106 138 14 153 157 125 142 124 160 161 90 190 141 112 60 189 55 7 72 157 117 173 136 181 125 134 20 165 52 186 89 138 69 167 147 193 110 140 31 9
172 21 119 34 17 199 74 106 179 152 89 177 58 19 86 64 74 161 99 40 79 82 168 56 50 107 36 121 76 36 86 124 180 124 134 69 5 160 117 84 116 62 22 95 17 10 159 53 146 111 111 178 78 170 147 189 51 124 6 112 10 40 169 13 32 125 31 101 58 182 104 90 10 145 157 72 52 44 180 104 48 123 121 68 118 14 12 49 93
102 70 43 61 38 142 166 117 129 44 166 17 177 171 138 82 40 53 119 140 101 45 151 200 7 32 150 106 128 5 133 85 22 196 31 181 47 140 92 122 75 191 104 143 28 13 194 76 175 190 54 98 129 71 56 183 84 175 170 57 50 11 181 95 114 99 158 193 166 58 196 2 151 105 45 6 109 52 4 63 109 124 141 136 165 198 172 115 155
179 67 50 98 167 163 109 126 135 91 97 73 126 90 59 10 132 72 2 150 72 184 122 111 143 98 174 120 58 14 160 96 106 142 75 116 191 99 178 57 77 141 196 25 65 2 122 113 30 191 128 48 33 162 172 157 50 95 18 149 200 68 59 181 113 63 55 77 40 132 177 20 130 130 155 168 197 17 71 58 165 151 195 162 21 2 45 116 161
61 168 179 184 118 102 1 101 107 155 121 160 147 61 95 128 124 16 122 160 195 124 180 77 192 27 128 97 132 53 59 97 92 186 132 78 163 146 180 126 175 34 152 126 146 123 19 165 121 35 17 154 96 50 120 176 175 31 123 129 42 132 127 195 146 92 57 11 47 173 117 9 39 68 30 104 67 43 52 47 149 116 111 23 131 94 32 185 97
53 196 121 144 78 163 132 171 152 29 20 108 46 176 47 86 72 90 115 69 70 155 17 72 128 52 11 4 132 158 123 158 191 191 192 183 148 76 104 149 10 80 130 66 180 122 132 42 156 19 102 88 25 54 113 18 194 89 104 59 3 191 83 11 196 174 59 115 15 53 7 121 63 182 99 186 15 101 108 112 103 90 63 104 92 140 55 196 7
24 83 20 43 151 67 49 140 135 176 41 134 62 146 13 127 138 141 134 9 95 32 181 95 105 97 142 0 42 85 128 186 118 3 127 49 89 134 30 50 81 85 125 164 88 191 98 104 51 70 183 70 41 106 185 184 198 25 89 131 142 167 168 82 89 88 12 173 69 194 4 168 189 115 82 190 9 42 198 43 13 163 171 95 142 29 76 51 105
13 92 0 84 89 31 7 156 25 107 192 141 159 95 102 162 37 16 163 29 164 93 170 99 22 74 139 195 36 45 198 111 27 31 26 186 179 197 155 52 171 21 35 79 165 65 179 198 157 134 176 181 17 14 105 195 25 11 137 6 29 53 150 165 187 57 139 32 192 185 83 98 59 24 92 64 168 23 85 78 23 188 111 96 33 37 102 13 148
140 65 187 96 111 185 128 74 177 167 61 48 194 191 57 79 167 196 16 65 76 93 175 111 171 124 13 8 80 88 113 160 43 95 87 57 7 15 153 195 57 181 194 21 105 191 142 180 26 108 158 48 14 118 156 193 16 14 82 31 22 24 10 62 115 127 104 136 77 103 84 76 6 4 153 141 38 125 53 36 72 115 21 95 98 199 183 146 171
92 58 100 66 180 94 190 49 193 98 57 29 78 121 110 38 35 113 60 118 127 176 165 78 28 199 161 93 91 79 51 175 98 8 177 49 21 109 130 129 131 10 86 56 67 53 41 192 124 3 190 165 116 186 116 163 170 178 85 137 71 181 166 192 175 31 148 44 92 22 119 84 140 56 180 145 122 87 112 132 101 26 116 41 71 107 146 29 116
41 79 40 169 172 90 178 41 131 26 66 157 190 80 172 150 94 45 79 105 86 142 97 190 114 170 98 62 185 38 3 37 19 144 6 75 9 40 183 1 174 16 178 107 132 77 164 41 45 166 103 194 107 178 31 9 79 90 31 39 71 15 194 66 47 188 123 168 103 37 146 140 175 80 156 179 56 118 136 74 138 38 2 198 192 127 50 98 189
193 190 98 20 49 182 125 83 67 25 49 31 49 71 48 81 132 184 134 154 152 117 78 115 0 72 152 187 129 95 129 164 10 84 31 2 39 42 197 199 184 121 114 132 185 115 168 124 126 145 7 41 13 81 84 23 103 110 72 154 31 104 86 21 99 21 89 85 168 20 172 49 165 190 77 164 22 180 62 192 195 56 99 77 140 117 93 24 141
14 107 146 95 53 136 176 99 62 82 143 123 123 64 142 89 149 146 87 174 163 114 67 130 9 16 85 69 118 148 67 145 172 159 148 79 144 69 119 97 195 83 107 28 162 102 58 151 104 121 84 42 59 109 200 196 190 98 79 138 192 136 156 159 60 22 24 88 168 27 45 52 97 49 105 116 90 24 109 88 91 154 80 71 25 151 1 23 134
9 159 23 177 67 43 45 49 8 114 129 93 51 139 6 89 155 146 39 83 44 147 170 134 34 42 61 177 3 28 21 54 174 143 9 164 61 119 121 200 41 152 167 168 92 132 136 186 37 16 61 134 163 9 57 41 196 143 165 156 151 91 59 194 0 106 59 1 115 72 19 25 154 188 188 44 175 5 178 135 7 97 113 58 106 100 114 144 92
17 182 70 132 75 0 164 66 184 199 127 134 79 13 83 109 2 186 118 75 29 104 45 28 146 178 168 166 135 148 148 145 39 11 152 141 105 5 168 37 129 181 71 194 14 102 174 71 8 134 41 145 120 35 42 198 29 125 197 37 92 140 132 200 171 67 61 69 73 25 6 94 176 157 196 118 61 22 148 174 9 179 120 92 51 19 0 173 76
43 114 12 182 118 43 123 90 83 192 1 72 40 18 200 83 178 184 110 76 103 47 96 179 112 23 184 116 114 27 199 78 111 141 160 106 129 145 178 132 109 197 195 15 69 33 181 19 104 9 102 76 29 183 28 62 9 126 123 73 98 92 18 48 2 72 145 89 162 114 20 69 144 70 56 114 47 104 197 115 176 10 0 56 15 171 126 104 67
32 115 87 89 68 119 118 42 117 190 169 92 122 68 192 134 164 87 82 195 127 68 81 121 181 143 125 13 174 126 2 6 76 69 135 101 197 117 185 67 20 115 26 132 11 142 15 100 67 188 90 78 0 160 57 95 188 55 94 20 101 124 100 34 191 98 172 131 84 59 28 107 79 44 171 128 126 130 39 145 3 78 149 156 142 11 53 29 30
15 188 152 185 39 98 60 55 153 180 68 179 43 145 116 4 11 184 165 60 103 14 46 21 84 151 141 73 57 175 59 191 111 171 105 90 196 171 95 171 181 89 161 171 15 89 75 169 174 159 145 110 87 30 184 150 32 138 57 73 167 136 120 3 46 119 186 45 179 36 36 126 68 188 98 157 64 133 70 84 154 131 60 36 181 174 158 17 108
28 98 126 166 120 132 198 61 23 171 60 126 45 138 119 12 124 136 160 200 33 29 150 168 85 118 149 84 184 83 179 142 137 29 83 2 2 164 152 151 160 119 178 130 146 14 0 191 74 178 27 57 113 126 62 33 104 148 95 95 128 143 123 107 101 149 61 111 188 12 80 149 1 38 114 80 133 37 89 18 179 111 10 126 90 52 196 115 121
103 8 175 169 169 103 146 108 181 98 185 138 74 38 178 139 48 121 174 171 67 161 156 36 49 63 63 101 55 146 51 43 109 175 96 84 57 70 190 159 4 37 147 77 21 128 58 175 171 27 84 2 85 189 124 86 56 101 100 34 8 12 84 57 130 145 122 68 66 146 64 56 112 32 109 73 19 150 112 193 33 98 1 178 110 82 122 72 86
157 89 79 89 89 67 151 186 130 133 166 86 93 160 36 28 77 156 64 117 56 58 80 94 106 32 198 133 32 149 89 200 48 150 46 124 29 3 200 47 52 38 38 161 195 173 147 46 33 105 17 179 182 118 22 56 81 9 134 25 95 131 76 169 197 65 194 3 193 197 92 20 95 199 86 35 48 130 92 75 200 192 155 48 133 87 33 76 60
30 56 68 56 45 105 23 40 142 182 76 58 40 56 128 47 26 22 178 182 2 7 154 180 105 144 133 6 123 66 64 196 70 111 94 10 24 147 199 166 25 81 112 188 19 106 194 27 37 128 122 144 79 91 143 62 91 36 139 123 186 194 53 75 28 22 91 63 30 169 8 92 17 169 190 51 65 125 75 52 143 95 26 178 39 149 4 160 165
101 148 163 148 182 2 22 32 62 194 39 14 68 83 200 149 114 88 138 99 49 104 69 118 16 45 44 87 112 112 61 55 91 101 95 184 92 47 73 133 99 8 127 50 152 161 103 23 193 1 56 79 38 125 85 141 52 21 85 59 38 80 19 9 146 1 193 153 166 57 84 89 80 45 142 12 125 129 182 112 124 1 59 8 102 32 4 1 77
159 200 141 172 129 62 104 116 66 152 57 185 6 127 139 112 130 34 131 64 80 182 99 137 1 10 39 78 14 89 35 43 82 170 155 61 129 199 193 198 5 176 73 187 53 156 103 189 127 139 16 198 146 192 184 123 174 24 68 25 176 104 123 129 136 50 132 12 179 69 120 2 164 42 176 68 188 37 118 191 196 35 121 94 148 155 194 44 137
190 173 74 163 138 105 79 55 138 106 131 170 67 145 103 111 67 16 157 161 98 103 44 37 153 7 78 167 34 190 177 29 140 125 157 141 76 12 193 43 15 148 18 190 194 12 108 131 98 189 13 24 173 157 51 2 183 171 134 39 12 74 190 135 78 96 171 131 29 153 122 170 143 190 33 10 80 183 74 139 41 22 73 63 194 113 103 81 162
30 92 192 69 79 107 176 17 28 86 164 164 6 24 131 137 23 95 192 134 78 146 28 129 182 56 13 180 104 66 60 174 190 43 187 48 68 35 9 50 142 112 64 182 45 186 54 102 8 67 176 92 59 33 91 143 94 46 176 144 143 182 76 40 33 107 18 9 163 26 48 136 32 17 192 13 93 14 81 42 170 47 173 175 158 155 32 6 9
141 120 2 121 118 114 6 40 26 75 51 19 74 174 83 39 126 33 154 93 86 61 182 164 199 156 156 161 5 137 4 147 194 188 194 80 192 82 139 48 189 119 109 176 91 61 51 77 27 162 200 47 91 15 116 63 117 114 172 56 127 69 80 181 193 110 4 110 135 114 120 136 85 92 40 160 111 42 196 120 143 58 182 135 176 141 184 191 46
3 38 9 184 155 118 15 19 29 126 36 51 107 152 141 29 112 103 122 75 69 73 72 178 27 94 5 115 62 130 134 60 129 158 97 62 166 17 156 184 164 93 76 135 22 185 24 184 86 136 145 188 118 152 79 136 149 42 44 196 71 47 118 169 180 48 123 53 195 124 71 174 96 174 109 98 99 0 44 168 147 127 100 73 50 26 55 148 124
67 183 117 99 130 144 159 156 135 186 182 197 70 132 187 133 3 171 45 75 72 39 102 6 19 113 63 96 142 115 111 69 83 157 139 41 92 148 78 80 194 161 196 89 101 151 7 196 193 155 51 191 9 33 36 190 156 85 128 150 172 55 55 101 46 184 93 69 26 132 142 44 108 167 7 16 140 129 15 104 36 38 35 55 171 147 54 110 143
94 61 53 196 40 175 62 117 98 82 89 155 154 142 7 1 12 181 188 61 88 181 189 186 142 21 63 59 41 192 81 158 116 98 148 160 48 49 162 182 76 157 78 98 166 180 155 200 85 13 50 123 169 85 109 81 169 2 185 39 39 18 121 61 104 5 153 75 81 49 5 156 137 90 18 134 169 33 106 20 171 142 71 98 157 48 142 93 151
67 152 49 105 64 80 89 164 67 129 167 107 163 182 97 114 37 193 52 132 100 31 3 78 40 86 49 137 61 98 52 170 6 104 8 162 101 23 131 56 93 148 147 163 127 72 178 46 36 65 141 76 194 31 35 190 65 19 23 114 122 14 190 55 58 174 198 100 47 144 150 104 41 106 40 200 149 138 191 138 143 23 139 28 193 77 53 37 141
174 28 163 117 59 99 50 51 136 116 26 179 159 84 163 29 66 138 199 101 62 193 67 23 88 5 38 64 23 115 21 82 133 115 60 21 24 192 193 172 188 80 123 193 151 78 93 7 189 90 157 86 47 159 13 192 74 186 143 2 48 91 1 159 145 63 28 29 77 105 2 43 26 23 99 158 4 31 190 114 118 4 148 97 172 81 83 32 168
141 77 169 75 46 101 167 127 143 154 125 8 106 103 74 165 175 80 9 62 72 21 41 94 20 30 39 79 3 12 70 77 97 159 79 161 72 138 90 169 195 54 152 63 22 171 22 129 152 29 56 104 93 120 185 59 103 23 89 136 119 33 187 135 44 59 154 169 120 170 4 187 0 189 79 41 190 22 182 115 118 103 183 120 45 18 79 3 102
130 80 54 166 41 52 199 18 150 196 60 167 50 157 95 165 145 170 40 37 117 41 115 25 24 60 171 43 68 10 32 103 15 172 10 178 195 4 40 192 164 175 177 169 157 56 182 95 122 105 59 71 83 7 34 195 200 128 11 46 57 97 28 58 134 48 150 182 156 15 29 195 157 89 64 60 21 123 138 170 144 141 57 88 71 194 151 148 86
37 52 82 74 162 163 0 101 185 4 95 84 78 34 39 141 65 148 168 72 186 105 24 87 130 143 142 67 83 133 147 194 3 14 1 174 131 57 45 69 64 15 192 111 4 85 7 199 196 181 90 134 123 125 131 194 176 193 143 75 106 120 109 21 23 114 10 19 65 41 102 155 60 105 19 71 60 179 167 12 167 183 147 151 27 70 16 49 146
59 43 25 107 136 123 166 183 24 111 143 64 163 75 75 66 162 120 160 94 194 53 31 120 14 150 172 20 161 173 25 96 1 81 113 133 73 155 81 34 54 122 136 140 57 73 68 24 58 139 18 29 122 175 119 135 199 1 189 171 69 150 66 21 76 103 197 193 35 134 102 178 112 196 196 183 171 158 40 142 40 100 92 34 36 154 135 136 56
113 65 151 170 189 170 137 55 153 76 0 126 134 181 156 61 125 72 183 19 113 14 22 104 34 70 58 44 75 176 77 30 194 88 139 193 189 116 182 24 16 152 167 198 124 192 198 111 57 87 30 124 93 117 129 120 27 104 134 149 141 67 90 106 56 42 179 60 76 7 54 180 128 169 188 77 133 81 155 73 147 136 175 66 12 182 135 195 17
17 187 91 109 48 151 115 180 59 50 160 97 115 53 119 85 50 63 146 183 98 93 61 148 188 189 7 43 129 131 52 78 87 63 96 154 125 48 24 177 20 1 148 25 181 31 46 150 92 135 55 37 106 41 85 200 156 43 51 71 136 51 200 101 188 196 87 43 187 151 122 100 101 66 126 183 43 185 107 138 182 13 144 19 58 12 169 107 198
136 18 177 41 139 188 193 29 56 112 168 60 200 153 38 194 187 87 57 71 114 165 153 26 3 49 141 126 28 41 145 80 184 26 76 9 122 22 23 89 77 10 45 150 196 181 50 69 51 62 197 78 168 73 126 140 75 190 52 153 0 30 111 123 37 46 170 3 90 33 159 113 48 98 83 192 90 101 32 35 6 70 1 119 196 136 125 119 0
80 62 199 57 48 103 149 40 125 90 86 133 182 146 94 35 110 9 19 2 106 116 34 147 55 96 27 52 18 196 53 189 62 176 111 111 25 103 13 145 140 41 37 157 187 166 46 30 4 97 88 115 46 164 64 39 13 19 70 148 36 59 122 22 195 171 153 103 64 94 38 68 91 99 33 197 165 147 15 80 72 190 96 93 100 130 58 56 69
197 118 132 61 61 80 111 196 102 13 121 136 29 19 198 158 134 7 89 82 161 54 161 26 50 49 185 48 168 27 106 3 138 38 46 28 43 153 33 45 6 13 88 108 64 12 48 171 136 161 97 6 113 88 199 61 125 55 74 135 144 41 1 195 103 20 133 51 49 94 22 115 10 122 169 186 40 40 7 84 193 187 132 18 196 50 93 130 55
