57
75 197 38 108 173 38 102 55 193 182 35 57 139 171 139 182 94 95 88 15 155 183 40 81 175 128 7 124 160 23 30 83 121 121 125 196 40 17 129 56 192 160 0 76 138 145 115 58 193 2 23 188 68 174 17 165 3
34 153 149 111 114 112 80 2 118 141 30 101 55 188 74 60 152 104 181 179 139 52 116 29 27 10 199 15 11 48 25 166 106 16 111 140 152 1 89 85 161 102 178 85 121 188 74 11 144 192 69 46 102 117 2 18 78
127 144 45 67 18 0 106 118 128 50 65 121 103 118 121 68 100 51 107 197 137 152 199 138 84 72 70 146 0 43 61 194 82 51 171 187 140 139 85 135 179 147 121 46 25 83 143 173 61 112 38 69 145 14 30 43 187
134 76 17 89 12 67 88 62 89 7 143 110 91 5 98 0 43 185 137 71 48 147 6 175 179 180 106 107 60 100 129 99 131 46 42 0 15 25 148 74 21 129 110 41 113 66 67 49 165 4 148 164 137 129 181 71 122
67 182 38 141 158 148 192 146 53 171 69 136 185 50 83 112 175 81 34 181 180 173 137 161 83 55 7 124 100 120 184 122 30 156 197 178 175 75 152 174 87 13 120 149 113 185 151 85 18 82 22 169 151 47 130 92 60
105 55 54 159 66 196 134 185 137 175 173 10 177 59 196 80 100 27 16 134 7 102 94 0 36 102 76 103 194 15 115 189 77 18 142 153 97 112 36 57 40 130 18 198 113 25 178 28 71 30 4 80 67 177 20 11 83
194 157 130 104 189 102 81 87 19 146 112 145 24 28 107 125 41 130 119 178 167 102 112 190 162 199 31 133 98 155 67 87 200 73 117 158 124 40 39 28 138 183 170 99 54 198 139 27 170 27 156 154 108 79 14 196 87
4 2 161 43 5 36 112 6 194 5 23 42 168 88 148 18 41 162 173 182 122 120 38 26 147 24 75 22 200 123 7 31 194 31 181 120 137 56 86 152 165 123 12 6 199 81 58 173 162 22 187 35 132 48 35 162 126
116 71 56 1 94 108 148 117 89 95 145 133 36 175 13 73 97 5 67 109 149 69 78 49 57 164 5 47 175 93 120 125 55 194 0 198 91 117 0 5 65 199 164 132 111 189 114 80 0 191 61 156 100 145 175 97 37
26 160 152 49 185 170 94 76 53 67 89 87 42 118 16 174 1 25 25 1 17 105 150 126 172 188 28 166 33 158 85 8 138 12 65 131 181 44 30 195 109 10 84 108 12 29 100 104 31 33 187 13 171 6 26 113 15
30 192 194 53 17 5 97 23 136 113 179 108 65 150 116 126 34 192 85 191 124 162 71 91 176 171 109 33 128 100 15 106 8 129 93 54 100 38 169 91 194 35 163 28 158 177 96 76 65 166 191 92 93 195 9 71 141
70 91 71 127 116 57 122 51 9 166 62 137 199 46 69 79 167 66 142 82 66 5 94 70 108 98 27 90 171 113 146 51 3 21 181 118 95 86 187 0 94 116 47 189 173 162 150 99 45 31 38 65 26 65 182 159 27
73 144 178 183 21 24 1 108 149 184 165 142 171 196 169 147 18 44 94 43 124 171 19 80 170 103 161 140 188 147 27 153 13 174 138 69 91 56 93 91 101 139 172 63 76 119 122 70 89 91 46 153 189 139 36 122 106
75 99 48 98 140 34 28 113 160 55 184 96 181 170 197 128 16 112 109 109 85 187 172 17 165 143 181 92 56 159 39 155 82 175 67 181 89 61 72 120 30 44 152 122 62 1 12 85 48 74 36 10 170 100 157 144 177
167 14 183 177 68 53 110 194 119 96 179 78 155 68 180 140 0 25 74 141 81 33 199 57 108 143 47 20 69 28 191 190 165 69 122 80 152 38 126 100 45 86 194 86 117 149 48 57 176 79 126 182 45 156 92 63 73
144 132 195 115 138 149 71 110 126 107 109 163 193 130 46 122 59 52 31 110 49 171 163 99 69 128 193 12 65 179 139 8 75 77 159 113 104 46 53 42 165 25 31 200 153 176 104 38 144 122 34 94 11 85 177 101 12
54 72 187 14 166 163 114 83 26 16 1 195 33 180 115 145 39 86 43 26 187 115 77 30 22 9 84 102 99 79 38 151 186 171 148 62 38 124 39 87 90 102 123 178 28 170 191 27 97 49 199 96 92 166 15 180 162
78 110 52 198 16 106 127 40 195 179 95 6 58 74 91 157 91 184 134 160 72 133 114 186 128 46 80 177 130 44 110 147 38 4 82 1 131 142 24 106 69 138 117 92 21 13 60 57 37 69 34 159 36 121 133 118 83
190 0 62 113 131 175 26 13 3 107 52 47 42 49 40 89 101 93 68 197 7 19 157 69 200 22 4 164 24 153 190 75 112 2 167 85 28 32 142 54 104 115 37 29 194 41 130 164 76 75 109 123 138 173 169 105 167
88 50 53 131 153 52 154 173 90 196 126 156 110 167 45 123 158 120 32 111 21 78 32 105 21 19 168 190 96 139 126 123 199 33 188 91 158 148 185 8 168 119 198 134 192 25 126 169 23 12 160 72 17 140 130 195 41
64 108 33 158 91 19 191 14 130 27 101 44 38 41 3 21 7 171 131 181 95 82 75 118 37 40 176 29 152 154 45 64 174 193 90 47 89 120 72 164 8 112 199 49 57 83 23 52 113 83 152 34 40 48 143 100 59
83 99 42 76 10 12 101 29 161 36 53 115 173 26 142 160 190 142 12 30 3 106 60 58 90 50 5 16 28 174 107 5 115 109 38 95 131 21 37 53 31 174 162 4 103 121 1 92 81 72 56 187 137 84 199 172 97
177 187 97 46 45 150 43 134 155 63 38 105 31 81 90 68 140 108 173 67 187 164 16 12 97 5 111 128 189 9 136 125 137 7 129 20 156 199 51 75 30 183 169 2 43 128 90 143 159 23 43 44 67 143 111 126 173
82 151 165 74 72 133 140 60 95 83 11 48 168 152 63 110 10 90 13 50 79 90 181 182 106 167 179 187 24 183 27 110 0 90 158 116 175 50 136 65 151 146 124 74 10 9 124 94 74 165 20 47 124 103 50 82 95
138 101 174 87 178 189 29 135 45 129 11 119 36 52 173 155 189 24 174 74 7 200 175 78 19 109 142 136 125 39 137 74 130 104 20 82 173 113 193 178 93 155 49 172 36 59 191 128 159 102 122 65 133 112 31 151 132
93 191 160 168 35 22 126 30 118 30 4 40 137 81 104 69 178 84 157 59 118 92 37 120 57 41 173 91 60 99 167 101 92 168 115 62 1 138 55 87 88 147 41 73 31 14 124 164 0 81 94 108 57 34 118 52 73
12 83 40 101 61 148 181 28 129 187 167 131 183 130 177 199 129 149 62 173 177 199 28 64 64 175 27 172 177 162 11 148 194 96 27 85 184 101 76 195 66 173 186 89 107 39 23 55 80 97 7 158 174 156 127 150 107
119 187 138 131 82 134 20 130 132 54 48 84 100 115 181 52 169 153 199 42 154 61 144 76 142 116 107 168 196 147 141 50 180 196 24 148 4 139 173 171 182 59 50 134 164 11 145 13 37 78 109 123 131 104 24 127 96
175 29 169 48 80 155 106 121 31 98 183 60 137 144 191 179 79 100 57 155 125 192 111 48 1 116 60 10 169 52 156 100 137 63 158 14 136 109 169 17 155 47 53 178 4 32 77 74 173 128 94 115 89 137 154 104 132
74 115 60 130 109 183 186 80 181 156 73 32 155 70 58 147 184 119 0 176 90 83 75 66 102 39 113 118 49 199 171 18 40 84 76 77 144 95 28 124 17 139 160 54 91 163 26 37 179 173 21 115 198 187 166 196 117
42 99 28 51 160 89 143 34 200 110 89 150 60 43 24 45 136 19 139 99 177 100 48 90 136 114 168 159 55 49 80 88 187 13 58 21 20 108 185 36 103 36 190 174 200 38 98 150 101 45 181 53 40 35 120 58 183
93 52 107 139 165 164 5 197 23 21 29 5 184 199 26 95 189 186 9 168 97 46 194 123 109 34 100 155 156 171 38 89 172 129 61 1 90 28 73 144 120 144 142 16 1 96 157 168 72 175 78 64 143 69 14 70 129
21 195 77 3 128 118 184 47 118 184 106 158 164 130 197 127 19 67 159 59 14 165 75 150 51 76 87 29 105 98 61 162 55 133 100 10 151 180 114 157 120 187 159 110 144 0 98 174 176 37 8 15 60 78 86 52 51
185 30 182 18 27 83 25 197 8 74 140 99 196 34 151 43 191 96 198 98 42 117 164 60 0 62 200 68 136 168 160 75 130 79 51 29 196 167 77 117 137 146 105 13 194 194 180 49 151 103 15 63 29 79 17 4 25
160 34 13 182 135 198 45 151 68 11 101 121 193 50 141 174 20 152 165 26 188 154 188 103 156 126 176 160 98 143 175 156 115 45 3 55 133 116 194 41 128 185 22 171 58 109 159 59 115 184 88 27 49 161 91 23 52
13 65 140 26 151 7 91 26 148 171 125 65 73 46 111 45 189 158 68 135 30 191 139 75 108 32 110 25 155 88 67 123 2 46 7 76 91 30 30 20 35 179 22 44 138 4 143 7 83 13 134 22 106 127 78 39 34
18 10 172 131 159 43 173 181 28 195 75 130 121 14 70 136 9 42 15 1 42 154 126 145 184 167 193 139 105 22 69 172 96 182 4 36 174 137 127 196 78 74 180 167 112 60 127 171 80 95 36 146 84 143 41 174 84
82 200 34 129 35 78 114 171 66 16 7 136 77 109 69 11 125 32 115 18 71 195 94 185 137 21 55 8 193 150 128 189 177 92 23 50 7 29 152 71 170 185 51 74 22 165 101 134 23 83 136 103 96 65 31 153 43
148 24 117 166 2 104 13 155 82 21 54 96 152 95 82 183 85 8 35 121 21 103 161 190 142 194 104 42 42 198 196 39 38 34 26 140 195 176 24 158 66 109 184 162 190 170 69 184 163 79 47 143 57 128 17 128 76
56 172 97 10 22 41 31 6 155 171 39 109 90 127 191 15 128 115 67 132 147 16 15 130 130 199 83 14 175 130 170 25 102 85 180 71 86 96 180 103 98 69 148 186 4 58 79 117 88 3 115 137 6 95 163 81 106
78 33 55 26 85 45 53 175 182 19 158 46 152 86 35 34 57 98 114 76 66 174 23 104 100 86 160 104 91 19 25 36 121 158 179 84 62 28 189 167 23 1 32 14 145 78 5 29 2 163 192 163 162 178 186 159 104
109 142 41 30 160 51 101 50 120 198 175 153 41 167 123 23 28 110 55 189 167 153 94 146 87 132 76 21 168 196 10 178 71 155 142 27 28 184 150 29 89 9 119 117 35 105 27 135 105 22 27 179 12 110 93 6 85
99 34 118 179 122 10 103 101 64 107 44 147 0 41 105 7 193 79 159 16 35 79 88 176 45 144 169 182 197 38 20 184 84 1 157 75 105 124 10 192 53 200 60 9 111 160 33 123 181 65 58 16 36 36 9 76 128
51 199 2 76 87 77 72 165 103 197 176 200 105 196 71 196 16 169 23 86 191 68 144 140 199 88 129 136 82 135 8 142 193 182 65 114 147 57 165 46 4 49 93 143 19 165 83 27 115 96 30 74 164 141 4 147 142
34 158 11 72 48 103 85 179 6 136 90 64 162 121 30 92 121 42 162 165 188 63 87 99 76 61 108 159 120 113 165 93 40 55 91 122 137 150 143 50 16 91 55 8 84 6 137 24 122 96 50 8 94 111 179 46 177
184 49 162 178 176 12 28 30 62 83 115 42 67 161 93 173 96 118 33 170 151 98 200 142 187 39 163 137 14 69 147 141 28 158 15 29 49 125 77 42 26 67 114 136 1 188 172 73 34 33 102 57 127 177 186 116 15
1 101 153 77 12 154 171 55 168 42 200 177 171 54 91 68 114 107 31 8 21 154 43 120 10 198 94 183 40 173 178 91 133 44 140 76 125 162 22 193 148 16 123 186 6 125 37 172 100 54 155 194 139 122 168 32 50
153 35 182 126 141 129 121 132 127 54 85 29 164 77 122 83 23 144 162 148 11 48 171 30 169 50 117 107 29 30 175 28 193 195 88 150 196 175 111 168 179 178 61 186 53 80 167 89 119 46 86 77 86 129 99 131 198
59 60 12 187 174 29 135 174 46 46 99 28 157 47 12 18 117 32 169 169 31 127 20 74 180 112 72 175 175 29 77 137 159 176 77 51 133 185 194 170 2 91 63 102 5 180 126 78 115 19 45 39 187 22 22 117 125
29 46 53 38 14 53 42 82 101 163 150 40 48 199 7 120 47 41 191 117 126 194 23 70 41 160 183 50 43 66 1 122 52 58 20 132 101 61 173 180 97 150 81 118 86 53 156 196 74 47 17 7 11 129 181 175 140
171 147 45 188 40 7 78 123 185 18 93 159 93 29 183 188 103 85 154 174 14 58 10 3 198 126 35 136 82 45 25 149 69 29 73 102 126 82 181 12 195 37 41 174 188 51 34 45 25 90 32 165 34 118 191 127 97
136 151 187 170 57 62 107 21 72 165 194 28 140 175 93 12 86 162 32 191 65 28 158 164 47 22 197 31 91 34 76 183 137 39 101 125 1 13 147 49 159 25 6 6 113 35 44 30 121 182 196 142 72 86 6 26 64
25 139 129 168 150 18 151 140 79 127 97 190 154 145 102 78 96 56 60 27 81 186 66 106 191 81 8 34 164 146 111 28 45 135 192 192 53 166 78 48 198 3 150 173 9 14 185 85 0 31 135 174 185 13 175 156 89
58 16 5 98 70 56 127 183 61 105 157 4 134 121 106 71 82 73 75 2 170 23 81 71 50 71 19 177 53 91 70 161 89 71 36 8 119 131 58 138 96 72 139 166 103 147 16 58 146 38 2 13 179 33 38 200 78
143 57 37 77 66 191 112 90 198 45 177 32 72 173 198 38 6 181 15 73 83 89 44 89 129 71 175 186 98 61 165 152 60 162 39 58 63 119 85 59 12 130 8 135 76 39 44 151 63 141 171 190 149 176 31 113 76
21 165 162 114 135 121 169 6 92 110 170 108 154 134 116 160 97 23 86 144 57 165 145 124 55 157 121 22 82 195 174 189 52 97 160 23 141 143 191 78 38 43 177 199 32 136 127 17 58 66 24 45 8 123 114 76 68
122 36 133 52 18 49 150 82 161 48 55 85 3 174 185 164 149 56 52 71 94 121 60 19 150 37 61 90 48 160 154 1 63 155 82 101 192 82 13 51 106 93 148 171 56 8 60 123 86 98 11 198 40 22 51 163 189
