19
43 152 63 10 30 168 178 115 191 11 27 80 91 186 86 92 40 125 173
140 22 198 69 165 129 71 190 110 167 65 167 200 163 142 62 17 158 163
113 194 44 53 27 136 164 138 65 100 167 56 162 85 192 29 131 154 184
58 121 89 82 49 99 28 17 102 20 41 176 181 145 107 171 74 27 57
95 195 122 69 113 0 171 9 74 126 166 128 3 152 170 115 55 61 167
43 39 34 176 200 159 45 52 78 110 34 129 32 133 93 119 77 26 170
49 7 90 59 134 161 15 168 57 115 40 127 164 66 4 32 135 199 46
110 54 66 130 42 152 166 110 182 121 23 163 53 120 156 42 143 17 114
64 108 121 42 181 129 47 131 59 78 160 141 103 73 123 4 86 4 62
13 79 3 146 116 119 184 149 193 55 167 161 194 86 75 109 122 140 38
125 193 132 172 52 159 149 10 100 61 33 165 147 100 129 34 134 79 122
137 129 88 169 54 153 161 10 78 196 46 25 151 135 80 175 184 109 0
40 106 20 102 27 108 120 107 151 92 170 127 95 122 105 130 143 15 114
168 52 69 79 153 56 150 184 158 55 120 196 53 94 53 148 1 95 125
87 126 42 123 53 191 79 119 7 143 156 102 91 22 48 100 41 41 12
169 190 22 190 187 142 43 28 142 106 48 8 122 176 104 41 93 69 87
172 148 178 25 136 127 197 172 113 82 91 20 47 82 152 111 67 78 41
195 108 144 127 154 193 138 104 186 148 30 34 24 186 69 176 14 57 0
157 81 14 39 123 136 112 85 58 15 111 192 1 192 181 112 182 188 61
