72
57 31 191 88 176 121 48 4 157 148 14 23 5 26 21 180 176 65 77 79 5 17 22 59 183 9 102 96 108 65 75 87 89 185 132 93 24 194 93 191 138 119 91 38 1 182 124 172 49 193 75 190 96 65 147 66 184 93 101 114 23 93 0 124 102 158 121 188 100 48 173 5
101 57 79 35 143 153 87 9 86 10 115 152 134 196 67 192 153 134 185 144 171 115 188 73 62 66 100 86 44 137 48 29 186 18 34 105 9 94 68 41 153 159 197 87 192 22 101 116 53 186 80 36 184 163 133 184 195 176 172 31 36 13 198 160 38 76 175 82 112 133 155 9
24 46 61 8 132 17 142 198 169 111 153 73 20 67 190 121 197 125 12 100 14 16 192 61 163 75 198 87 27 101 160 155 144 91 198 136 132 52 98 42 13 6 142 90 23 19 148 165 121 79 196 127 59 165 197 141 93 187 23 140 145 103 37 77 15 73 157 17 74 15 148 118
62 7 109 66 75 98 166 131 63 58 52 35 27 67 125 176 156 77 137 30 135 86 161 155 138 180 113 129 180 137 148 35 40 191 38 30 192 152 28 80 1 94 139 99 92 129 191 178 68 71 125 130 161 85 13 103 119 35 87 78 50 182 105 199 26 75 128 179 161 188 167 165
157 54 58 135 142 121 155 188 190 176 8 96 113 5 133 35 153 169 117 149 70 2 27 110 106 174 105 140 153 182 124 67 42 190 196 97 98 110 50 144 123 49 35 34 112 119 193 188 0 110 169 92 96 21 120 33 24 181 162 110 120 49 59 194 28 111 167 129 63 86 65 84
80 72 190 3 135 129 199 187 163 77 50 181 57 4 169 152 54 185 119 87 55 138 145 7 186 22 129 148 199 192 108 71 21 104 50 8 128 96 34 70 11 1 80 122 52 46 39 176 187 100 88 59 160 24 178 192 56 82 131 9 88 18 92 100 189 22 18 124 148 24 187 31
46 106 193 65 103 130 15 123 20 151 73 18 114 30 195 131 118 145 177 22 36 34 101 155 173 72 124 161 95 177 200 150 8 188 195 21 56 47 174 38 124 170 193 153 86 15 146 140 59 162 2 116 55 76 196 106 38 19 119 185 194 121 88 61 174 2 158 33 185 132 29 46
102 98 84 60 38 124 76 164 87 9 185 67 91 170 23 54 167 124 49 98 106 174 6 124 143 97 51 100 92 153 58 152 111 125 191 13 160 25 94 0 0 11 10 6 58 193 128 51 64 42 11 57 9 169 11 74 98 175 97 5 165 156 78 70 3 108 163 136 136 179 62 138
160 160 171 94 140 106 88 78 131 63 137 185 136 101 111 170 45 186 161 180 185 70 14 187 6 183 87 9 166 79 194 97 95 138 70 79 170 80 6 17 199 106 68 159 113 48 112 156 18 9 97 86 192 136 104 97 109 35 68 4 70 104 143 179 40 12 93 109 120 115 184 190
191 111 129 105 25 72 132 151 3 120 112 152 50 39 107 87 14 2 99 199 27 42 156 31 100 101 103 29 18 152 192 85 26 145 35 117 57 191 172 99 154 158 100 1 21 73 82 79 140 102 98 167 20 21 3 66 163 103 22 78 0 132 173 93 178 42 19 15 105 113 147 81
42 55 119 112 71 196 105 165 96 110 118 184 74 87 5 196 8 140 79 198 114 79 154 187 143 57 177 148 171 200 90 20 107 188 150 99 57 127 25 141 43 117 42 47 90 157 4 143 160 42 195 109 116 181 180 77 94 182 121 196 137 34 41 150 8 94 192 90 197 17 110 66
145 97 182 39 89 49 164 53 16 154 166 73 7 144 92 197 30 166 165 104 60 111 76 16 132 59 112 76 48 34 199 120 60 144 165 45 18 132 142 65 148 86 101 63 117 40 100 140 139 172 105 197 124 103 193 101 164 88 124 185 19 20 147 86 62 29 172 37 22 143 135 88
34 170 43 187 25 134 161 138 168 69 110 119 141 148 54 160 165 8 22 172 110 59 181 139 32 30 98 128 31 75 25 192 56 55 30 27 40 50 83 90 191 132 9 49 89 19 110 110 126 21 22 93 104 24 136 11 98 32 73 133 51 155 7 102 136 141 57 179 126 51 197 120
118 178 53 113 141 19 93 16 98 172 72 107 147 159 183 108 156 16 164 200 121 17 61 194 82 141 130 81 4 97 179 181 76 28 93 170 114 149 19 71 179 61 160 108 7 139 36 66 6 11 77 151 29 136 109 197 73 164 7 199 53 94 194 79 104 195 99 79 38 183 172 102
98 172 60 198 47 75 69 81 9 2 115 95 194 29 38 29 101 77 63 122 88 14 199 135 91 189 149 101 84 43 41 131 11 83 42 52 4 189 76 24 91 48 84 17 28 71 113 35 189 185 59 57 13 11 78 72 54 189 79 191 74 174 192 106 146 32 28 38 117 7 166 190
18 130 99 56 186 87 9 67 101 123 192 94 69 153 108 185 31 160 39 23 29 65 122 116 91 83 42 11 106 68 30 35 61 23 114 47 148 154 156 7 78 90 197 17 109 135 114 174 89 68 161 141 90 156 17 31 0 70 107 82 61 134 93 126 6 80 13 152 57 23 94 200
95 115 66 74 63 77 29 21 14 123 37 35 65 11 54 159 52 5 105 60 199 187 51 101 58 17 151 138 14 187 197 27 53 131 139 33 42 15 149 102 22 1 19 46 6 57 189 87 143 176 9 94 148 194 79 192 46 122 165 151 154 146 144 93 63 170 158 196 52 100 187 130
160 147 22 27 19 105 76 47 14 33 44 57 92 112 28 85 37 28 168 11 169 148 29 100 193 33 18 93 82 147 91 109 162 101 194 199 116 3 44 39 197 83 168 19 5 90 106 1 142 119 56 132 102 188 91 92 1 64 74 104 39 198 98 145 0 170 67 88 130 109 77 127
35 44 47 160 144 147 173 5 141 54 93 183 92 196 171 10 171 163 39 174 130 187 30 172 114 193 142 191 144 15 179 71 30 75 107 79 66 105 71 16 61 142 106 100 10 2 27 121 164 9 73 136 166 189 3 155 59 9 6 71 157 118 154 53 86 51 120 35 89 1 36 141
10 115 115 41 171 115 131 113 85 176 146 41 13 102 147 4 170 18 143 140 183 168 37 161 81 96 136 95 156 167 23 96 174 172 126 71 93 82 45 102 57 199 101 160 185 116 177 100 74 183 43 52 161 107 17 55 45 162 24 140 188 184 96 137 25 164 25 6 133 164 21 126
89 3 70 81 108 85 50 156 89 133 148 139 140 132 143 27 182 119 51 127 80 11 51 71 184 107 135 25 74 191 106 166 17 127 32 47 6 148 198 135 76 125 172 178 17 112 26 53 186 7 41 193 23 179 130 47 191 192 31 3 79 123 125 153 3 87 73 28 99 109 66 142
116 81 97 90 166 176 177 198 45 26 81 52 165 76 5 102 48 118 23 140 127 186 69 129 153 101 184 9 154 5 20 120 38 77 60 161 170 89 168 195 175 1 116 28 199 58 168 168 22 40 140 161 137 77 108 128 186 25 117 157 22 62 112 188 177 66 168 26 177 51 124 185
169 70 89 166 63 190 162 67 158 188 117 58 69 1 0 13 6 72 6 200 122 162 151 186 30 85 117 72 57 56 134 98 112 150 125 70 64 58 11 184 156 9 103 66 155 14 34 186 84 74 64 158 77 138 27 120 200 99 84 77 162 59 151 113 44 37 171 37 121 3 13 84
200 168 49 22 46 99 169 186 151 122 132 172 119 101 34 8 151 41 174 83 46 15 140 179 73 106 148 68 15 89 197 136 44 99 80 32 34 116 43 49 9 200 153 54 185 148 55 20 179 49 177 74 5 195 166 189 39 114 128 9 196 10 189 185 24 81 172 39 38 161 47 90
49 113 20 124 4 133 49 163 53 91 195 75 15 89 95 200 7 79 144 160 176 94 20 3 144 191 148 26 94 123 122 107 57 69 45 39 37 21 131 49 85 21 73 2 29 104 101 76 166 198 63 91 52 92 30 44 20 177 99 3 62 89 105 155 70 48 61 124 23 176 29 102
122 33 84 142 54 102 95 163 62 10 166 81 145 40 37 123 8 10 194 35 1 33 167 191 63 103 135 28 57 96 56 100 181 186 159 71 141 5 46 134 46 47 83 185 101 186 139 35 45 33 71 98 122 133 43 119 66 133 88 45 55 152 167 11 105 29 54 89 175 125 173 102
25 165 70 161 44 8 144 39 5 74 171 171 36 24 83 129 192 129 176 200 96 183 180 157 16 102 141 19 18 159 33 189 37 187 170 151 161 41 104 130 113 150 177 26 132 18 65 127 82 70 21 19 46 90 199 144 153 66 29 27 82 29 37 80 38 153 86 89 27 35 53 56
55 88 124 101 3 99 88 119 17 74 54 52 25 43 133 131 77 182 7 81 200 47 143 102 192 187 191 47 157 57 189 64 71 23 45 198 171 143 12 85 132 169 130 118 132 148 0 49 41 50 144 127 122 92 104 141 100 1 16 81 79 192 100 193 60 185 129 129 105 107 152 175
100 143 183 72 130 66 153 166 120 136 181 59 27 5 152 17 119 31 160 158 13 109 139 145 172 39 183 144 23 106 7 180 44 35 187 125 188 33 163 193 139 56 109 22 169 112 147 68 64 99 136 65 63 130 66 165 52 114 112 114 177 129 39 175 107 69 118 136 1 98 200 119
10 187 13 72 172 49 27 79 2 104 24 58 156 177 96 143 13 191 102 77 172 110 45 157 97 8 3 138 14 163 145 102 55 133 137 27 124 114 25 64 178 48 181 25 130 37 72 181 20 197 59 70 129 147 147 0 69 21 91 175 27 67 137 37 130 11 168 54 50 37 186 196
58 19 144 83 116 190 137 75 155 5 116 184 42 89 132 86 150 100 106 103 179 23 99 32 7 61 95 156 2 125 86 15 184 100 7 154 188 17 141 40 31 142 180 93 121 26 162 61 42 32 149 75 46 119 114 111 155 149 94 198 29 200 127 8 133 177 63 78 165 65 6 168
131 39 144 162 21 193 104 151 198 91 96 79 161 13 180 80 90 56 56 130 84 21 165 10 193 53 38 134 22 59 131 4 161 133 128 95 125 72 27 13 191 93 126 3 197 69 69 151 55 133 58 76 1 80 169 26 121 48 71 158 78 104 114 6 31 192 19 44 7 120 132 187
40 48 76 19 196 66 124 181 164 182 147 171 115 18 107 89 199 113 81 4 62 73 79 183 197 60 6 82 127 188 156 173 130 125 196 182 77 106 148 58 118 72 179 159 143 96 125 64 130 16 32 145 41 141 44 19 80 7 197 175 100 89 31 49 46 81 76 180 76 90 186 111
143 158 147 119 145 197 60 100 77 197 68 166 149 84 54 126 19 126 10 89 128 65 2 183 40 179 172 40 163 197 128 173 27 124 141 93 135 5 142 77 63 151 143 149 6 200 14 154 149 27 165 132 50 191 145 55 164 179 200 72 121 76 143 47 135 110 95 186 169 70 141 58
46 186 44 6 40 187 200 118 130 67 147 184 127 80 164 161 196 140 108 32 84 25 90 53 77 88 1 180 140 69 87 154 163 54 106 14 7 95 34 186 65 82 167 167 192 42 138 92 196 175 90 145 14 68 110 63 186 45 95 114 58 79 88 188 101 177 47 150 124 37 91 90
6 179 116 129 161 34 99 56 79 160 180 197 198 134 199 117 63 84 55 18 140 195 52 61 193 186 182 125 142 148 10 93 51 199 83 109 53 141 43 64 56 130 48 194 184 178 117 193 78 19 166 153 197 113 200 192 89 118 79 7 17 76 18 23 140 179 183 92 136 97 111 26
52 42 18 72 169 192 62 155 173 104 0 16 187 75 189 175 29 138 42 81 35 64 45 104 19 119 57 48 186 42 166 77 37 108 200 17 173 83 61 27 64 35 16 69 41 198 172 79 184 23 149 76 129 58 124 151 44 32 107 97 59 88 13 3 21 17 146 196 154 20 165 117
170 190 26 198 44 34 19 126 139 8 80 10 146 115 11 36 159 151 39 171 18 101 95 13 186 147 29 3 110 110 170 15 75 5 180 94 62 114 13 132 169 3 21 177 71 189 189 19 93 63 110 182 108 117 175 25 74 169 36 150 46 77 102 143 61 22 51 124 181 71 179 143
127 137 126 158 25 109 21 123 68 125 183 150 57 63 46 135 53 23 118 58 36 151 125 62 17 75 123 7 130 50 23 102 131 10 81 184 51 4 76 169 93 194 135 68 10 199 45 134 146 182 158 143 26 1 77 170 24 139 188 125 39 87 186 73 88 187 168 108 163 193 103 39
91 33 193 67 129 35 195 67 57 71 108 182 81 63 93 38 33 141 194 67 89 90 164 165 92 31 193 24 115 101 67 154 16 103 50 8 187 191 49 47 172 122 50 108 106 40 132 146 98 94 30 41 9 172 124 86 134 192 27 117 162 124 173 9 18 92 114 198 48 182 47 67
80 95 148 79 14 46 15 169 106 94 197 29 4 127 60 51 10 70 160 179 188 187 161 118 11 166 153 37 105 129 108 172 75 159 74 131 167 32 61 80 51 18 20 152 169 26 148 19 190 112 48 144 11 144 111 178 147 34 124 80 156 9 108 86 17 6 57 24 150 34 197 68
114 54 112 159 4 10 27 113 77 113 33 61 82 60 186 52 84 37 107 83 12 4 172 61 9 171 8 88 187 180 45 141 83 81 1 120 109 89 90 56 177 139 112 174 190 125 64 5 186 56 15 167 108 44 32 2 69 75 164 13 3 78 114 81 185 127 148 184 7 91 156 21
41 74 94 44 66 160 98 80 192 19 189 33 125 142 44 36 50 137 149 163 178 147 85 112 63 25 68 54 77 142 160 52 28 172 126 12 31 156 6 162 10 56 6 173 57 42 89 128 151 157 182 77 100 99 159 77 66 27 46 177 182 71 29 30 138 135 42 99 117 190 187 131
145 62 68 17 73 175 161 22 60 19 5 158 6 153 23 39 133 20 153 6 95 63 197 31 20 146 81 99 146 55 171 175 151 74 25 189 44 24 136 73 53 39 59 81 146 3 84 73 135 45 180 128 8 153 191 85 100 171 126 158 28 190 167 149 108 23 128 92 26 179 55 148
63 71 194 199 192 57 19 78 199 155 4 180 170 130 89 30 176 142 81 154 158 13 181 19 199 175 12 104 173 57 7 149 84 84 179 194 19 192 61 148 133 28 154 145 10 192 24 188 160 115 83 186 174 180 149 136 192 31 199 72 185 92 19 19 42 10 187 6 53 54 88 96
20 86 77 56 118 2 149 166 43 162 83 200 106 31 39 134 7 90 116 160 5 71 52 195 143 126 163 23 36 176 93 65 109 134 109 100 149 173 122 78 59 13 74 190 70 169 77 54 129 92 129 13 121 185 49 187 113 65 58 200 191 58 52 91 5 172 86 112 130 155 109 150
138 166 167 161 104 58 56 60 5 181 117 161 191 139 161 166 161 157 15 53 145 183 139 199 156 61 33 142 0 65 41 182 175 144 98 33 119 86 139 99 57 53 102 48 92 199 8 13 199 47 168 123 46 24 129 33 178 170 112 50 89 157 52 139 68 140 105 40 112 171 18 145
128 155 60 195 118 179 111 199 173 35 33 149 119 190 18 26 75 54 143 112 178 140 130 181 19 61 161 92 73 74 122 196 43 106 42 61 115 176 138 126 24 163 124 15 75 163 153 184 10 16 103 54 111 10 66 92 170 0 160 138 28 193 72 168 180 199 182 54 34 99 113 165
169 135 107 126 37 73 141 12 46 161 68 172 42 97 77 129 24 29 143 179 109 179 92 180 151 89 176 122 137 161 73 179 160 117 118 81 129 20 18 177 64 67 31 57 129 32 159 173 118 71 194 149 121 64 14 91 89 99 99 133 141 98 135 89 23 22 135 177 170 108 64 80
159 151 45 90 165 81 41 148 142 94 60 84 115 198 34 68 88 157 34 123 100 169 109 0 50 105 116 192 104 0 18 110 32 25 15 190 19 180 78 20 103 190 39 186 136 171 169 193 102 128 91 83 150 160 197 8 129 10 72 188 141 187 139 84 30 134 12 33 131 185 49 142
193 92 180 81 98 69 199 4 58 116 28 79 61 26 101 26 138 90 96 92 105 189 114 108 41 11 9 52 19 178 35 112 42 29 100 35 66 70 121 101 188 82 169 25 108 73 179 86 85 77 73 3 45 79 67 16 96 84 82 142 35 22 64 27 109 90 66 78 101 46 94 16
113 101 117 40 6 114 15 35 14 65 195 117 197 19 135 153 67 122 101 12 32 178 18 6 46 9 17 20 24 179 176 156 19 29 127 138 178 52 116 92 162 178 161 112 120 182 20 170 172 193 32 87 200 128 153 193 39 75 53 74 125 156 118 96 194 158 62 14 18 50 198 162
140 184 22 75 105 146 11 115 138 143 4 133 146 120 28 128 89 142 185 9 8 101 27 189 144 118 170 85 79 95 38 46 49 1 173 63 22 126 182 63 182 28 18 115 165 6 113 124 49 172 89 126 141 197 67 124 178 140 84 109 186 68 22 17 160 188 191 186 33 146 95 67
76 76 35 194 189 116 150 32 99 93 163 160 102 16 66 125 8 126 153 165 27 28 196 120 156 88 179 160 95 119 60 98 11 136 40 78 32 15 0 48 11 166 189 172 131 73 156 46 84 1 61 49 7 134 54 24 122 115 84 12 89 1 81 87 190 110 15 113 142 185 56 95
40 154 36 159 141 147 47 117 46 21 78 80 197 9 106 169 89 166 141 185 186 43 121 101 197 13 78 156 119 85 104 193 186 175 177 173 31 166 192 197 170 62 74 50 78 178 48 195 176 82 158 168 185 59 75 107 138 105 44 49 127 35 190 56 119 175 152 116 27 94 5 30
6 42 118 64 44 99 146 175 146 199 5 50 190 117 50 50 38 48 144 109 97 141 43 25 123 186 8 179 121 200 46 77 163 181 55 190 156 63 180 4 63 163 44 63 4 96 124 65 149 22 80 109 177 145 196 104 134 193 112 173 196 71 116 148 41 31 16 193 26 72 154 142
36 70 102 112 77 124 93 70 193 137 60 154 70 189 154 178 133 45 43 152 58 124 34 182 25 45 50 142 11 63 8 39 36 193 48 144 80 184 30 103 155 165 192 199 18 105 156 69 101 151 81 165 196 4 35 66 40 163 10 129 84 150 21 40 32 9 35 179 143 140 82 143
141 55 129 184 157 125 25 110 30 144 109 164 167 151 157 175 29 159 53 154 29 135 41 150 66 145 74 193 28 24 6 161 68 82 128 94 54 77 17 8 64 184 159 55 89 127 22 16 92 107 46 106 130 48 198 61 174 137 114 142 137 32 140 126 171 2 148 70 172 75 90 187
119 162 79 66 102 87 52 52 46 76 31 66 170 74 152 140 91 63 13 21 53 17 45 135 132 23 76 134 148 67 17 5 108 113 165 169 158 200 168 51 0 102 51 5 129 149 192 197 44 99 84 86 109 27 149 36 19 185 142 190 22 105 123 130 151 186 123 56 104 104 109 142
105 4 197 91 109 166 92 143 186 42 69 52 137 78 25 98 36 117 66 18 12 25 25 142 150 60 197 69 46 21 60 187 95 177 121 69 67 145 116 22 85 65 58 53 140 138 85 147 80 94 85 7 48 155 80 47 7 138 123 79 178 175 78 166 35 167 181 82 32 109 48 17
8 41 31 152 88 191 105 84 175 63 39 11 177 37 135 5 104 133 178 174 40 45 157 53 10 127 150 81 121 78 133 102 150 97 69 109 3 33 82 23 173 146 97 198 136 78 71 198 125 178 48 88 167 44 81 143 167 5 184 136 125 24 87 110 162 69 181 112 187 0 189 13
1 128 49 39 36 116 6 198 80 185 61 112 88 86 152 114 194 74 8 22 94 87 40 170 94 123 105 198 48 166 10 192 38 107 76 22 80 68 11 54 150 72 39 28 188 55 70 35 119 8 76 199 2 166 123 128 195 181 139 117 40 32 91 32 57 82 115 37 62 152 25 104
13 64 184 176 19 77 163 77 68 72 115 69 129 7 168 95 161 176 104 176 32 176 32 34 131 195 195 121 151 153 91 100 94 190 68 153 31 161 95 35 29 123 140 37 13 136 124 152 55 139 121 196 78 154 147 177 173 90 125 126 182 97 104 106 114 49 121 131 33 134 193 195
183 54 164 72 55 176 71 84 25 80 96 93 198 92 113 58 22 69 23 75 8 51 42 173 72 40 86 104 23 109 14 98 165 65 12 161 183 48 3 115 15 65 115 2 83 83 185 108 27 14 7 120 35 127 178 105 93 107 187 186 123 142 43 68 143 143 146 119 41 138 83 16
91 112 69 154 138 168 99 87 13 145 160 147 12 194 165 93 33 136 84 137 48 144 133 86 64 123 130 23 48 83 69 106 22 59 2 96 83 135 12 14 74 106 122 191 26 136 29 43 27 26 23 3 72 87 116 90 111 163 169 39 148 148 193 181 94 135 17 9 35 96 167 84
81 164 48 2 61 105 142 132 69 73 179 101 125 164 18 37 77 9 32 4 46 99 153 110 37 84 193 42 94 48 68 187 120 168 8 177 117 38 91 111 85 7 55 40 199 43 53 158 132 89 174 125 22 118 84 111 38 184 192 195 36 29 62 86 38 6 110 189 20 0 157 146
106 106 178 136 1 95 186 172 198 98 111 66 32 39 154 2 146 99 57 81 141 46 73 101 112 141 154 72 7 160 148 153 0 90 109 25 128 56 26 86 46 76 147 0 85 81 43 179 190 122 151 197 197 134 165 73 190 158 2 5 8 96 192 96 22 175 112 127 195 37 99 171
131 102 132 153 2 77 92 170 180 190 158 94 188 102 194 196 4 97 41 3 22 142 66 192 67 140 40 165 183 95 41 35 26 109 196 15 165 43 130 137 156 124 178 60 176 11 96 100 173 187 174 180 184 131 139 2 130 143 115 25 10 2 100 40 112 75 69 170 194 118 101 107
92 19 8 182 100 181 176 174 25 5 120 58 15 2 134 95 175 92 10 146 162 90 75 137 110 31 59 71 177 62 115 189 60 61 51 54 156 72 59 20 74 149 79 4 138 199 57 143 35 87 188 3 98 98 76 18 71 23 179 85 27 155 10 102 0 72 36 161 22 193 51 197
53 180 114 163 133 106 58 11 105 79 140 42 181 166 74 121 149 102 88 177 121 9 154 182 175 23 110 200 50 36 129 131 143 59 118 60 99 150 25 60 16 165 130 86 56 30 31 33 103 84 114 155 85 185 12 185 21 49 52 137 71 178 166 178 195 190 121 62 134 54 182 190
131 135 178 102 2 121 108 91 130 194 154 101 115 48 150 174 20 122 142 157 115 146 120 18 120 34 25 89 1 124 36 89 1 86 198 38 74 127 154 150 115 40 195 91 159 184 100 142 189 168 66 61 31 174 125 10 86 124 20 123 168 1 25 131 71 16 118 128 68 26 103 66
90 118 153 145 109 77 7 162 161 10 1 55 104 27 154 107 72 131 164 184 42 130 77 187 182 189 169 142 106 51 35 195 32 107 3 198 133 33 23 42 115 178 73 168 56 91 19 4 149 103 176 112 3 123 98 110 61 54 152 42 198 3 61 98 139 104 113 4 94 118 104 65
