97
53 152 128 19 193 120 82 110 186 77 11 167 52 144 112 150 73 27 130 122 20 115 100 51 83 52 143 123 102 146 27 66 13 46 49 41 151 67 135 199 149 32 82 54 185 188 121 38 187 81 102 154 42 139 16 186 39 9 196 84 136 15 179 144 35 166 152 87 121 142 113 9 142 104 193 14 119 70 68 32 37 21 116 111 58 170 189 99 20 43 42 199 2 167 122 127 173
172 76 69 101 64 199 170 43 197 18 184 128 106 14 62 197 57 14 175 35 38 52 156 73 88 64 194 82 156 67 99 127 122 0 73 180 19 177 143 26 6 97 14 18 123 25 51 195 174 195 16 199 31 184 92 75 83 158 12 17 175 44 64 5 56 89 99 133 176 179 131 116 136 166 190 88 109 64 54 52 118 95 182 89 144 36 122 158 199 59 163 182 144 53 31 152 67
183 183 10 90 16 90 8 158 150 127 135 10 131 57 139 166 187 169 13 45 94 26 177 95 37 112 67 103 150 36 113 8 116 191 156 171 149 70 113 116 142 20 71 109 61 163 132 50 176 155 67 38 112 162 78 159 38 174 142 190 32 173 65 139 34 101 63 157 19 103 50 94 35 158 10 120 105 182 43 189 67 50 82 5 23 31 21 45 80 50 138 184 135 136 141 95 110
57 10 84 113 90 85 60 81 148 82 4 153 11 133 45 124 110 72 169 16 142 45 14 110 171 56 2 124 18 135 195 25 157 149 102 172 85 56 146 0 92 11 183 16 46 113 91 119 105 86 37 24 52 101 126 154 44 75 65 30 173 120 184 50 18 143 63 90 169 164 29 8 108 111 84 162 192 22 193 83 156 61 22 56 195 92 180 125 17 59 132 103 85 132 173 156 62
89 63 12 142 140 97 59 167 143 115 86 102 112 40 33 84 102 103 190 191 18 168 187 118 90 17 174 22 135 32 93 108 133 89 91 56 179 199 133 108 162 66 16 196 83 98 91 50 160 76 161 89 113 95 71 23 174 86 16 53 15 79 14 29 11 59 164 160 8 147 50 34 98 181 74 160 145 118 115 14 160 200 15 5 187 175 9 54 36 140 81 90 4 21 131 40 159
192 170 184 165 31 13 181 79 6 200 178 174 94 194 1 102 66 6 189 194 140 182 107 178 153 81 169 60 4 174 5 80 88 68 181 151 115 120 85 60 183 68 36 62 184 154 62 73 147 14 116 78 25 86 7 54 140 70 32 123 5 155 60 132 26 37 134 111 58 186 132 168 111 69 94 199 35 108 178 103 116 61 145 122 142 38 137 90 80 154 122 145 16 85 157 18 57
55 76 46 2 65 167 5 44 122 163 62 35 2 193 166 93 140 19 139 20 48 149 81 50 150 55 43 53 52 64 88 193 47 22 21 113 63 81 188 33 166 184 129 144 51 67 126 154 191 121 48 121 36 148 142 36 131 180 136 80 80 84 122 141 86 3 38 46 14 69 187 114 150 141 140 156 40 56 150 115 123 85 196 70 127 58 24 30 200 197 104 28 146 188 168 15 63
83 109 98 142 59 134 196 116 40 16 84 141 181 0 50 173 82 191 95 34 153 61 91 158 8 76 107 108 180 169 96 16 109 28 128 76 106 11 70 118 33 70 115 190 44 198 154 160 17 96 97 56 66 15 30 172 175 84 116 195 190 79 53 177 176 4 186 55 191 167 41 94 2 59 49 8 173 77 40 6 87 89 130 135 43 52 125 111 1 8 87 13 48 83 32 1 192
83 187 84 127 14 125 46 79 70 15 25 98 100 172 120 117 120 30 160 13 87 102 62 104 150 126 128 92 10 108 168 54 106 78 162 104 179 199 140 101 22 108 102 101 32 192 56 107 19 28 153 51 126 74 14 54 173 194 155 66 180 80 130 23 61 88 184 23 5 194 19 131 166 177 15 181 92 59 156 200 121 34 172 153 65 145 66 171 158 130 112 134 169 137 46 22 144
30 79 3 68 127 52 101 12 3 62 144 66 11 98 84 58 74 193 67 23 23 37 198 127 68 180 7 4 117 53 163 10 123 69 126 81 82 55 180 55 128 194 76 55 143 179 176 129 6 152 11 20 156 17 71 188 139 21 16 104 29 9 83 31 136 92 161 19 178 145 12 173 175 191 156 28 22 118 50 101 110 82 84 180 31 42 145 137 60 154 82 93 55 52 86 160 122
58 120 196 65 70 41 93 93 171 151 117 15 190 8 165 51 124 60 176 30 59 14 1 75 178 141 161 200 6 197 135 73 174 146 192 10 103 111 1 163 87 145 20 99 169 28 73 30 156 178 41 108 42 35 188 80 176 171 182 178 66 184 92 100 122 80 71 79 42 79 107 78 157 3 82 177 0 104 114 26 70 3 140 27 101 54 153 197 180 143 143 30 16 50 148 183 100
87 77 183 117 131 89 117 32 131 125 144 126 85 95 64 85 194 179 128 28 79 42 79 158 175 178 132 122 197 162 59 36 90 56 11 90 69 58 132 93 129 69 137 173 38 163 178 86 197 155 102 184 123 109 191 89 61 98 110 49 79 198 197 114 145 199 80 6 156 6 174 59 68 108 71 38 140 7 151 163 124 78 123 27 72 199 177 181 191 92 92 196 46 76 42 44 168
192 13 161 61 180 132 31 158 163 170 159 141 16 9 75 96 194 97 116 199 168 185 136 67 29 111 80 99 175 168 42 32 15 16 41 188 45 79 159 137 176 178 70 12 5 78 185 194 123 21 87 110 3 49 72 94 144 11 17 17 75 74 125 114 38 9 110 175 8 90 77 12 79 111 125 73 21 49 64 3 122 163 135 66 69 15 183 130 66 57 31 84 106 151 17 108 134
33 94 192 77 156 165 138 21 7 9 131 105 118 38 119 104 54 135 47 78 67 92 101 150 170 10 148 139 106 102 24 92 186 63 187 78 41 29 63 186 199 172 4 80 183 142 65 64 140 192 191 12 114 66 89 101 59 157 94 95 78 157 189 165 170 21 99 107 62 91 58 43 74 168 186 103 127 12 163 139 101 77 14 182 45 158 142 1 167 112 96 185 188 100 94 148 49
186 115 111 175 150 173 43 167 41 69 147 56 5 4 193 147 169 24 161 72 45 190 34 41 95 172 97 101 104 132 62 174 200 198 137 2 128 181 64 36 95 155 16 19 55 49 165 1 109 63 140 96 157 59 31 200 20 134 183 157 192 191 1 12 178 65 68 20 163 136 72 16 40 80 92 105 174 171 101 190 45 87 50 75 108 175 98 72 86 83 84 158 165 118 181 107 59
30 168 128 9 172 163 42 121 190 79 70 186 30 187 11 103 58 137 30 79 4 134 167 111 24 101 159 8 76 53 53 192 164 173 69 42 198 122 156 29 146 159 75 194 188 105 141 96 138 128 1 80 9 114 49 94 173 5 75 180 152 175 32 166 98 39 128 144 24 10 119 85 195 107 93 150 156 143 7 95 49 118 92 138 49 132 126 62 199 53 142 49 158 198 176 62 118
18 138 141 191 143 8 200 199 42 60 33 15 0 197 134 100 141 197 120 54 194 127 147 31 157 144 28 18 178 99 27 160 68 190 38 116 197 129 29 134 130 46 16 29 85 170 137 187 198 156 126 53 113 150 29 57 128 171 124 112 109 39 170 122 143 111 156 171 120 23 42 176 106 45 198 14 72 73 22 49 68 192 17 51 126 94 86 198 6 93 61 31 74 134 159 84 123
190 129 116 80 34 163 29 170 39 83 161 168 81 55 61 4 177 123 149 28 36 128 59 199 116 196 192 117 78 71 72 188 102 69 16 39 155 30 125 100 10 137 88 15 107 43 23 25 161 40 95 181 67 151 33 93 94 196 123 80 113 147 116 198 67 110 184 0 85 118 193 196 143 197 196 37 142 173 16 188 58 28 45 158 179 14 101 134 95 83 117 53 152 51 64 32 199
178 47 176 85 14 4 179 155 167 13 130 43 112 179 108 176 21 44 58 31 63 97 121 9 23 81 198 58 28 175 142 23 49 55 53 126 175 1 169 13 37 38 39 177 20 134 128 127 157 156 39 38 30 44 122 47 180 152 62 18 112 73 193 89 176 171 77 163 104 93 199 63 59 23 47 149 21 36 113 158 62 20 49 141 173 142 46 74 195 187 84 27 152 37 69 49 153
89 188 108 196 96 46 49 146 186 62 2 158 111 82 28 80 69 51 179 102 169 83 146 118 99 185 115 96 168 167 2 87 32 24 48 38 63 165 29 169 154 184 163 108 184 154 191 43 182 153 51 94 183 88 14 178 128 13 36 149 39 194 23 113 1 6 106 90 114 108 177 90 200 49 98 153 14 92 113 10 111 65 59 58 20 40 71 109 197 184 138 114 69 63 56 183 100
158 29 6 35 126 52 56 182 116 170 197 80 8 72 165 197 100 9 54 44 74 10 148 75 12 69 174 157 170 15 195 130 36 189 2 20 61 193 101 93 118 42 4 80 46 54 72 5 13 151 149 154 42 146 66 143 118 159 95 154 44 162 71 171 66 58 181 178 194 101 174 12 80 50 9 59 9 41 73 15 16 2 174 178 181 15 113 131 119 110 6 40 144 193 63 115 52
172 31 57 73 7 69 23 17 189 200 112 2 92 157 54 38 179 36 116 56 184 85 18 165 159 80 168 111 17 198 165 144 94 154 113 18 168 140 130 125 166 95 50 82 140 117 115 29 143 16 9 9 55 61 139 90 57 91 192 133 176 134 68 31 129 69 51 85 181 157 34 68 116 85 131 117 85 36 8 64 180 174 186 54 105 149 38 164 163 36 154 52 127 163 60 97 15
139 121 166 134 84 145 52 155 100 48 161 78 140 8 52 119 23 38 24 3 22 14 82 62 151 133 53 47 94 35 121 143 75 65 151 147 150 109 21 100 56 123 82 83 107 43 13 161 194 37 26 41 112 184 62 57 18 81 7 72 28 153 180 199 146 55 41 153 102 60 165 73 179 29 159 152 41 130 34 88 56 170 106 108 144 149 62 27 107 19 58 151 98 151 137 191 59
10 83 19 50 99 161 25 29 187 81 195 118 174 66 142 14 69 156 197 54 104 12 100 136 156 10 84 100 34 178 122 105 168 84 167 102 70 184 139 119 56 0 162 7 88 161 179 133 103 166 68 21 141 140 65 97 200 152 76 156 51 4 80 98 178 62 98 170 166 158 14 155 120 192 152 91 152 132 100 8 195 95 16 40 53 33 193 198 40 132 161 169 175 85 172 172 61
16 146 102 88 193 61 54 58 74 60 112 36 36 160 104 45 100 39 5 170 9 163 107 12 71 54 113 37 96 131 122 127 102 26 138 33 142 38 78 24 13 138 191 39 183 131 125 182 107 98 173 9 197 183 117 112 3 154 79 129 89 105 145 94 39 33 186 197 96 164 138 42 92 197 40 157 80 5 155 77 17 46 12 101 48 185 28 8 29 143 89 34 3 12 85 199 18
185 1 68 80 114 135 110 191 11 39 145 6 137 2 17 49 50 40 166 41 81 188 192 114 156 9 87 125 107 161 160 183 189 69 21 150 135 145 37 135 137 142 71 187 56 188 6 47 167 32 77 179 56 68 88 42 88 70 168 10 61 196 119 163 20 89 183 44 144 65 4 148 69 172 91 100 149 116 188 0 160 75 19 121 45 126 157 164 178 154 114 99 19 170 5 79 99
172 64 188 74 153 54 37 34 156 35 3 39 165 149 98 19 108 165 157 188 59 8 187 157 181 39 196 88 44 198 94 104 58 33 171 173 85 106 100 131 87 53 42 174 72 171 0 113 183 153 14 6 9 78 146 143 164 37 125 73 192 188 136 3 162 194 95 151 95 51 171 80 119 161 31 46 4 98 36 175 199 38 65 148 178 36 51 28 167 6 97 78 161 194 70 179 154
15 111 140 148 195 145 27 21 190 3 199 128 19 114 147 150 99 168 72 71 100 140 172 7 10 123 128 155 188 164 88 151 161 171 60 61 31 19 176 137 98 173 162 92 26 89 88 26 34 185 173 19 178 161 124 197 131 59 176 16 23 42 101 30 196 95 79 25 143 158 90 135 27 179 145 60 116 161 156 146 182 75 13 169 142 179 142 38 167 13 169 120 152 166 193 154 41
76 93 158 106 72 41 70 49 189 168 144 53 182 62 41 44 156 185 138 99 47 172 0 69 172 131 195 0 80 161 172 60 188 141 122 171 189 60 119 62 67 85 91 65 185 143 25 141 59 102 125 104 154 104 75 3 134 85 164 104 95 54 90 14 147 47 179 163 154 83 12 100 20 29 42 143 91 67 107 147 57 113 186 198 90 13 141 73 69 12 71 134 22 74 7 41 110
159 161 121 32 20 76 189 127 108 129 35 18 82 55 65 157 41 111 126 55 6 130 197 0 79 149 126 1 150 174 191 149 85 34 141 15 6 133 200 181 153 133 31 90 82 183 176 70 38 39 139 80 188 53 84 39 139 91 51 88 75 190 58 67 174 189 195 149 51 171 63 39 193 158 190 165 175 170 82 139 164 37 71 149 106 44 27 141 167 153 177 17 141 64 81 120 61
179 117 192 138 89 168 185 157 199 44 182 110 94 19 185 166 56 57 175 87 9 0 54 177 38 89 190 26 42 74 77 48 56 191 48 186 191 11 100 10 168 142 5 37 129 60 104 66 174 66 189 27 148 142 183 100 131 114 93 37 14 133 24 91 155 60 32 119 9 8 98 16 73 155 37 189 22 105 48 154 53 52 188 123 121 37 33 128 164 142 181 57 56 86 64 12 192
192 132 19 102 195 62 176 36 42 156 139 165 160 134 126 12 70 63 195 22 160 51 189 53 140 20 158 190 132 108 20 65 147 107 129 93 170 96 21 21 71 123 103 188 89 148 163 155 111 28 11 191 27 91 179 53 133 200 81 169 161 172 99 156 168 114 11 59 64 150 3 31 9 57 61 160 58 22 73 95 7 18 136 35 150 125 169 13 11 196 131 50 14 55 94 153 114
182 121 38 92 176 123 46 62 168 192 57 38 32 165 168 183 7 79 59 88 35 154 57 86 178 119 9 27 49 121 30 82 120 36 9 36 81 187 5 156 46 134 170 197 199 162 33 107 45 16 146 76 185 63 105 14 33 198 13 193 26 119 44 53 133 31 164 168 114 164 17 9 171 197 18 29 130 193 131 124 122 37 107 79 138 116 60 172 33 133 199 181 93 196 92 186 9
23 46 172 58 30 82 114 186 29 85 190 99 30 30 7 200 21 187 150 154 112 192 74 54 109 183 47 147 24 158 127 79 180 195 74 1 121 77 150 15 156 1 6 135 21 21 61 139 137 34 103 58 105 122 35 75 28 112 123 35 17 145 70 103 69 28 103 15 33 40 200 135 69 120 124 82 143 72 128 85 92 149 141 30 195 95 78 124 181 6 70 178 96 43 75 57 123
177 149 9 165 71 3 130 3 83 120 32 90 16 53 76 46 55 31 176 180 114 81 189 59 34 155 168 178 173 102 44 133 38 82 106 16 110 25 198 49 131 113 13 94 102 45 123 120 169 59 35 74 85 83 94 15 67 90 20 89 23 110 37 88 175 131 109 95 15 56 177 107 200 13 193 82 185 1 47 65 121 50 51 167 190 149 93 60 72 165 160 8 73 2 76 15 64
179 172 133 191 113 72 106 162 65 47 6 126 20 177 12 114 200 15 114 157 53 171 41 2 11 116 135 83 26 17 7 129 193 87 94 189 25 156 19 174 39 50 77 74 125 104 119 77 119 14 169 63 142 45 173 11 30 43 84 4 187 78 101 45 125 66 101 17 46 93 124 194 32 15 67 88 63 35 180 3 117 152 164 48 50 20 8 192 158 83 129 194 162 37 137 189 184
181 183 90 52 50 179 41 96 174 4 88 140 11 44 65 153 102 182 89 16 13 83 5 29 129 180 107 69 73 77 44 162 24 160 56 162 26 23 167 157 48 56 177 70 103 63 147 181 190 66 12 136 148 60 87 83 44 126 163 143 21 7 90 176 12 157 143 176 191 85 111 92 36 192 191 139 133 109 153 142 32 200 66 47 19 88 158 50 71 191 66 126 59 164 145 156 157
125 77 110 194 87 172 84 163 77 199 197 162 190 106 142 89 72 131 186 125 27 150 161 80 161 82 9 7 54 189 116 123 150 103 163 143 57 91 168 100 159 32 109 56 118 195 24 22 44 126 170 55 110 181 58 127 44 114 148 160 144 37 16 7 98 87 179 14 199 133 126 185 90 32 187 49 178 160 107 172 66 187 85 53 53 58 43 71 93 118 65 51 47 133 123 191 79
177 183 186 28 52 197 45 28 188 185 129 154 53 102 173 156 180 186 163 166 19 121 181 136 33 175 111 88 81 80 47 159 89 129 189 98 165 177 1 137 72 93 13 165 123 24 82 8 173 200 159 184 154 41 187 117 170 71 154 1 144 149 15 51 69 11 103 52 14 113 155 129 131 116 102 143 178 63 0 147 191 86 83 39 166 19 187 139 130 148 39 86 63 42 16 4 139
162 158 168 26 157 173 184 162 55 39 167 25 2 138 3 38 108 78 48 113 19 41 87 12 193 76 51 155 105 169 171 101 24 70 97 90 78 69 77 149 29 20 99 150 111 25 50 9 101 133 102 150 100 45 13 182 181 121 144 46 179 21 53 191 38 158 74 0 56 197 169 129 50 127 98 197 105 164 64 35 64 166 156 145 5 3 140 146 30 71 78 35 163 63 85 74 136
155 154 141 15 146 30 110 78 144 173 30 85 194 166 79 18 43 130 50 129 116 52 179 106 143 129 66 41 38 21 3 19 53 78 15 156 187 50 16 197 99 58 32 149 155 111 162 49 89 153 138 78 187 171 74 12 162 118 92 164 66 59 164 79 143 75 184 170 198 27 72 179 196 31 153 161 147 19 15 28 42 2 160 34 44 40 70 131 97 59 90 143 7 101 155 111 11
84 72 5 71 67 76 50 68 95 103 6 200 86 23 137 129 200 77 45 119 139 9 34 65 113 142 147 53 196 13 137 169 61 9 170 99 84 120 184 35 149 26 146 59 191 118 88 28 106 150 178 138 68 5 198 168 159 134 30 71 48 163 24 97 200 19 146 158 131 144 148 104 59 124 166 80 50 101 17 181 49 44 54 165 92 38 34 53 52 144 194 3 148 33 124 59 149
158 101 62 54 178 191 160 74 89 195 193 152 112 81 7 91 33 101 130 41 146 34 61 180 40 105 45 180 176 67 134 172 112 188 40 125 174 81 121 29 92 107 146 24 134 86 51 170 93 178 83 184 115 67 128 122 150 71 45 32 45 162 178 184 184 144 102 141 141 132 137 24 142 156 16 41 69 182 157 103 177 137 140 195 4 75 92 105 168 61 6 43 76 65 155 39 196
182 24 91 172 34 113 28 153 137 163 148 145 170 134 138 43 8 53 111 24 143 143 67 4 1 174 125 157 141 125 163 195 71 150 25 178 196 99 39 83 105 112 42 145 85 50 117 170 117 88 41 72 12 129 40 32 131 128 181 116 80 17 3 94 164 40 87 106 2 133 160 163 11 134 189 94 131 60 119 154 51 124 141 44 126 59 88 184 198 140 25 32 64 145 31 185 63
113 60 61 126 198 42 109 156 24 57 61 45 183 137 59 97 6 35 14 140 12 9 45 196 64 67 150 24 96 170 69 95 40 128 3 38 150 179 10 200 55 113 65 143 89 32 113 78 162 90 106 13 46 22 63 152 97 29 121 113 76 187 97 25 38 30 133 53 123 192 119 200 12 149 130 101 134 149 153 18 133 101 175 131 120 137 42 163 123 106 187 96 100 104 52 179 1
117 46 143 24 80 148 18 122 16 36 47 199 187 54 105 1 83 118 176 17 89 168 129 79 143 13 16 5 95 84 144 30 23 67 43 199 112 145 166 77 130 179 78 124 171 79 108 106 62 130 140 171 120 177 9 161 133 90 72 7 41 25 11 57 84 186 70 167 185 153 116 196 198 30 47 5 193 159 20 194 167 141 182 36 81 104 92 47 160 32 178 48 121 127 155 161 55
114 174 94 54 175 104 196 91 137 116 61 137 121 117 5 69 85 125 171 171 56 18 171 188 115 129 43 56 61 24 87 14 110 131 145 105 199 58 168 85 114 171 67 61 102 19 20 92 86 61 52 29 7 69 179 75 160 167 93 127 192 171 152 160 85 5 101 13 183 123 59 65 9 54 151 117 87 129 52 52 72 162 59 136 92 172 74 77 91 25 100 137 119 121 65 136 47
27 87 18 83 143 185 89 112 102 131 6 189 137 55 3 91 143 90 53 104 186 32 114 24 155 70 94 35 174 49 118 168 66 90 42 117 195 51 32 80 36 89 134 21 149 35 10 87 52 196 75 71 6 154 185 18 159 150 42 17 162 87 69 4 119 8 138 159 154 133 133 198 29 30 33 48 26 76 11 129 86 78 192 148 124 133 4 6 161 144 191 22 88 50 60 36 92
42 135 7 179 14 122 146 194 56 155 125 125 130 4 60 101 200 116 1 148 162 158 44 45 198 78 150 7 155 112 33 76 179 114 133 167 196 184 114 137 143 51 93 155 165 140 99 134 90 72 183 10 32 44 101 44 65 32 46 150 105 21 195 162 84 184 25 137 6 17 32 138 10 156 189 40 73 139 78 157 11 124 186 79 194 17 87 158 112 125 29 62 89 79 65 159 28
131 19 121 33 88 76 138 151 34 36 45 107 11 97 8 6 137 125 81 72 7 172 115 23 33 120 127 56 24 106 192 178 94 150 154 29 117 103 40 131 59 135 155 193 111 26 193 107 141 36 194 16 138 164 176 152 160 81 104 183 178 195 54 61 45 197 81 31 146 200 11 95 14 39 0 151 68 141 45 55 106 120 31 12 162 90 18 39 79 88 104 1 70 49 154 8 197
130 159 133 154 155 29 78 109 125 110 20 36 29 122 88 175 8 57 16 134 77 53 58 7 8 6 79 112 180 172 148 142 125 115 55 94 46 155 108 154 123 71 160 99 64 178 180 124 36 106 186 178 83 181 48 173 190 56 50 8 93 85 91 15 65 84 53 123 130 196 87 126 187 104 108 145 12 147 17 48 88 196 190 143 158 44 17 77 151 128 196 26 155 130 193 88 100
169 86 99 120 121 39 59 18 77 23 110 8 104 55 111 143 81 59 156 144 4 191 32 180 148 113 179 144 41 83 118 53 149 98 31 0 165 135 6 60 145 67 134 170 158 97 39 71 172 198 94 73 41 52 117 116 99 91 59 90 106 102 83 92 165 169 121 47 152 138 47 130 109 34 124 168 41 57 78 37 81 171 139 136 61 191 156 75 195 11 23 5 108 13 131 128 52
76 25 112 10 4 109 161 96 10 42 199 72 144 40 131 170 111 54 175 30 161 44 87 28 52 17 198 58 50 133 53 6 5 191 97 21 17 123 136 25 94 14 190 154 8 127 178 163 28 20 31 87 135 77 13 66 95 191 96 171 108 117 128 163 135 198 44 116 197 49 66 101 64 40 49 46 8 100 178 122 26 152 104 57 51 17 80 59 112 184 16 57 184 120 157 160 131
8 5 124 176 171 95 63 192 98 1 113 48 161 128 42 81 173 107 68 199 136 74 39 191 45 137 160 109 108 79 2 13 17 89 138 166 168 13 162 169 134 174 198 80 71 101 76 95 157 200 1 166 40 169 140 68 74 59 172 75 120 82 120 160 42 126 0 92 54 45 10 47 65 37 123 109 132 158 167 60 45 197 49 68 149 183 185 13 117 42 124 71 156 17 120 167 85
135 120 5 152 114 102 155 122 50 124 47 123 78 43 76 124 68 137 46 86 186 184 149 46 133 122 11 27 117 167 47 64 182 56 27 103 120 128 158 10 156 146 118 183 2 128 88 154 62 52 25 97 197 21 32 36 167 55 130 156 155 121 112 53 19 80 33 141 74 71 90 16 172 72 46 158 152 120 27 26 32 159 96 125 10 130 129 164 157 131 31 2 92 19 9 119 182
162 15 117 142 189 30 151 24 26 135 18 11 113 154 62 15 145 100 104 106 146 17 72 74 178 96 89 151 133 49 162 80 146 65 120 55 162 15 162 26 97 129 162 90 22 172 2 179 107 35 96 132 78 121 71 86 139 98 101 109 63 158 148 196 116 58 25 127 105 124 59 100 108 88 182 76 18 141 32 42 126 197 97 113 90 164 116 88 113 135 69 175 145 52 92 193 24
141 120 109 103 81 55 115 22 158 187 10 67 142 80 40 131 75 193 156 1 6 163 163 88 104 192 118 19 107 14 174 167 57 44 88 191 51 79 129 8 163 47 87 195 41 42 76 48 7 108 197 167 60 59 178 200 118 6 158 174 32 124 192 87 23 33 190 61 153 33 79 94 145 54 105 121 188 114 144 66 159 129 66 188 175 106 38 126 40 147 44 120 20 162 101 129 191
47 105 129 87 172 90 8 121 173 137 153 117 191 76 132 160 2 93 153 147 56 25 102 64 47 94 69 196 106 167 162 4 54 166 128 189 6 6 5 187 168 156 95 134 117 119 55 187 1 16 78 38 26 197 127 70 180 81 109 85 186 150 130 83 192 24 134 105 79 27 109 167 65 195 49 162 163 87 177 50 6 63 140 71 24 80 113 9 10 176 16 7 131 36 81 145 166
44 10 193 29 52 50 137 46 189 113 85 20 160 166 87 101 91 155 40 65 58 85 126 1 101 99 157 116 2 105 186 61 29 200 174 126 118 64 91 75 104 0 83 82 124 149 60 145 65 16 153 20 114 180 194 92 21 187 157 166 92 154 101 199 141 11 49 104 92 127 49 51 32 72 172 76 10 181 126 190 185 173 89 115 154 175 114 139 166 37 29 10 125 98 78 142 103
143 120 139 131 15 163 15 59 79 106 162 140 68 137 84 158 189 101 107 198 20 187 91 134 109 25 88 37 50 73 99 64 18 123 110 94 148 197 199 89 69 92 173 57 67 196 11 9 11 182 69 61 27 59 118 173 56 98 17 55 43 89 54 184 48 33 81 128 76 85 9 27 155 129 112 175 51 169 183 190 199 24 89 182 195 66 186 79 143 14 194 195 7 189 164 99 166
111 19 187 102 134 47 76 125 190 198 183 155 37 164 95 121 105 32 167 153 142 163 150 68 74 31 51 29 99 13 143 28 45 154 119 199 152 147 24 55 112 73 22 28 76 60 74 155 87 102 112 84 65 9 49 31 35 81 174 66 61 23 157 186 160 79 4 177 145 188 46 56 83 175 159 174 67 171 176 184 23 16 2 83 170 40 6 129 106 185 175 137 38 25 94 148 174
162 89 196 121 186 53 57 37 98 105 184 31 175 172 84 76 175 176 35 43 94 182 0 42 13 111 127 100 9 126 164 188 74 97 153 183 148 47 112 32 94 132 62 127 88 70 142 173 39 139 130 136 9 153 137 96 133 88 105 51 98 167 92 20 14 3 71 159 86 178 195 59 17 186 89 77 9 81 20 144 198 171 152 195 163 162 137 130 175 41 68 47 102 118 26 80 192
24 91 48 175 129 25 84 195 35 185 156 125 172 155 106 14 161 137 119 15 83 57 164 56 43 178 186 14 183 21 70 27 143 104 44 190 134 198 112 18 38 56 185 114 57 67 197 128 20 37 167 186 136 16 143 145 111 128 85 188 146 167 142 56 27 66 187 200 69 62 5 11 138 143 71 169 64 17 104 60 102 15 81 111 114 111 81 29 137 119 127 55 5 186 122 172 114
49 13 96 128 127 72 24 135 68 45 145 87 153 53 169 133 64 170 98 91 140 54 170 131 195 96 71 199 199 77 34 84 17 100 21 178 158 22 87 83 66 39 169 93 37 66 162 68 41 178 186 27 101 117 59 200 62 187 4 195 163 73 169 17 92 99 124 153 17 72 115 111 91 157 96 130 130 65 25 185 157 14 30 40 178 112 101 141 47 135 26 167 6 89 6 46 4
126 21 97 45 108 155 110 12 25 111 81 119 178 98 133 169 113 14 124 44 169 24 85 105 102 195 117 125 93 168 49 30 76 111 190 25 14 44 122 120 143 9 46 98 83 39 82 32 18 112 61 143 89 23 137 4 9 24 27 56 141 111 197 136 92 157 93 198 55 73 95 41 142 11 22 34 167 139 15 65 136 151 18 180 137 99 50 103 63 21 86 82 199 189 10 79 144
56 169 40 187 75 31 40 164 157 160 95 151 139 179 109 131 142 128 21 115 32 126 185 81 19 19 58 74 175 181 186 198 82 160 39 73 14 63 17 89 120 49 29 142 161 114 81 101 144 32 199 20 93 182 153 1 186 187 35 154 112 176 121 122 91 60 199 109 160 78 58 190 88 105 34 80 25 3 112 11 152 18 85 116 127 102 108 13 36 27 145 84 98 159 166 64 45
40 123 120 81 53 17 5 17 147 67 16 198 117 107 100 107 36 90 39 134 40 91 198 138 189 141 61 109 165 196 30 37 89 5 135 75 35 200 148 93 89 20 61 28 33 66 59 126 200 94 75 3 1 182 94 22 102 100 8 140 139 152 85 54 113 137 126 8 38 139 196 10 59 169 106 46 46 23 85 117 83 56 116 154 87 107 182 141 99 72 59 67 44 24 32 13 32
71 24 89 67 50 53 6 135 167 17 146 170 12 35 12 132 109 81 60 110 112 171 66 111 194 22 134 65 60 182 23 0 185 57 38 123 34 118 164 16 142 145 91 140 55 156 154 30 12 38 62 139 147 106 141 40 70 192 74 95 88 159 19 84 113 65 46 110 82 65 149 178 127 21 7 70 188 102 155 75 108 107 48 118 0 27 98 94 188 123 128 152 20 97 61 166 14
181 94 52 148 104 41 165 176 192 38 69 186 174 143 157 149 34 191 66 6 76 46 56 60 2 54 57 81 53 169 117 35 19 147 27 55 86 45 46 63 119 186 77 167 82 80 124 145 94 130 52 48 69 36 13 100 42 14 190 121 118 189 82 90 56 55 121 5 47 147 145 141 117 16 163 183 89 35 10 187 61 89 20 158 188 71 131 6 102 200 69 82 38 125 62 44 188
92 117 191 73 96 86 30 38 185 170 182 82 156 121 39 116 82 151 31 134 65 167 173 154 142 8 190 34 126 86 61 195 200 3 148 103 153 47 168 122 22 188 151 189 36 82 167 171 41 4 89 36 186 183 6 153 134 159 29 26 13 74 84 0 63 112 176 70 106 76 86 122 164 116 76 164 41 59 0 192 200 126 85 183 101 161 5 22 176 70 22 6 162 61 42 31 129
79 164 64 26 117 199 118 142 139 82 75 139 5 47 85 144 72 55 60 59 104 104 145 93 59 170 7 190 166 31 108 30 81 172 30 95 45 67 19 94 168 63 21 170 167 132 48 89 148 7 51 11 124 36 183 147 140 3 111 101 86 25 44 88 177 188 99 94 142 45 80 96 138 199 119 168 63 35 90 180 176 73 191 30 15 38 60 47 109 94 119 72 139 130 64 12 38
132 20 142 124 193 70 162 117 19 138 102 46 0 1 40 198 66 38 68 183 69 149 179 134 28 56 166 171 61 67 20 196 14 9 79 117 186 96 85 177 110 169 86 129 43 85 177 159 23 185 72 16 161 14 124 67 174 161 67 126 53 51 189 78 113 114 176 51 160 120 5 78 82 140 138 189 117 62 194 59 129 72 127 80 168 28 44 182 113 65 131 92 49 93 149 116 24
76 177 95 96 156 70 27 77 174 59 111 136 62 37 7 132 182 178 141 79 193 14 147 49 128 199 57 181 177 7 16 149 115 48 0 179 2 62 58 63 136 31 144 34 116 43 103 20 119 164 43 64 78 6 60 70 78 41 152 117 102 34 63 185 28 163 54 49 141 128 91 178 168 93 86 58 93 193 20 146 169 44 159 1 36 160 29 150 189 108 172 66 167 125 150 3 194
36 50 123 32 161 179 55 140 30 163 45 118 45 101 22 78 153 79 69 198 19 117 3 186 51 86 36 153 3 166 140 87 18 157 137 11 168 183 160 85 84 126 64 114 179 101 159 122 33 64 159 91 82 68 11 6 174 31 133 137 200 137 117 1 115 137 174 109 116 114 189 7 106 153 114 112 37 123 160 24 166 134 118 137 165 147 131 117 100 124 196 99 112 6 113 45 63
113 133 14 13 144 25 121 122 55 152 144 166 40 20 121 58 9 68 14 191 60 78 139 176 88 127 49 101 19 166 137 183 70 60 183 78 91 196 27 184 61 6 179 181 182 114 70 59 33 2 105 35 117 11 34 39 166 31 113 47 87 165 15 109 33 162 7 157 137 154 139 73 89 117 190 132 49 103 187 40 104 58 146 138 85 66 126 51 144 27 76 64 106 33 199 145 192
54 162 116 144 85 100 79 195 18 165 45 87 198 133 75 112 173 17 137 121 18 92 45 130 154 8 183 12 62 153 184 88 81 171 22 135 11 107 19 9 120 186 65 17 5 65 88 182 153 9 89 60 196 176 137 77 24 40 174 29 59 156 161 161 83 196 153 108 189 31 93 37 100 159 159 0 130 33 44 155 30 184 78 135 165 57 75 68 5 65 107 95 145 38 78 14 87
198 58 133 27 192 148 106 123 96 48 118 103 162 177 82 45 34 97 124 156 174 185 75 88 166 121 55 3 159 188 24 83 168 130 141 179 109 76 27 81 2 6 143 18 150 167 30 80 80 131 178 41 119 102 146 77 98 36 51 91 155 136 71 181 49 26 192 191 153 11 200 39 132 159 80 19 154 167 27 101 33 120 124 129 71 33 198 188 42 46 82 121 25 149 70 55 13
3 62 102 180 45 129 172 68 79 168 47 16 127 193 25 155 134 182 41 157 50 109 157 160 149 61 26 94 153 16 100 154 155 197 122 119 56 139 166 41 152 57 14 122 144 147 29 182 45 160 82 150 102 136 19 43 190 107 20 182 90 4 129 134 149 39 39 105 98 107 94 60 83 48 90 157 16 61 194 33 90 181 186 82 101 154 74 151 136 2 147 48 51 174 155 179 139
78 29 123 19 116 13 46 128 146 81 12 55 198 182 32 64 104 31 94 132 26 114 65 100 40 136 150 64 18 94 200 52 142 120 161 80 70 59 19 109 139 71 18 58 143 104 175 129 88 172 35 169 6 74 195 13 129 76 153 104 197 122 112 126 103 127 51 37 104 46 171 174 197 87 44 126 48 134 167 23 49 194 175 106 82 66 191 0 75 82 4 106 173 198 176 31 64
127 148 28 37 176 76 177 98 29 71 54 114 51 124 72 76 77 165 65 154 56 164 44 117 146 184 33 26 127 141 128 183 96 190 139 33 173 148 103 69 186 68 47 19 97 114 19 91 112 94 125 188 62 166 32 144 11 59 193 23 52 169 9 55 89 43 112 157 158 14 90 177 171 13 1 116 154 113 183 162 30 187 171 179 191 14 128 72 48 20 38 46 106 59 96 46 157
120 49 199 138 75 103 168 75 129 153 115 99 31 2 176 68 143 63 61 180 148 190 193 36 166 83 41 190 16 95 157 128 10 64 138 16 170 109 36 107 68 185 31 151 0 22 168 148 77 11 118 7 150 120 137 45 123 122 8 150 118 75 165 25 106 100 97 95 95 68 135 177 43 52 91 9 197 16 136 147 146 12 81 179 129 13 119 93 93 87 88 8 68 28 188 41 173
125 109 5 175 103 113 111 44 6 24 186 2 110 26 165 144 155 77 138 189 198 70 10 61 65 56 125 170 148 166 176 62 118 24 51 66 65 197 189 74 14 19 200 116 176 144 53 190 155 18 92 83 110 16 95 97 40 0 147 77 73 34 147 185 138 127 172 109 200 15 61 89 54 146 116 115 159 153 81 144 65 89 114 156 43 120 51 125 119 113 19 128 104 93 82 159 91
157 93 42 148 49 141 51 193 189 153 39 200 59 126 126 73 106 30 89 172 71 177 107 98 85 121 147 8 197 123 141 97 186 70 165 148 183 81 47 178 15 198 42 175 160 176 73 138 100 73 41 34 104 132 162 11 129 164 70 158 154 176 53 144 125 195 132 11 33 24 123 119 188 130 29 114 174 11 165 68 85 197 162 36 78 167 193 167 198 116 68 87 45 191 71 118 162
52 161 58 16 90 168 159 164 153 70 125 142 141 85 162 53 10 181 149 121 9 116 177 135 113 183 30 65 57 24 199 153 2 9 141 15 34 23 185 124 187 157 36 121 193 15 79 161 12 10 191 146 59 174 157 133 145 136 89 87 139 178 170 197 111 30 13 115 168 199 94 146 69 93 118 39 36 94 125 116 5 143 58 190 180 25 103 127 175 58 134 5 87 66 46 27 162
60 104 72 80 29 96 171 106 96 78 30 193 150 118 187 57 119 118 104 146 183 165 89 168 164 12 5 199 193 175 67 70 150 41 115 24 67 40 159 17 70 70 200 175 134 105 98 147 158 13 86 42 123 20 195 192 134 113 79 26 68 130 198 22 22 99 198 124 48 38 95 30 159 21 189 102 4 194 98 104 36 94 128 24 151 174 119 196 36 113 75 2 113 44 23 7 84
131 91 191 133 169 124 66 160 3 162 75 127 116 129 89 87 40 129 10 132 179 77 121 53 52 108 134 14 174 3 129 10 24 91 158 26 135 142 73 63 156 100 138 132 122 56 52 155 11 55 148 137 1 45 7 196 115 66 64 65 117 167 171 0 84 80 123 9 135 51 152 151 121 50 155 153 148 124 178 193 100 106 62 118 56 175 55 133 57 57 40 178 197 69 40 131 63
129 11 117 131 68 169 185 10 146 134 68 122 114 142 118 37 86 120 3 33 44 26 44 177 145 96 182 115 65 141 185 131 80 105 63 127 190 4 131 10 159 26 170 91 87 176 161 134 96 159 80 196 104 199 189 53 171 168 75 71 120 120 128 50 45 2 182 5 94 27 106 176 94 10 81 44 98 115 93 98 135 9 117 149 174 182 34 30 26 128 199 22 184 169 72 149 27
61 113 2 43 76 120 17 83 25 155 121 187 195 15 180 113 89 9 10 99 73 145 135 101 69 21 188 105 84 101 20 183 48 122 50 45 41 82 30 91 9 75 124 106 131 80 161 139 114 39 21 22 75 2 160 67 146 51 48 40 75 73 122 73 76 23 14 184 95 173 187 135 188 57 176 106 40 126 197 92 118 52 86 57 84 166 111 17 162 174 57 127 112 158 32 178 46
61 23 158 49 59 50 53 36 171 62 40 103 198 118 71 156 197 146 71 30 94 143 200 199 50 83 60 85 115 85 110 152 83 96 95 196 4 42 27 24 99 175 50 31 186 100 112 174 62 190 58 95 77 143 112 116 35 14 176 0 54 75 155 125 83 181 106 39 195 121 172 99 6 130 116 54 17 124 90 61 193 107 121 93 123 94 8 54 38 18 121 68 148 51 160 183 139
31 97 9 50 96 195 138 68 189 141 1 73 5 52 74 149 4 30 32 49 142 185 22 71 12 144 111 35 106 62 23 100 128 110 144 76 115 156 118 174 44 142 84 63 96 187 79 167 5 140 95 134 24 92 155 164 52 106 126 95 106 196 44 182 158 41 84 22 39 10 53 181 64 15 162 28 144 93 32 193 170 30 26 38 119 184 32 47 86 166 108 102 27 41 193 125 21
92 143 107 68 117 195 98 154 34 78 127 19 29 17 139 40 55 29 154 189 196 141 198 89 191 65 15 0 71 94 172 194 88 54 173 121 86 163 158 114 99 98 25 10 12 71 142 150 5 137 48 188 31 89 111 143 31 7 49 172 155 147 23 11 25 135 64 144 197 76 181 32 178 196 107 23 167 40 170 101 93 120 23 150 147 54 10 68 52 44 49 195 186 106 51 39 121
80 135 142 84 136 138 74 86 159 121 93 95 167 94 65 65 47 159 179 190 66 61 114 51 6 200 166 53 3 70 78 94 79 81 66 200 147 8 50 166 37 14 22 74 40 116 176 33 69 120 30 35 176 128 54 1 53 26 144 56 160 145 70 121 86 182 158 14 127 50 37 180 41 60 77 11 8 6 188 63 1 97 175 31 35 2 34 191 172 171 64 144 148 85 106 5 33
5 176 147 42 113 99 134 30 100 170 70 88 194 191 126 18 127 27 175 81 23 52 2 194 6 149 111 181 173 143 192 140 28 58 164 69 37 14 182 28 192 64 45 111 163 161 149 56 98 176 43 141 58 1 14 25 11 146 180 147 39 72 172 84 110 181 8 24 89 9 41 138 151 16 8 50 192 18 37 159 123 148 140 88 101 178 58 138 195 122 121 54 63 154 140 177 101
131 104 85 21 180 2 42 157 180 150 103 85 176 159 143 64 43 132 70 160 127 111 145 200 0 158 169 40 63 5 45 184 18 177 101 112 62 103 125 35 157 64 62 14 130 18 92 0 70 116 12 186 141 36 79 30 105 58 164 185 35 20 86 70 40 34 147 169 30 6 5 145 133 179 115 137 9 0 112 118 68 146 59 71 98 193 97 48 172 25 129 77 120 79 188 21 169
52 31 126 155 106 105 189 14 187 90 47 142 10 162 62 179 35 46 7 80 19 81 27 115 199 97 6 44 164 181 71 17 163 6 42 137 71 163 118 138 128 13 138 133 181 49 154 153 27 7 91 78 105 29 183 62 184 92 165 60 116 15 128 170 164 75 77 102 94 37 50 4 163 131 90 109 124 141 184 32 191 103 168 116 131 92 114 104 167 38 178 61 160 39 101 156 105
49 118 193 91 182 176 12 51 83 187 174 136 186 179 172 55 141 60 170 136 180 61 60 158 7 65 134 94 166 54 94 78 150 189 139 164 162 136 200 159 154 108 119 160 112 105 173 138 10 122 175 118 135 148 190 51 148 76 74 196 145 23 73 37 13 163 7 157 193 4 133 114 89 79 168 174 69 132 86 106 45 145 27 77 94 133 54 6 9 183 147 180 69 16 92 157 174
12 20 153 129 149 25 159 144 66 62 140 94 28 146 123 199 143 66 96 127 4 95 168 187 37 102 61 36 168 172 142 98 4 41 28 113 157 168 55 5 32 153 148 184 107 129 22 94 112 128 160 29 199 173 149 140 1 66 85 32 134 7 183 32 105 93 179 20 192 125 198 124 35 65 164 180 140 80 87 50 197 139 118 168 135 74 49 200 63 63 153 11 189 127 98 42 54
