30
135 27 172 46 42 109 40 64 54 16 32 13 181 66 67 110 123 31 168 2 192 62 84 167 26 186 159 160 62 101
94 139 114 4 124 173 10 140 163 195 49 185 24 10 141 111 27 113 74 46 23 187 157 192 82 129 135 11 156 140
172 162 153 2 0 0 144 28 134 20 42 162 115 24 66 105 119 82 11 84 67 17 16 113 83 22 54 111 9 140
12 110 106 140 173 134 188 154 79 32 150 159 183 15 16 90 154 185 158 169 58 100 200 10 151 49 36 28 163 24
76 8 175 121 91 144 12 71 44 76 30 138 138 138 53 73 89 53 173 80 18 108 125 4 106 116 14 167 109 187
159 6 123 22 83 2 53 198 127 184 130 149 33 52 94 25 178 141 61 9 25 21 154 105 64 181 30 199 129 30
22 84 191 55 154 66 123 119 65 54 150 109 149 128 189 197 146 156 150 74 193 137 50 140 163 46 30 178 19 126
127 190 107 173 106 25 196 29 192 172 164 143 27 98 29 119 187 54 158 75 87 108 121 171 9 121 145 52 16 23
51 33 101 173 154 21 109 55 180 102 165 1 35 11 29 10 79 169 160 158 183 21 72 55 127 187 180 182 20 195
77 188 141 182 64 6 153 138 134 54 100 133 114 125 106 1 185 197 138 58 167 182 102 48 137 46 199 46 79 163
30 120 137 154 43 160 131 100 161 131 61 76 67 78 109 171 176 193 26 158 161 168 8 39 68 91 4 41 89 8
102 52 145 12 132 194 44 90 191 188 46 55 25 170 115 68 196 67 161 167 6 58 62 199 97 189 94 172 74 78
115 126 54 151 144 25 133 58 13 56 86 106 55 146 166 45 155 45 48 2 140 81 71 178 153 172 147 15 130 3
51 82 134 90 81 173 71 141 99 158 90 137 101 121 79 191 103 32 4 104 156 48 128 138 44 165 130 41 56 97
178 104 123 27 95 64 125 61 87 94 84 185 65 176 51 129 33 71 184 135 26 128 162 187 46 74 8 49 198 93
73 162 120 143 123 164 88 60 62 106 187 135 120 148 39 152 173 160 89 81 47 49 128 172 58 146 89 166 15 118
127 176 49 176 186 36 111 65 149 173 41 5 61 113 160 60 75 33 194 59 54 64 139 117 196 62 118 22 76 3
95 188 1 32 18 152 5 63 158 130 110 20 27 43 30 29 33 179 86 95 120 1 22 76 124 144 178 166 131 64
23 43 35 49 167 18 141 185 157 55 16 187 127 63 42 47 107 61 54 184 5 100 146 175 194 95 151 99 85 124
181 187 17 148 196 168 75 119 5 184 154 108 140 43 178 53 160 51 158 95 135 109 9 60 98 27 195 160 147 63
34 29 20 87 49 110 94 50 200 30 47 90 141 190 56 148 44 39 187 144 188 31 165 83 149 106 50 124 171 172
42 79 95 96 81 142 8 170 156 127 190 2 119 163 138 46 32 196 91 52 143 75 34 122 166 91 113 105 148 165
21 191 34 65 10 46 97 33 70 192 178 181 37 63 24 196 110 178 100 78 44 136 28 146 175 84 37 132 20 39
64 81 65 171 17 143 21 29 102 24 64 158 126 21 20 120 96 15 116 67 91 181 190 155 75 196 75 164 26 54
172 89 40 70 170 121 167 128 153 183 164 161 18 122 147 151 197 116 51 139 160 195 70 80 47 165 39 163 6 117
37 94 26 43 174 199 146 66 20 143 60 94 134 48 10 36 95 28 9 158 91 68 58 173 67 4 36 89 125 80
91 75 20 102 199 183 141 156 80 197 62 89 51 78 186 67 80 190 156 198 64 64 200 135 41 20 125 178 125 14
29 168 67 95 49 41 110 1 54 4 104 160 104 139 51 159 174 177 152 8 108 85 73 48 31 150 7 190 89 61
94 78 4 185 156 68 138 109 63 7 114 174 116 135 189 25 19 164 39 143 166 76 14 149 45 196 195 79 180 15
140 66 157 163 133 191 182 121 101 104 85 150 175 154 172 184 197 172 11 0 86 51 2 158 141 189 189 4 172 34
