49
126 190 37 32 182 23 127 15 76 69 7 92 160 76 47 13 163 126 190 145 183 167 40 162 149 96 20 80 196 176 72 96 5 148 20 50 132 184 187 25 41 20 193 65 150 1 75 143 190
151 161 7 27 42 9 10 131 41 23 46 99 12 150 171 34 1 129 73 3 74 129 193 107 133 32 101 31 120 28 141 146 161 128 18 136 69 19 183 112 176 114 33 69 166 58 147 104 154
128 77 100 166 152 68 142 23 112 178 54 36 38 163 42 135 148 51 156 193 67 61 24 135 180 19 33 97 5 86 30 124 83 35 150 23 184 33 4 33 159 19 98 195 38 47 29 27 90
144 7 77 42 176 5 55 30 57 56 55 59 69 25 184 31 199 182 199 114 8 106 129 74 0 3 19 140 19 135 109 174 155 62 76 47 22 16 24 157 20 141 193 40 15 156 23 87 185
40 46 28 98 69 149 75 134 99 21 27 40 80 160 139 127 4 103 6 121 80 165 34 20 67 63 188 140 146 89 156 189 48 27 40 51 153 99 87 42 42 198 198 11 188 75 168 43 9
89 72 44 6 14 50 2 30 122 195 24 66 77 183 150 165 77 135 66 107 44 85 92 147 28 107 131 39 75 139 33 37 44 165 102 129 66 172 63 50 86 51 74 29 45 0 59 27 97
150 80 180 61 125 199 24 61 157 9 181 4 21 18 47 175 80 69 194 152 81 114 43 50 142 36 36 170 98 43 182 138 199 189 10 113 189 185 82 102 96 97 110 80 30 200 102 29 166
45 51 100 155 82 185 117 199 80 180 147 74 54 52 160 124 158 199 192 51 73 36 80 153 23 184 64 181 40 120 119 181 17 161 176 77 52 23 31 140 98 21 95 36 166 187 73 188 162
25 61 19 134 1 44 114 88 168 119 132 91 23 80 66 174 112 84 97 63 178 134 90 12 154 149 17 75 98 159 77 104 150 8 118 37 115 114 31 103 30 134 7 27 162 104 117 16 62
149 89 143 103 21 58 127 41 82 198 174 60 101 156 91 28 166 133 25 68 92 10 9 29 130 197 71 103 101 21 116 30 185 58 163 118 97 41 93 111 123 13 142 58 107 168 150 188 120
179 65 199 51 136 18 6 191 7 129 126 193 50 53 171 91 50 137 167 180 78 108 119 169 199 84 139 26 169 41 89 53 139 147 130 128 97 43 171 3 12 168 81 12 25 63 96 170 117
4 199 131 92 198 116 73 56 117 40 10 78 185 46 21 122 63 112 86 139 186 161 67 50 42 0 113 61 10 100 123 6 92 165 178 166 188 114 153 29 143 128 157 59 152 154 139 115 101
186 54 144 58 67 94 53 100 163 3 2 111 163 19 178 141 143 10 16 182 35 25 55 199 123 169 21 198 94 105 57 123 153 191 114 177 190 33 109 6 89 192 81 19 93 189 165 172 130
16 107 25 125 138 98 187 176 80 165 158 115 142 170 56 5 91 33 70 146 43 139 140 173 28 182 153 130 81 175 134 13 16 39 43 169 112 31 166 130 89 20 103 0 195 111 99 129 116
1 170 135 99 179 156 184 45 112 146 57 12 84 164 115 91 182 61 146 99 132 127 63 66 63 171 146 43 9 77 30 92 143 146 106 9 59 34 173 0 119 78 101 145 115 148 149 9 139
73 4 8 81 130 139 13 59 178 40 87 5 90 186 106 74 183 87 158 184 89 199 118 71 7 56 7 126 140 164 137 52 39 116 187 115 0 93 127 18 47 136 169 132 8 77 146 34 33
185 176 49 76 97 195 57 11 92 50 66 200 198 200 167 12 111 148 194 51 78 85 131 116 169 147 89 128 70 10 95 122 96 154 4 38 126 136 196 66 145 124 103 122 157 140 39 67 71
21 67 157 3 181 113 168 105 139 166 91 187 95 91 80 70 118 114 180 164 155 126 22 115 125 131 168 116 11 97 32 57 93 30 25 158 22 44 105 117 168 32 182 114 45 63 185 114 133
172 126 88 60 168 142 127 137 17 119 63 192 15 172 137 165 79 197 126 43 188 78 113 148 123 119 57 147 99 143 28 97 116 1 199 180 4 186 152 99 87 90 64 75 177 128 144 97 177
156 43 86 9 59 176 141 68 16 178 58 74 126 121 35 173 11 95 100 83 138 19 135 126 110 120 169 196 68 166 170 68 127 67 178 55 89 102 69 37 26 124 184 172 52 18 43 41 70
163 131 2 16 17 106 138 68 68 11 135 198 39 29 57 15 35 150 148 175 18 171 180 180 2 189 12 129 121 192 194 93 196 21 66 142 139 192 169 118 125 168 82 166 199 28 138 12 190
176 31 139 99 154 167 160 200 183 83 93 177 166 13 26 64 59 113 45 193 83 75 55 193 144 158 20 172 150 109 85 58 128 134 36 116 170 77 61 191 10 44 93 150 43 8 98 151 33
55 15 17 75 21 87 93 54 101 70 37 52 40 13 89 138 125 125 124 153 153 194 168 35 137 22 13 56 184 45 136 86 47 117 197 37 52 176 71 144 31 90 85 183 177 174 32 154 143
164 140 46 38 83 68 162 0 175 163 39 67 119 88 25 29 29 197 96 169 96 181 182 130 111 30 139 167 156 13 200 75 142 23 197 158 158 104 35 90 67 15 186 137 89 37 185 104 191
57 58 61 101 146 47 71 87 158 52 197 158 27 151 185 44 50 11 174 67 162 156 116 10 174 191 92 89 19 51 74 26 5 110 199 194 191 132 121 158 51 170 84 4 178 125 132 111 132
104 85 198 133 68 191 97 181 77 154 104 87 42 35 12 37 37 190 128 171 126 158 121 154 127 193 65 103 166 105 46 44 92 137 184 73 110 53 168 178 155 195 180 109 29 135 125 148 115
163 90 120 190 172 99 156 14 36 172 195 100 191 125 38 34 51 159 192 93 62 158 42 116 99 20 147 22 166 8 197 5 136 153 32 130 82 177 160 19 164 143 92 97 83 161 150 108 24
35 176 129 122 2 30 53 7 20 7 29 162 89 104 139 191 5 88 21 172 120 38 19 180 31 14 184 121 82 158 100 52 148 96 65 112 75 49 36 171 116 196 37 62 30 36 87 185 35
188 47 166 50 179 136 96 88 18 101 68 86 165 171 148 173 65 132 26 73 69 43 16 53 26 37 172 56 46 163 66 185 32 100 78 96 77 37 160 66 90 109 32 119 15 185 153 96 73
9 115 102 20 12 80 115 43 16 46 136 162 166 168 125 155 58 54 21 131 190 18 169 127 163 56 25 87 142 1 53 91 177 69 46 162 129 109 168 172 68 16 152 104 89 48 169 61 31
26 81 191 66 31 19 170 197 174 18 47 62 50 91 109 51 53 50 21 41 94 181 176 76 76 152 18 156 53 9 132 74 153 190 47 17 136 85 140 118 88 45 69 110 57 184 143 87 71
101 137 126 142 143 52 160 80 129 116 40 164 170 88 138 120 103 118 100 10 91 168 116 147 95 68 196 3 48 193 3 111 197 136 78 191 123 78 98 7 198 22 151 91 116 90 77 198 15
66 47 200 86 6 14 157 58 11 168 20 62 87 104 63 163 19 20 177 26 197 162 144 35 8 187 43 34 120 179 198 186 3 173 75 122 160 154 112 130 54 82 189 27 77 10 198 86 82
144 154 43 84 122 155 47 18 9 17 108 58 128 118 110 133 90 104 65 120 179 195 150 144 159 11 101 149 87 129 190 153 137 111 130 141 84 128 84 58 10 5 161 83 15 169 129 116 89
62 4 84 108 80 83 160 172 7 0 90 50 183 156 121 74 178 110 135 46 77 61 189 107 151 41 123 102 109 185 84 58 4 154 60 159 66 9 86 124 164 114 62 36 1 80 186 28 18
27 81 96 136 87 159 115 149 193 155 136 149 0 198 187 74 196 188 88 195 54 172 127 138 57 49 54 150 108 167 30 30 113 108 162 12 60 130 151 66 156 169 105 79 65 172 174 43 17
64 58 129 187 31 89 124 132 103 7 178 48 173 13 104 198 200 174 111 29 55 81 187 69 1 54 197 105 10 109 183 129 99 34 193 78 200 173 64 55 10 66 97 55 178 50 28 23 27
2 111 94 67 9 79 119 154 60 17 89 184 113 85 19 67 114 52 134 99 14 144 120 167 115 132 20 169 3 2 50 156 183 54 81 144 183 102 47 148 171 66 135 154 29 37 34 97 197
175 166 152 186 155 9 12 20 196 57 55 163 116 60 89 171 152 94 120 117 39 141 64 133 163 32 54 137 63 168 20 18 112 169 174 106 88 72 157 96 190 53 109 182 160 39 181 125 186
33 199 72 198 147 191 111 163 178 191 134 196 185 140 71 91 87 19 103 94 107 29 185 115 30 33 78 9 54 35 105 98 116 150 153 0 89 125 149 176 117 22 75 158 20 77 72 7 131
200 175 51 127 165 51 56 199 90 10 118 7 45 191 138 16 76 54 64 42 93 100 15 36 145 29 60 116 25 0 40 57 90 173 158 155 140 61 21 108 182 61 14 26 159 8 1 59 161
22 164 81 120 180 55 99 179 94 195 136 103 187 164 96 171 61 100 139 119 151 149 58 188 97 65 78 181 59 75 199 29 56 129 11 125 61 178 163 71 9 97 25 54 5 127 92 133 86
176 99 88 51 161 24 124 106 149 193 71 68 145 76 83 72 76 54 137 126 76 4 50 6 30 10 176 67 187 95 82 51 192 187 127 171 191 65 146 134 6 161 67 12 88 50 74 127 87
156 143 12 48 189 69 74 11 113 76 129 29 22 151 35 51 79 75 69 72 22 145 178 193 89 26 112 47 120 113 145 121 26 178 93 63 142 78 191 40 163 141 152 54 105 48 70 133 97
120 149 10 28 133 97 182 86 87 77 68 150 126 167 148 186 86 11 4 27 114 198 134 100 2 166 83 34 150 3 125 133 86 186 15 151 54 33 93 5 119 148 52 40 8 125 153 155 33
191 42 83 47 71 186 173 186 194 132 132 166 165 94 30 14 151 88 15 67 190 110 126 194 54 132 98 146 144 41 131 19 97 13 150 64 114 57 25 94 184 173 67 20 172 166 91 193 54
189 194 87 114 14 197 170 192 99 138 108 169 82 27 132 14 45 164 110 103 129 19 84 177 4 63 90 69 178 16 118 177 68 109 165 63 193 166 174 120 182 133 186 68 189 120 94 166 194
46 70 108 97 51 24 126 87 60 167 84 19 140 106 126 142 34 192 161 3 28 43 100 122 25 10 71 178 90 27 45 140 192 140 23 115 193 128 14 194 133 20 140 165 23 26 180 8 115
102 200 172 181 19 183 143 77 128 82 72 127 183 117 142 169 199 102 184 155 93 55 98 54 40 165 75 107 191 139 120 52 101 157 165 182 129 60 155 60 90 42 100 94 95 132 74 35 14
