90
35 65 127 111 57 96 78 70 134 23 156 87 171 111 54 36 156 38 36 185 119 120 97 164 8 185 174 100 119 131 106 114 24 151 12 107 11 90 121 63 64 37 102 91 4 44 73 196 58 62 165 99 96 102 66 156 96 5 183 31 139 50 132 175 29 19 86 45 11 27 52 53 185 10 150 173 114 54 14 16 145 131 198 200 108 188 33 133 110 117
47 74 3 20 115 77 145 192 93 129 154 127 184 29 181 68 102 131 125 81 188 148 176 28 178 125 152 86 85 157 87 78 94 11 18 58 200 161 32 197 196 10 54 118 94 41 171 76 180 82 93 197 97 118 89 19 177 60 64 98 200 188 171 20 155 146 62 161 94 49 113 95 193 173 144 118 177 39 96 97 173 28 1 26 131 76 40 110 9 154
81 94 8 76 113 21 168 190 10 94 97 108 12 120 43 111 57 68 92 4 127 25 75 1 51 198 178 72 154 123 177 56 173 156 18 112 65 191 147 25 146 41 96 113 119 181 49 97 54 188 54 34 47 48 8 21 185 44 80 11 177 10 86 142 7 57 14 109 185 1 96 139 139 106 150 162 167 138 186 46 103 110 61 13 126 146 53 148 91 16
89 103 98 185 125 34 82 14 107 33 79 78 99 172 70 5 60 196 68 164 51 149 26 115 77 71 145 105 139 38 186 27 188 31 51 93 52 98 121 49 55 13 71 23 116 38 82 90 112 171 129 74 29 2 28 85 89 73 36 39 23 136 13 150 31 198 2 94 179 76 190 66 69 6 128 54 85 19 60 39 184 15 43 33 192 27 115 128 10 89
21 155 147 113 100 97 191 4 182 72 129 32 131 128 13 18 141 157 186 79 151 109 166 113 0 101 113 50 153 70 39 33 92 188 176 86 38 39 134 181 191 15 9 98 49 86 3 173 87 156 109 130 136 0 85 140 64 191 132 0 134 96 39 76 164 195 177 5 183 146 110 106 103 49 110 131 187 124 196 61 187 193 149 100 89 85 130 115 132 136
190 197 30 30 101 130 124 195 160 124 195 6 121 191 2 106 123 114 69 137 10 79 47 78 110 120 162 141 109 39 20 44 57 128 47 101 182 100 22 71 19 186 132 79 106 116 42 11 20 65 100 22 162 189 15 188 185 88 138 23 196 89 80 134 10 160 144 176 159 116 137 53 167 154 120 154 57 56 141 72 143 106 118 80 40 25 81 120 184 181
58 21 185 122 43 191 156 58 173 98 153 106 124 179 4 157 131 100 42 193 22 42 132 133 3 191 72 136 185 89 115 36 108 10 131 54 86 100 27 138 138 98 53 113 105 20 76 172 30 109 70 200 186 193 22 108 112 67 24 165 190 117 48 67 125 16 186 72 26 50 34 161 107 198 157 156 155 114 143 40 85 10 135 150 150 72 146 190 140 178
76 16 194 164 117 12 85 153 13 3 61 119 0 57 98 145 89 98 27 168 13 15 24 179 44 133 12 131 20 140 171 155 48 69 86 20 178 19 167 26 129 194 171 117 80 167 114 24 143 148 142 165 192 102 86 8 146 124 112 185 38 174 133 112 184 89 38 194 132 156 183 87 91 78 104 136 55 49 104 176 8 194 89 83 56 105 168 125 80 188
6 10 15 122 200 12 112 1 68 159 58 90 77 124 133 61 36 44 22 137 199 6 7 180 60 88 147 153 136 184 97 171 14 116 15 27 9 73 10 38 46 28 43 18 161 65 13 83 71 183 95 54 160 170 81 84 4 8 190 56 20 136 78 27 137 40 65 78 125 137 76 48 118 57 39 49 47 79 35 121 74 77 7 128 11 70 172 78 9 155
113 61 38 119 25 164 69 41 182 11 173 171 99 55 78 188 141 12 144 10 137 136 95 130 130 166 126 101 40 149 160 168 139 153 32 186 134 34 80 51 39 18 35 65 78 107 18 122 169 43 180 43 84 60 174 173 169 87 37 129 170 133 74 26 103 48 99 143 127 181 154 75 184 114 191 18 124 101 8 130 79 181 152 102 30 7 73 48 27 108
10 170 132 172 130 1 23 3 183 177 12 6 94 138 30 174 179 159 82 198 89 90 103 46 111 102 80 45 33 56 193 15 51 144 66 88 114 196 29 2 58 84 60 37 66 72 11 138 197 34 75 66 123 8 178 19 124 196 133 42 178 163 20 48 51 18 135 68 59 76 147 122 58 20 94 33 80 138 119 180 43 27 130 3 82 132 199 94 121 184
49 36 1 164 128 194 44 59 3 145 109 148 59 187 40 53 194 1 113 105 110 85 89 31 5 57 181 50 152 186 20 98 198 69 8 135 29 89 105 101 148 106 69 122 155 55 131 22 130 147 157 27 37 193 180 110 58 57 148 5 158 185 21 30 120 58 31 57 4 35 51 67 31 113 91 90 38 79 141 46 170 196 38 12 16 164 190 9 195 140
93 20 87 86 95 36 10 105 68 199 175 192 136 56 22 80 11 164 168 117 126 102 44 100 185 118 71 35 70 125 131 101 9 75 61 37 27 41 89 191 157 40 166 19 187 88 3 118 168 118 141 66 109 136 64 35 122 155 135 29 151 159 65 149 141 197 53 129 126 83 199 32 100 62 77 37 84 159 7 151 188 16 21 104 92 66 173 70 68 102
190 142 124 31 81 182 25 169 117 179 50 1 136 194 132 103 91 48 121 85 96 117 39 172 188 0 91 138 81 179 0 139 20 179 111 8 143 100 111 34 9 57 160 161 108 68 80 80 109 102 10 3 172 136 34 7 188 120 129 103 34 156 115 115 79 58 7 159 167 135 83 88 129 80 29 111 102 66 11 121 167 187 186 37 33 181 195 160 3 31
68 164 114 0 123 111 87 6 70 26 97 186 88 152 183 115 156 107 187 43 78 47 109 156 151 191 15 64 85 38 47 115 147 157 54 51 18 62 119 181 65 75 91 48 75 104 136 122 8 132 47 94 120 94 97 78 129 180 87 120 80 104 86 24 177 98 172 62 91 154 61 50 124 103 150 132 177 134 153 83 123 131 169 145 194 117 185 134 171 31
181 144 110 25 109 125 114 127 99 152 146 131 28 164 65 131 130 92 116 26 64 125 2 98 38 132 147 13 52 110 3 10 42 194 168 174 194 137 187 36 175 179 34 192 81 143 3 0 62 14 190 190 143 14 164 96 33 11 31 65 56 80 103 55 31 23 179 38 167 55 98 169 10 79 85 117 139 13 41 200 23 29 95 133 175 48 163 114 112 81
103 158 81 16 3 167 104 12 6 10 96 21 127 135 68 169 162 9 48 116 183 106 176 51 173 4 10 121 1 19 92 164 10 189 67 51 113 81 97 136 129 37 19 194 163 10 49 133 33 95 38 87 21 120 160 115 25 184 140 166 109 179 65 159 134 113 164 91 21 199 85 136 136 48 107 182 114 48 108 47 2 145 32 67 139 140 130 33 53 146
122 160 83 49 100 193 158 126 174 47 184 172 149 192 102 89 173 71 52 11 22 140 21 98 97 9 194 54 43 154 54 39 40 4 35 164 104 107 200 6 110 89 180 44 51 76 35 65 9 27 73 40 181 97 103 57 133 23 106 117 93 14 15 75 20 115 195 104 57 87 190 145 185 146 30 107 128 16 100 106 26 200 133 79 51 126 124 70 99 173
123 169 18 31 71 3 35 56 12 31 99 79 92 68 79 40 26 197 133 192 7 174 29 15 92 112 136 117 36 70 181 73 93 89 110 178 134 50 166 157 46 140 51 74 184 43 137 169 55 193 167 78 90 100 21 79 103 64 196 65 92 111 108 58 94 30 120 15 175 190 88 156 7 64 109 23 153 118 173 186 149 81 170 1 125 16 31 118 44 55
158 105 50 94 150 98 87 9 62 30 150 184 102 120 63 28 114 31 2 43 32 21 148 91 75 25 106 184 77 8 42 144 105 26 135 15 86 131 41 133 48 110 90 198 130 56 142 104 0 22 170 61 27 55 100 77 128 164 122 97 79 43 134 81 51 167 102 159 80 61 159 120 69 76 158 106 155 135 188 12 147 127 123 171 195 102 23 129 177 5
154 187 172 144 193 21 154 25 118 133 8 15 192 61 22 55 166 182 24 73 125 38 121 24 134 75 76 24 162 177 12 114 75 116 94 37 83 23 120 29 78 84 111 156 158 131 165 158 171 96 78 158 127 98 50 120 118 4 118 147 60 113 38 114 32 34 56 173 83 35 120 118 84 92 30 77 134 148 68 71 79 31 175 22 113 101 147 70 51 198
131 179 14 143 139 76 135 41 73 69 115 94 117 14 18 72 10 194 103 85 29 39 86 19 195 105 195 75 179 132 166 168 136 157 3 90 13 148 54 155 140 112 131 9 86 129 98 63 152 56 27 50 50 96 79 163 110 104 183 3 144 76 85 91 77 135 81 156 45 29 73 2 61 152 104 167 128 168 147 49 70 137 103 100 42 85 41 32 14 164
142 93 194 195 62 91 150 118 160 98 96 173 168 154 135 133 102 0 50 28 101 48 49 9 89 21 110 125 176 17 160 103 134 85 165 20 49 185 45 164 163 23 64 26 179 68 83 140 126 2 142 184 170 181 187 184 2 176 64 46 122 52 97 8 52 160 86 64 34 16 0 66 159 191 193 122 152 27 187 90 198 102 54 170 35 82 43 121 2 26
196 96 28 174 164 65 168 100 74 121 175 153 94 21 91 111 183 136 162 136 68 38 170 100 25 88 108 148 76 117 111 72 87 30 80 127 166 63 140 14 124 199 5 67 16 135 59 184 7 146 22 52 7 93 77 81 167 176 12 1 16 105 71 81 127 61 81 15 63 196 169 61 100 85 76 14 65 13 135 126 64 192 199 196 192 120 29 88 71 198
197 13 147 104 175 141 39 109 95 174 197 8 98 22 148 133 138 133 5 154 166 54 151 148 168 154 23 67 40 118 32 183 184 53 163 70 104 138 161 36 82 65 61 125 36 13 174 143 190 16 135 64 118 65 157 181 71 44 144 156 183 70 117 129 110 189 19 143 36 26 164 14 73 81 132 138 91 104 167 76 156 31 120 135 186 143 161 101 107 24
175 136 180 6 145 131 147 112 174 143 130 112 9 67 103 191 145 68 138 87 24 71 94 82 67 195 45 28 22 15 39 66 51 77 87 178 117 97 64 94 54 10 165 197 172 45 169 136 108 20 84 69 187 103 82 132 37 143 121 120 178 123 20 77 102 152 3 24 42 133 172 28 65 17 127 167 179 116 73 51 21 109 86 150 87 153 0 172 186 145
178 30 194 183 33 191 153 50 114 121 130 89 6 165 51 35 62 162 21 156 33 37 74 182 187 138 83 35 49 138 138 161 7 44 118 66 98 94 2 60 147 50 74 172 13 64 185 139 104 102 170 61 34 49 183 149 76 77 109 171 94 96 92 85 21 112 161 96 103 8 55 108 82 173 140 119 182 109 54 181 125 41 67 77 136 49 96 116 66 112
65 118 12 69 7 40 53 171 161 101 15 51 2 25 152 145 31 146 61 60 182 68 101 51 54 159 43 69 123 177 178 29 1 185 34 157 194 36 153 190 5 0 151 188 169 90 147 87 177 152 135 86 88 42 181 171 56 166 197 154 34 174 86 124 5 125 191 89 128 0 58 121 149 136 81 62 109 77 177 175 189 139 43 102 70 21 49 30 12 22
91 91 191 136 21 54 160 178 163 77 161 58 31 107 107 109 104 19 148 158 115 126 17 67 200 24 150 86 17 21 154 173 134 62 60 15 98 7 1 140 115 178 114 198 56 3 152 26 52 148 150 185 167 160 67 78 165 181 114 100 114 21 48 151 101 69 101 95 181 178 150 82 123 40 76 199 61 155 74 117 91 99 27 99 3 133 7 34 84 143
52 141 177 33 53 14 38 182 147 16 145 10 97 78 120 14 121 102 19 88 53 65 6 91 14 9 132 138 190 196 9 113 164 111 93 85 22 94 4 16 142 153 107 75 126 175 198 62 127 106 149 177 142 58 82 27 49 148 108 11 73 14 27 49 161 130 133 97 52 28 153 9 178 200 20 67 196 53 137 172 184 10 161 18 95 142 24 90 152 90
133 123 20 51 125 64 127 87 131 149 121 117 186 11 163 15 13 56 95 182 151 85 5 167 141 50 40 172 28 127 174 139 127 78 25 71 156 161 97 130 66 156 142 39 107 190 115 60 51 66 159 36 85 78 1 198 125 95 127 134 189 163 27 85 159 30 127 104 55 144 134 145 184 185 61 140 75 165 134 13 145 72 38 171 192 182 164 133 140 107
126 18 72 68 103 179 97 193 56 100 171 136 115 43 74 133 116 46 91 45 125 11 177 38 140 196 160 180 95 123 136 160 64 123 182 2 126 108 115 192 68 170 9 53 196 102 101 81 117 71 197 69 141 130 34 34 57 36 80 14 78 117 155 18 57 129 66 45 155 186 108 12 9 134 58 166 148 92 196 30 104 196 117 192 91 50 165 44 126 93
88 174 96 155 2 137 153 59 23 183 27 150 117 151 108 81 32 17 160 19 131 58 187 64 165 38 174 63 55 64 176 76 173 74 139 124 43 159 120 103 195 118 177 65 124 84 34 116 12 131 47 105 22 77 179 39 152 147 37 146 120 108 16 41 46 13 14 55 38 9 18 49 132 197 177 0 129 47 151 183 169 21 90 59 79 134 166 84 92 10
35 99 143 64 21 103 139 137 67 95 152 36 33 72 169 54 162 9 100 124 176 86 167 39 71 56 111 33 17 188 185 84 190 76 158 87 186 158 117 135 97 158 181 174 176 110 142 106 40 156 91 4 163 68 46 164 72 16 85 143 31 143 118 177 36 193 43 36 53 103 31 147 18 142 46 137 190 3 31 162 88 173 166 14 9 130 136 196 187 32
131 172 16 156 47 33 152 122 196 113 87 99 117 93 14 186 191 155 87 73 83 17 170 93 167 148 132 53 166 141 176 51 96 182 187 125 33 81 70 8 38 20 55 16 75 186 18 44 78 152 89 150 16 142 23 49 49 31 1 38 6 43 4 66 169 186 139 25 79 177 49 22 172 190 140 4 113 104 148 94 106 4 136 136 2 126 137 137 190 36
75 77 81 2 38 153 158 123 106 5 64 119 13 133 127 188 115 40 75 119 58 123 59 189 72 179 12 123 197 185 89 28 27 109 139 112 73 126 31 99 128 185 111 141 182 162 188 41 3 87 35 36 73 116 87 93 19 42 30 86 8 187 41 120 133 49 36 190 108 106 114 192 151 3 1 164 105 88 33 15 191 39 190 81 20 161 151 130 16 8
56 73 25 106 156 18 43 35 139 181 139 41 103 200 15 169 21 25 55 15 27 47 78 145 83 175 122 97 195 55 170 97 28 193 126 77 24 4 98 9 31 53 114 64 178 79 127 137 29 121 126 96 158 12 76 37 25 102 105 52 27 4 110 151 92 160 92 9 135 166 32 148 26 85 67 26 30 10 22 159 132 75 65 109 123 181 135 170 25 86
192 36 109 120 197 96 78 191 68 195 80 136 169 48 122 143 0 172 187 134 164 124 28 110 160 178 55 200 199 172 14 192 131 21 120 85 192 101 171 37 135 48 7 26 65 91 19 161 124 116 43 82 98 75 68 62 123 10 16 196 140 85 165 65 164 23 186 107 145 17 181 18 137 129 167 168 14 51 152 167 32 159 193 194 8 25 19 78 129 185
108 132 120 195 144 181 14 184 147 90 13 87 188 141 126 50 181 70 118 107 157 92 67 68 126 25 53 158 153 17 26 187 117 78 177 25 84 84 97 9 193 11 87 197 90 156 60 73 4 156 77 107 175 194 183 32 37 117 157 94 26 98 16 59 172 178 117 22 56 59 109 34 48 47 136 20 139 82 79 12 51 144 145 112 153 19 117 128 59 182
150 93 159 82 31 119 115 130 194 135 45 127 130 117 13 182 143 185 2 103 183 42 6 37 28 100 33 155 132 21 65 34 44 198 197 67 105 0 183 134 111 77 46 25 24 122 93 154 87 199 10 89 44 149 187 145 141 29 62 196 47 32 45 0 87 99 87 117 149 154 154 122 145 28 73 9 118 61 56 9 35 193 112 190 184 161 73 192 3 7
27 89 94 65 9 84 116 40 138 36 177 182 8 44 95 187 105 51 66 20 34 38 25 119 6 149 98 47 162 124 109 175 36 73 175 59 174 19 65 46 105 164 103 45 51 4 113 42 115 27 38 143 154 25 71 191 198 90 123 34 67 5 45 73 78 28 122 162 36 110 84 151 118 8 40 37 11 171 135 166 105 107 65 177 136 132 156 107 83 45
200 79 73 7 26 105 105 16 170 200 178 199 128 54 159 91 15 162 175 185 86 71 50 170 197 27 108 46 190 198 180 28 34 154 29 199 130 169 164 34 32 143 20 33 167 64 52 20 88 182 62 165 166 70 59 186 128 123 15 191 33 33 138 193 127 168 157 103 69 112 124 169 139 197 86 91 74 61 45 171 109 22 64 80 127 4 104 170 126 76
111 37 120 6 113 15 120 121 99 91 193 81 149 61 60 160 27 61 44 192 98 61 62 20 178 39 36 31 112 115 62 143 101 143 40 59 111 19 2 58 78 180 118 23 101 181 159 133 109 115 57 76 33 117 153 69 102 14 68 53 140 2 169 92 162 176 121 3 83 35 131 157 195 55 10 3 84 27 155 98 68 156 49 83 145 59 64 100 96 32
106 194 117 3 164 200 77 95 78 16 63 189 102 86 150 35 11 121 50 33 71 125 81 147 82 79 10 139 175 120 81 185 192 166 143 81 115 192 109 24 19 139 72 148 10 131 21 10 96 138 42 195 178 114 101 62 138 6 130 104 35 40 54 109 154 167 116 45 51 60 39 105 138 195 8 71 178 131 105 22 140 139 70 170 9 69 140 102 196 97
29 121 117 0 41 7 12 41 187 111 148 102 46 197 151 41 196 197 85 102 181 57 197 140 19 102 125 15 68 104 25 9 164 30 74 40 60 141 129 54 25 23 115 57 192 78 161 148 75 183 167 169 154 32 16 120 74 66 21 90 52 75 111 168 164 91 173 24 109 159 17 109 102 49 25 13 1 167 85 45 28 139 69 61 164 15 40 71 6 39
62 66 144 123 78 40 173 122 31 11 89 89 131 83 135 140 43 163 57 56 149 104 20 18 159 139 94 78 104 53 100 155 92 189 114 195 40 66 195 22 40 20 187 160 68 9 86 89 12 61 24 163 200 142 159 104 26 94 154 103 26 52 138 22 194 30 154 58 165 185 112 115 106 111 34 135 119 146 141 73 32 0 196 24 36 151 97 18 163 61
183 111 48 156 194 134 31 132 196 74 158 132 119 110 90 134 59 176 110 142 17 113 151 191 41 177 153 55 123 7 57 156 64 134 10 124 74 102 197 150 5 109 79 46 20 109 166 142 137 109 88 152 66 99 181 39 24 12 31 170 40 95 99 129 58 14 119 24 80 69 31 5 38 101 87 31 6 121 187 90 1 188 147 145 139 23 70 45 51 27
165 169 69 122 27 69 51 173 197 132 56 164 176 98 112 12 190 89 139 24 79 105 43 180 110 198 118 34 200 6 20 144 109 149 146 130 144 137 186 158 136 118 70 164 65 148 103 109 105 60 30 11 133 139 99 24 182 66 46 74 197 74 190 182 96 102 111 82 57 152 110 162 52 155 149 15 49 63 55 116 145 106 187 74 20 171 55 138 97 123
57 88 86 74 131 135 77 59 96 18 115 60 74 66 87 31 135 12 10 112 170 11 5 162 11 73 36 78 173 93 73 122 83 112 51 134 46 135 168 97 124 19 200 130 17 153 87 128 52 42 103 79 97 197 184 148 142 33 49 6 182 195 22 160 55 13 54 148 196 36 0 97 79 30 104 199 31 90 155 57 38 32 16 61 22 41 123 58 11 124
185 188 12 168 194 24 145 104 34 50 123 36 142 192 0 153 127 74 64 25 53 141 37 106 68 51 6 130 102 172 71 197 181 174 175 184 158 158 112 138 64 178 9 104 186 197 115 14 31 3 164 12 39 98 200 93 36 145 137 65 48 125 39 86 1 33 171 178 10 110 188 1 55 148 18 12 80 15 101 165 71 32 79 178 122 151 58 129 81 6
161 4 68 62 109 124 125 126 177 157 76 100 76 33 92 12 97 39 91 7 120 65 143 158 185 62 105 73 173 126 45 142 56 27 115 75 60 91 33 83 31 63 139 126 153 179 90 72 12 118 99 111 21 120 1 163 75 70 65 194 33 31 99 79 191 138 14 176 30 143 45 59 179 36 132 146 165 171 6 115 195 26 57 13 173 154 28 140 20 90
126 11 137 130 80 128 111 113 163 131 83 94 43 164 64 79 63 42 198 47 101 7 162 6 131 181 79 44 73 82 196 146 186 181 24 133 9 47 35 181 99 120 123 89 39 4 73 91 35 5 156 15 136 55 34 176 152 100 136 196 85 9 176 121 123 33 10 21 10 56 149 173 93 69 43 170 48 84 91 11 91 148 76 41 32 86 170 115 152 177
151 98 184 118 166 158 23 19 83 194 174 150 97 21 93 116 39 123 170 95 27 156 65 68 102 154 109 185 85 78 10 197 40 153 106 74 118 58 36 97 151 33 154 23 70 100 91 157 39 15 67 15 130 53 129 145 82 174 198 2 73 32 102 147 112 2 167 93 152 184 171 188 173 15 189 141 82 110 16 164 143 100 65 139 8 126 110 100 157 175
99 151 20 153 12 38 93 13 30 101 2 164 16 26 97 125 29 157 141 53 89 66 71 141 188 124 60 97 26 63 94 63 134 146 73 78 51 177 152 29 81 173 179 144 114 161 198 166 33 84 200 103 97 147 32 143 120 109 191 95 47 191 69 2 199 141 52 199 77 23 123 87 60 184 120 56 89 199 174 38 1 80 24 186 98 37 55 7 125 149
172 65 111 66 25 191 96 197 181 121 193 170 190 149 168 33 112 196 62 150 1 76 49 133 73 25 132 10 8 50 31 122 77 150 81 181 50 128 74 176 35 38 51 133 59 184 81 183 103 170 70 114 42 105 12 197 107 138 47 76 146 192 150 106 158 164 131 67 192 193 15 101 154 69 188 115 70 27 22 162 190 27 165 146 104 109 5 52 12 184
58 26 53 120 157 7 199 50 4 178 120 140 109 178 158 184 29 15 111 167 35 149 34 158 115 146 155 107 171 77 131 70 79 10 107 48 126 155 115 195 27 46 157 165 87 197 48 38 120 120 89 91 36 87 79 171 191 78 18 65 131 194 53 72 45 98 125 93 81 171 30 65 156 75 67 63 119 80 178 85 115 55 120 10 189 131 28 165 193 15
173 65 147 54 112 136 193 0 84 147 173 177 24 138 38 0 165 33 154 165 127 60 86 99 75 48 183 79 117 142 8 60 97 186 183 28 115 21 129 63 117 111 60 184 101 90 124 95 95 145 49 137 54 195 35 44 111 31 127 177 102 80 196 86 152 11 154 148 144 70 16 80 29 198 140 32 96 154 91 29 41 163 139 106 153 130 46 24 39 98
7 150 169 79 104 4 195 50 158 59 170 152 90 4 49 56 109 180 27 191 198 91 7 187 17 12 164 22 165 116 173 1 68 138 66 38 31 124 163 178 38 101 44 29 10 115 113 118 166 150 27 142 23 191 147 96 41 112 178 133 174 12 58 19 154 24 70 153 42 146 148 108 163 95 178 55 34 158 16 58 162 18 140 164 200 190 78 57 7 59
125 185 66 50 125 79 157 111 124 45 190 41 70 167 164 95 75 81 85 26 9 183 67 25 11 19 35 95 12 51 50 189 120 28 67 4 186 113 71 28 56 63 150 13 194 151 158 155 37 199 17 174 8 11 129 60 116 52 99 29 125 108 184 52 116 39 55 131 40 58 97 126 183 27 41 155 61 156 114 150 43 41 156 197 170 38 4 139 167 143
169 130 68 68 103 98 60 133 83 79 138 152 198 50 178 115 101 81 80 140 42 52 42 113 132 16 93 200 52 65 7 170 165 192 77 2 149 162 200 190 107 45 46 117 200 102 71 22 14 114 118 42 128 186 29 7 10 169 165 80 55 134 144 12 103 42 6 186 108 67 136 78 150 95 164 51 31 42 15 19 30 41 103 57 122 35 107 7 48 102
137 146 18 53 175 3 120 10 124 125 174 37 124 87 27 39 54 65 185 50 76 128 103 111 79 14 13 45 82 118 143 139 27 176 137 50 7 132 2 69 147 106 131 115 45 193 73 187 145 102 4 106 71 30 140 157 144 70 193 45 58 153 171 190 101 54 194 115 36 188 54 182 30 171 57 107 106 181 116 96 28 181 128 163 143 52 104 99 83 118
72 12 183 167 106 58 76 150 63 40 95 46 86 100 174 133 91 26 185 114 104 17 60 156 198 57 122 150 156 104 2 6 140 61 86 92 154 87 110 20 164 163 126 170 118 122 23 138 56 87 89 90 10 192 81 162 166 1 7 85 22 175 145 51 3 94 150 80 72 162 200 86 197 19 25 162 113 42 32 48 174 194 192 86 29 88 26 115 97 98
162 158 181 29 100 100 26 159 121 81 1 22 145 128 168 150 64 39 63 135 147 55 90 59 162 76 145 191 24 104 7 81 60 43 52 188 70 88 130 61 174 5 68 126 190 79 101 194 148 93 172 145 192 62 9 167 108 151 129 30 86 181 11 183 198 52 162 119 101 166 4 41 139 109 139 158 20 105 21 118 44 124 36 199 4 64 0 176 3 89
191 116 116 177 7 66 38 166 42 140 35 102 160 16 188 9 43 105 92 159 38 113 116 129 74 190 183 109 18 104 82 75 42 193 133 112 36 23 8 38 55 134 195 16 190 144 140 44 29 100 100 174 153 35 66 50 100 182 173 153 156 133 50 15 62 57 200 159 99 64 33 28 172 135 4 97 134 111 120 40 190 40 56 120 141 72 156 110 200 156
74 137 13 79 119 20 75 42 100 149 62 2 184 161 130 93 104 156 23 44 186 69 52 21 192 154 89 181 143 87 107 113 30 48 3 149 191 73 137 32 119 192 30 173 25 17 193 83 77 131 45 3 168 143 200 121 68 194 171 57 94 162 83 74 155 125 189 1 75 57 173 22 65 189 156 114 8 87 95 133 199 196 133 147 85 88 121 141 179 94
12 75 50 22 30 169 68 139 21 114 99 46 179 51 120 40 182 0 8 163 185 195 183 16 134 70 30 81 49 92 188 151 113 168 53 134 17 19 103 199 108 71 121 197 24 76 48 28 97 73 20 106 20 73 2 99 33 126 167 75 4 54 125 30 132 70 105 132 69 14 117 20 91 200 162 133 199 82 52 129 110 140 171 133 132 170 149 94 28 28
24 25 10 193 140 144 90 34 68 78 23 188 162 171 179 136 49 186 70 78 111 181 167 105 79 41 159 182 183 136 81 98 115 76 109 174 77 22 18 172 128 42 37 191 73 82 57 140 69 28 108 56 98 166 23 87 29 33 139 15 31 5 12 75 133 128 124 73 199 73 172 20 62 64 52 139 104 199 41 151 12 191 124 117 38 21 125 23 174 115
170 58 17 188 25 160 43 157 90 115 164 124 69 5 10 49 73 94 183 99 2 56 133 112 100 150 57 113 174 74 106 39 78 90 108 170 51 35 122 78 86 180 137 81 99 59 155 91 191 131 101 88 177 41 98 73 163 177 18 103 100 171 11 175 51 120 109 49 183 92 89 159 82 187 112 18 138 154 164 0 156 153 131 56 179 142 49 2 144 43
173 166 36 2 144 19 61 137 118 148 74 10 116 10 127 20 72 61 175 171 113 88 107 19 108 147 192 25 137 26 29 66 61 88 126 163 73 63 59 109 93 104 118 121 11 111 9 155 140 188 154 112 8 62 179 8 82 198 178 57 172 143 151 111 6 106 130 157 80 84 57 149 79 154 148 119 52 155 36 173 132 70 91 133 151 172 166 21 85 44
146 48 33 177 29 53 127 177 199 19 110 40 84 84 71 135 84 25 115 192 30 81 183 123 194 101 177 82 72 193 171 150 68 133 136 182 174 175 71 38 27 108 53 156 11 103 1 170 176 176 47 141 164 170 16 34 98 47 18 121 66 87 89 44 195 31 119 10 77 24 119 55 166 193 70 61 182 192 14 70 73 138 16 9 14 52 84 112 10 75
165 47 188 153 179 88 169 138 22 68 38 164 158 25 130 125 3 169 139 195 76 61 94 78 101 140 139 12 24 199 197 200 70 88 46 1 168 150 136 118 184 193 154 100 66 133 155 176 73 194 173 137 0 163 26 78 111 81 160 64 122 145 174 46 48 79 10 187 196 113 63 115 131 145 182 78 153 14 198 90 99 160 80 37 50 152 146 19 97 89
10 126 36 45 53 30 22 170 178 111 138 168 109 33 63 14 56 155 111 38 71 71 20 119 90 57 70 195 23 71 172 97 142 32 120 125 39 180 24 116 98 200 151 10 44 34 92 12 55 100 65 175 181 132 154 120 23 104 179 198 69 19 72 175 65 35 24 9 44 63 199 78 39 120 25 113 43 67 172 39 121 193 105 180 87 133 143 131 120 179
45 199 12 91 3 179 4 192 77 50 111 40 60 158 150 141 90 12 164 47 159 16 25 87 32 38 132 64 4 144 17 131 55 143 66 35 188 159 120 167 92 5 2 108 35 125 180 100 42 43 78 59 34 1 97 76 12 97 22 16 19 127 185 39 151 135 159 152 137 197 146 154 192 5 59 41 140 29 37 123 171 85 153 48 51 18 174 44 49 39
172 48 76 37 46 183 158 178 116 142 125 52 15 120 9 4 85 126 32 187 200 119 116 74 107 121 126 48 133 112 191 64 12 86 64 62 185 110 178 117 81 56 143 192 167 108 67 120 28 45 84 58 171 142 73 55 93 105 178 198 84 173 154 122 46 158 159 130 195 108 75 44 43 160 80 61 195 13 173 22 179 175 144 86 184 80 106 62 177 190
50 52 41 90 68 149 95 53 22 168 5 148 112 187 143 187 153 88 182 22 178 109 138 7 142 196 37 89 132 21 63 195 168 74 41 39 28 8 183 63 159 14 131 113 8 116 24 57 0 69 117 51 11 73 147 137 149 78 122 108 89 43 31 102 160 135 98 173 113 177 134 12 135 77 111 141 174 126 174 103 58 137 119 121 14 175 138 19 75 56
109 2 9 0 10 48 34 43 52 115 46 194 156 187 139 140 81 43 44 69 52 137 92 151 120 120 60 10 159 56 30 42 3 179 38 184 148 85 18 184 45 189 184 22 98 26 111 178 137 127 157 155 76 87 150 138 186 53 85 188 13 86 112 46 74 140 2 94 177 70 31 105 9 112 1 196 47 56 22 171 198 13 186 93 31 137 30 84 197 29
90 154 80 78 131 93 171 118 158 90 176 76 158 36 49 185 106 117 50 149 76 19 17 146 51 61 20 117 63 85 144 75 193 160 117 200 96 30 101 180 185 200 64 107 176 53 73 171 3 200 128 52 103 42 51 58 120 1 60 181 33 90 12 51 193 81 180 194 106 28 97 101 91 53 175 69 36 53 73 146 192 23 192 196 26 192 80 6 57 79
164 41 64 73 176 49 48 125 117 1 156 51 143 8 98 197 133 102 74 105 79 190 134 138 0 51 30 81 171 120 9 86 192 41 169 6 61 124 146 129 109 172 158 3 72 55 136 182 121 78 175 62 28 183 56 38 145 137 88 153 192 17 31 96 19 38 190 195 119 45 154 48 110 91 152 188 78 84 140 150 83 68 137 38 148 36 15 30 198 143
187 1 141 183 198 92 167 34 33 92 157 68 58 23 40 54 124 2 185 3 67 170 25 115 173 73 147 104 65 175 105 0 126 21 103 95 0 192 77 64 190 156 96 172 25 117 15 192 159 200 171 171 96 52 47 72 60 48 194 121 142 157 82 42 0 47 24 137 139 180 18 194 161 85 151 47 148 8 10 123 142 6 192 72 53 61 80 187 172 183
186 29 89 16 181 182 197 76 62 163 188 18 69 166 47 129 103 74 139 37 18 51 38 75 12 70 123 20 92 128 140 0 33 125 83 111 103 18 137 5 38 18 70 114 93 82 139 56 71 160 111 51 185 196 109 107 199 18 95 73 199 127 132 120 129 54 199 103 11 198 6 149 6 46 111 169 27 157 55 59 168 53 63 23 120 60 164 59 88 111
169 117 135 46 122 128 172 23 116 186 148 132 175 188 70 178 36 26 172 0 35 112 58 73 127 190 68 187 81 85 199 154 123 143 192 162 180 46 144 180 58 148 173 130 27 198 96 42 180 119 129 12 42 58 114 40 140 119 73 79 108 116 17 59 118 49 183 146 117 115 49 136 91 104 56 159 14 41 84 22 27 23 184 68 143 190 108 58 45 63
137 57 68 24 134 189 60 168 156 138 153 200 38 130 3 25 196 115 39 151 2 136 121 187 105 171 170 48 70 56 92 156 85 49 104 109 131 42 26 186 39 92 130 38 83 165 112 116 6 159 112 185 2 55 192 158 5 114 190 4 119 155 60 7 145 183 150 151 181 70 31 42 139 102 98 80 195 90 185 165 90 162 140 134 53 27 90 171 24 183
163 61 74 171 132 190 168 30 20 104 135 80 23 111 79 45 168 41 71 106 191 118 73 108 60 159 12 47 182 118 139 126 75 96 176 112 1 66 173 47 52 188 119 5 5 46 198 52 0 41 2 83 193 169 127 187 37 157 25 102 149 11 110 162 160 105 105 132 49 15 40 56 166 151 198 140 50 64 81 50 126 145 113 129 136 56 45 40 55 105
93 191 96 7 153 19 13 124 145 10 105 200 141 102 167 114 14 159 2 195 22 156 49 188 22 89 90 57 162 57 123 91 79 182 104 133 80 141 98 98 60 84 69 23 119 100 107 25 18 30 172 120 111 142 162 148 34 73 23 45 62 186 142 20 121 168 59 111 2 147 55 151 55 195 105 22 148 15 105 148 191 20 29 128 110 6 5 163 7 94
167 103 192 90 58 44 122 194 5 27 135 89 7 25 56 139 77 4 90 130 9 71 100 77 112 144 108 178 194 173 74 195 148 196 119 79 42 8 98 66 196 47 164 199 100 104 5 188 4 159 122 118 150 59 87 191 100 71 159 90 106 21 121 155 185 16 112 43 32 7 129 104 125 47 171 94 38 61 3 62 4 100 85 85 89 186 178 96 183 56
176 98 29 90 146 156 84 108 12 18 52 128 121 198 55 146 84 6 115 141 149 164 40 101 164 71 196 22 185 136 182 28 14 24 82 81 196 57 166 123 174 99 40 176 57 46 78 12 172 38 46 93 132 185 142 193 78 191 62 128 14 74 72 144 195 93 158 74 49 135 19 121 186 23 104 24 111 43 44 96 193 108 180 106 16 28 20 46 93 10
23 48 126 80 169 40 178 149 49 71 120 164 133 112 26 2 161 65 108 73 51 109 179 167 38 149 188 28 163 18 58 192 199 60 6 191 168 47 156 32 103 59 8 168 194 112 90 18 70 91 56 181 96 84 171 78 123 12 180 49 124 79 95 117 8 37 122 52 113 55 116 118 139 93 72 134 134 178 177 148 107 117 174 173 165 69 183 162 113 1
183 133 41 10 144 157 197 21 96 50 135 192 19 166 126 141 116 128 11 101 81 178 8 177 149 22 36 73 172 176 109 69 152 84 134 0 199 135 42 170 199 8 134 31 94 119 27 186 113 147 186 127 86 157 153 76 15 158 171 70 169 104 72 10 61 125 118 180 125 107 89 162 65 88 155 3 77 36 108 102 12 129 37 144 144 198 145 168 172 11
171 33 86 120 130 183 97 141 160 108 86 100 98 155 54 39 69 2 167 176 2 194 132 40 63 85 164 2 53 76 130 109 72 30 52 45 168 108 164 5 6 150 34 72 154 129 122 15 159 169 52 141 31 180 178 115 162 101 198 115 20 30 37 165 133 130 34 155 193 101 35 59 169 175 30 115 19 102 109 133 199 196 95 115 47 129 199 153 29 12
164 152 38 0 190 81 175 196 156 151 123 103 3 24 87 28 86 11 198 82 143 11 44 92 38 134 82 176 172 84 91 179 0 167 27 127 94 21 25 4 3 132 150 106 4 178 145 19 95 184 100 12 48 142 166 17 132 11 62 175 153 152 150 88 45 104 69 159 163 41 124 13 62 119 96 51 148 57 31 144 4 33 133 179 188 129 160 9 118 114
