49
129 48 103 13 50 14 156 49 89 101 181 125 168 190 22 105 3 66 185 119 75 74 97 23 40 105 182 119 9 53 78 134 110 136 32 176 188 13 150 21 78 129 175 98 25 10 178 50 186
6 180 171 93 54 27 55 106 135 8 161 82 152 12 19 120 182 31 136 119 145 6 70 6 43 115 169 96 183 174 13 39 149 83 55 148 115 162 199 140 199 55 67 83 106 129 6 45 145
186 167 192 90 64 173 164 86 157 17 142 87 152 32 186 126 3 97 79 53 39 124 178 149 28 95 42 94 149 112 27 74 114 56 37 161 28 122 141 15 21 43 86 4 5 26 199 37 110
187 184 118 161 28 82 130 149 120 17 169 31 148 47 35 183 28 168 63 161 97 190 15 148 199 91 54 76 56 25 109 30 121 155 100 77 154 153 184 200 56 133 119 194 50 41 134 15 183
53 162 30 35 21 52 109 183 58 107 37 82 157 153 108 88 151 21 186 163 67 140 152 106 29 129 177 130 166 177 185 183 146 50 171 117 88 79 97 185 11 43 176 110 127 118 66 109 19
166 112 111 162 16 65 110 150 34 50 180 146 103 53 94 183 173 25 198 146 199 24 73 74 152 101 91 30 82 85 100 10 60 30 197 99 164 67 124 26 113 71 16 197 115 62 90 22 161
104 36 177 156 62 127 163 157 94 7 46 29 11 88 37 16 61 38 9 181 23 165 5 171 151 173 119 9 114 198 139 37 25 82 74 125 100 140 158 58 159 133 62 181 181 26 31 115 46
136 24 18 80 24 179 142 53 44 129 102 38 73 130 183 163 156 87 56 78 145 185 199 26 154 112 174 117 57 194 138 44 4 87 183 125 179 99 158 78 38 198 81 30 65 63 153 67 126
84 14 110 75 138 5 26 182 71 55 168 178 87 22 16 19 66 93 191 103 20 76 30 125 8 144 90 61 174 119 69 7 99 45 148 56 69 171 99 200 115 111 28 9 102 9 138 135 106
93 149 67 76 32 40 14 83 18 154 146 38 79 167 173 48 71 116 194 197 108 134 131 101 47 103 81 198 117 8 23 194 112 84 135 181 69 125 154 150 133 121 39 148 121 158 185 67 5
94 180 114 79 13 12 47 96 195 76 176 7 196 141 190 167 142 103 176 189 147 72 20 74 24 116 155 171 93 110 174 34 157 59 144 58 153 174 92 122 60 194 11 121 12 37 151 5 115
136 169 44 84 36 158 178 156 153 32 50 114 140 34 40 65 146 136 44 130 122 27 57 97 82 80 22 124 80 164 36 26 174 160 61 116 86 52 111 168 57 101 34 80 73 168 29 5 88
144 49 112 69 72 82 127 124 22 84 39 154 117 22 110 175 135 54 122 23 196 31 39 7 87 84 166 110 162 111 188 108 0 170 68 174 47 177 162 149 168 93 173 144 39 194 23 78 146
117 29 24 187 25 45 21 175 118 20 127 134 156 68 164 70 71 172 112 68 38 28 3 122 23 178 68 24 73 28 37 54 108 42 89 84 129 83 108 20 164 124 7 91 11 107 187 167 34
3 61 119 199 50 0 89 36 122 101 34 61 96 28 196 26 140 15 48 39 20 105 81 123 192 55 28 87 106 33 133 154 116 110 189 22 80 102 92 26 73 75 21 94 4 76 12 58 174
98 189 41 56 142 73 3 140 115 192 133 65 183 106 142 85 158 41 50 78 109 136 123 139 118 18 95 195 35 174 53 54 77 129 33 168 163 31 160 56 31 90 154 33 104 34 113 54 18
194 111 3 39 75 65 81 33 119 100 82 156 98 187 103 128 156 124 176 158 115 65 135 106 183 42 142 148 109 10 34 25 90 42 162 153 56 88 103 132 20 164 61 185 156 125 103 25 61
95 142 85 49 157 104 20 183 97 171 62 118 26 86 126 108 181 60 24 172 95 55 89 27 191 196 127 7 161 61 19 162 48 104 8 15 126 177 59 44 101 80 127 161 83 32 102 43 76
71 32 112 130 181 71 92 189 40 142 165 86 98 100 143 1 128 38 43 190 3 115 88 66 47 88 44 81 122 174 12 106 135 172 85 39 161 73 0 74 123 130 186 5 35 126 133 151 33
148 53 183 163 149 85 130 108 98 158 3 24 7 132 12 44 144 85 157 102 118 6 71 186 7 110 53 135 45 152 53 157 9 2 84 182 33 111 191 105 87 61 136 6 28 101 38 44 157
128 5 169 94 95 88 102 169 119 132 163 127 38 190 34 66 96 186 125 65 176 50 160 126 98 92 38 125 166 154 198 30 99 65 163 139 89 87 91 60 128 106 187 200 44 187 88 172 9
196 31 7 48 20 120 77 8 34 145 127 194 39 41 45 149 31 198 156 83 10 3 47 37 53 9 26 113 82 53 105 147 93 198 187 57 112 82 158 129 22 120 53 32 171 39 186 107 88
186 7 91 116 83 151 80 178 151 132 155 72 31 200 191 88 70 190 102 106 14 121 89 81 196 73 80 27 56 20 56 39 134 2 0 70 29 133 4 39 105 35 95 185 128 170 127 30 29
185 174 10 57 48 141 171 39 54 185 185 94 194 26 129 84 85 114 8 65 189 54 153 120 107 188 136 174 15 99 57 7 200 87 113 105 183 53 6 130 182 175 137 21 161 37 163 141 44
112 51 154 67 107 144 41 147 188 153 54 28 112 86 9 33 117 33 119 130 133 107 147 100 67 86 191 50 50 4 181 16 113 64 120 184 200 180 125 24 152 191 24 54 36 196 47 130 193
15 150 111 182 89 153 78 89 126 185 108 60 128 125 83 148 66 112 44 91 149 173 26 180 137 192 138 80 39 184 189 141 26 42 23 101 158 150 8 35 106 63 160 189 15 134 114 169 45
26 93 190 114 132 32 148 53 16 107 85 164 173 161 5 168 114 38 47 112 1 20 56 39 128 97 194 121 131 159 36 188 47 28 183 108 78 180 9 70 174 34 54 48 155 197 200 64 176
129 126 95 84 113 152 47 192 47 186 116 21 141 113 155 129 104 173 158 167 119 25 186 17 8 20 149 82 137 16 129 6 152 117 188 164 56 193 56 167 100 47 71 153 71 150 78 16 130
105 155 23 94 170 60 161 183 106 144 182 198 154 50 150 174 162 181 69 59 171 94 12 130 13 134 125 10 151 127 26 36 62 173 199 16 141 200 95 165 109 60 144 82 133 163 95 159 149
106 6 17 116 194 9 103 155 67 138 174 148 168 193 26 122 16 61 18 10 69 33 89 118 28 119 102 195 57 44 155 128 18 78 67 177 135 89 109 71 22 194 164 1 59 23 43 40 30
145 69 102 110 197 43 100 109 179 133 118 46 198 15 156 31 141 1 129 44 48 174 98 188 10 145 1 178 136 143 141 37 178 191 116 137 73 83 39 50 78 6 183 200 68 119 184 29 9
48 21 148 20 178 70 153 10 16 167 152 122 69 78 22 139 85 28 109 14 171 103 47 133 106 141 171 72 16 176 141 137 119 2 39 180 182 29 93 126 29 90 147 17 88 114 131 6 111
53 133 168 139 99 137 167 186 72 16 62 104 17 116 10 96 23 78 131 114 8 182 16 49 120 85 61 184 90 49 169 155 115 109 193 30 39 38 144 101 123 20 95 190 108 106 6 98 160
119 153 126 190 188 162 119 16 61 4 38 188 26 148 135 42 15 115 19 177 42 38 57 148 65 59 155 50 146 53 125 170 97 35 14 141 93 97 198 17 172 66 190 43 18 102 62 32 151
63 158 51 102 177 111 122 152 119 97 54 127 36 43 176 124 150 189 140 40 191 164 129 33 32 174 107 63 136 119 163 57 109 138 175 195 187 54 186 170 200 74 35 169 124 123 90 71 52
146 199 39 19 73 145 1 51 101 130 170 187 11 20 83 162 110 73 16 165 161 56 132 41 58 82 68 180 2 5 67 140 99 64 103 34 115 63 80 149 124 14 167 61 134 70 163 5 29
106 147 12 156 126 54 5 25 196 111 30 33 54 167 56 156 29 107 18 199 98 190 0 122 32 118 55 143 36 91 81 199 152 103 107 81 148 13 125 110 0 56 134 9 25 134 54 99 194
50 166 174 29 178 145 100 75 63 69 156 164 80 73 77 88 51 84 41 111 158 3 85 141 163 140 191 54 25 4 78 62 93 50 124 177 154 139 92 165 92 18 149 136 127 78 25 17 169
6 42 45 149 152 18 197 160 33 148 101 171 170 59 21 1 112 8 147 61 121 34 138 49 155 167 178 144 97 117 113 105 46 124 72 72 126 138 127 144 16 133 74 178 73 173 110 110 189
92 30 51 21 15 98 158 117 70 158 155 115 31 125 14 149 91 117 21 25 2 0 167 186 128 35 115 139 36 30 102 112 72 19 178 109 24 50 82 153 146 137 179 166 171 18 97 100 53
123 23 105 21 32 97 172 89 192 116 61 120 88 185 102 100 40 49 132 162 200 84 68 134 145 153 90 194 169 6 51 171 29 194 88 60 10 92 147 128 111 131 166 84 173 1 18 103 162
44 66 58 122 12 10 121 146 18 13 27 185 109 159 161 44 86 80 18 117 159 94 83 54 169 56 73 52 145 145 104 162 169 84 125 104 77 17 5 121 103 8 178 79 165 152 179 4 178
103 184 21 32 184 141 83 17 143 104 41 87 175 134 79 166 92 16 8 177 173 112 24 18 104 53 191 57 97 108 167 45 110 135 16 85 90 108 61 76 28 122 117 32 85 124 183 192 45
37 16 56 21 178 146 33 200 96 193 194 93 67 192 137 106 1 112 125 109 170 8 22 168 24 193 111 193 53 22 13 86 74 122 112 88 52 71 159 104 52 168 34 115 176 193 85 166 38
77 9 184 26 177 42 47 31 53 18 20 95 101 73 121 24 113 17 29 161 22 67 6 61 112 137 189 29 71 84 96 191 171 50 93 77 188 51 128 32 159 190 64 19 50 181 160 93 25
70 129 102 112 105 74 23 132 180 48 188 73 175 64 55 4 142 132 26 111 4 54 36 119 4 86 127 9 44 103 135 71 156 35 147 173 12 153 40 116 39 78 181 91 136 102 185 159 151
140 33 62 91 16 54 170 151 145 184 64 160 138 101 184 163 51 177 171 133 125 14 157 188 47 34 23 95 196 99 131 156 18 109 133 191 164 113 92 89 75 131 103 6 36 7 58 177 40
71 90 161 153 146 3 43 88 142 112 181 53 55 23 175 123 28 51 136 150 5 21 104 194 52 59 117 113 101 178 148 170 4 117 69 95 39 152 99 154 34 22 37 147 55 96 42 24 88
72 62 94 166 50 44 9 184 75 67 134 21 68 13 107 28 23 186 80 189 144 122 187 28 159 143 161 0 40 140 45 87 37 99 133 109 73 34 127 107 51 119 31 50 96 164 84 174 86
