53
56 91 21 139 118 156 175 74 39 63 198 101 140 117 161 32 0 109 163 85 165 101 23 120 77 133 32 143 79 151 169 54 27 146 159 13 125 123 154 177 141 83 185 122 6 53 124 151 197 85 90 140 149
85 168 139 85 193 58 45 20 194 104 10 86 69 122 155 127 41 161 48 182 49 86 8 159 154 191 13 131 132 186 57 87 168 137 140 40 143 195 176 197 171 42 12 138 45 67 81 66 9 30 28 67 161
172 84 98 63 47 4 66 149 162 141 93 134 108 132 22 73 125 55 66 133 141 153 117 137 72 22 8 115 164 117 191 99 116 106 64 193 176 114 9 157 171 41 123 44 77 11 82 27 57 122 139 132 176
128 12 4 144 126 97 122 25 120 126 181 102 182 89 179 91 172 42 121 163 178 119 50 69 153 162 140 76 47 166 92 135 66 194 9 131 28 56 109 130 189 40 199 193 67 118 128 13 195 178 67 78 173
1 46 24 160 31 15 41 122 64 10 124 48 33 196 65 5 197 96 54 101 25 193 158 20 182 197 132 43 151 195 152 161 68 151 62 11 78 85 74 15 93 184 85 43 158 146 92 3 37 106 119 56 27
22 40 192 90 200 18 187 149 194 148 108 192 122 124 97 152 51 69 105 164 161 6 119 188 136 155 174 144 168 9 131 82 51 96 98 98 23 165 191 169 72 21 73 8 118 178 139 58 52 22 141 164 12
11 40 41 195 103 198 120 4 149 90 44 22 192 40 126 83 53 27 151 113 199 181 0 158 164 76 113 31 172 125 63 158 54 134 38 44 96 109 68 70 197 191 121 31 132 14 113 42 43 133 144 10 41
6 66 40 10 126 182 23 172 186 148 163 8 109 154 80 64 130 88 193 62 197 182 171 184 10 124 200 42 137 115 167 136 25 40 12 98 140 139 16 32 86 43 51 157 189 8 97 7 23 112 98 185 61
68 72 161 87 38 12 107 62 112 67 48 132 143 165 6 28 171 69 145 173 85 4 92 145 39 151 131 181 126 113 82 24 197 26 27 6 16 13 116 26 166 157 162 140 144 131 176 25 194 21 149 146 112
164 127 1 188 164 63 23 18 107 164 159 73 2 89 27 7 171 64 145 137 125 52 193 8 197 193 171 116 67 2 144 108 131 71 157 70 27 118 113 27 173 198 150 122 90 104 132 59 153 84 50 6 171
37 144 1 17 166 37 128 8 12 150 146 95 126 89 51 13 15 35 153 159 161 90 52 105 87 6 138 185 108 4 91 185 180 71 62 124 40 188 55 169 172 132 60 17 63 56 173 143 10 151 70 54 39
12 167 108 192 161 151 86 22 10 148 183 11 197 109 171 52 55 38 112 89 99 77 173 159 99 185 130 120 172 48 109 159 97 64 66 79 192 133 157 48 148 174 197 172 178 18 117 187 67 75 31 118 184
160 65 113 137 47 39 176 187 79 188 138 94 130 136 81 105 167 154 156 12 61 90 163 28 10 44 31 109 37 14 171 83 160 8 65 91 80 187 12 178 73 148 36 6 100 85 43 146 86 154 53 76 52
7 25 5 81 46 44 127 175 163 43 180 149 68 190 106 29 5 63 187 114 122 38 23 200 151 100 91 153 155 185 37 159 120 117 37 133 192 11 128 89 148 29 65 138 133 37 37 69 192 42 22 79 10
136 21 8 63 65 120 93 185 6 35 155 119 171 172 109 165 8 15 159 156 110 17 18 58 66 180 139 36 118 194 64 186 120 45 103 69 171 85 54 41 132 101 118 14 107 150 74 21 199 196 106 108 190
162 161 125 139 44 74 53 123 60 92 178 85 180 119 47 67 167 90 44 14 142 169 122 25 102 17 169 110 171 187 22 105 73 183 8 83 141 134 90 135 182 183 33 153 171 152 120 60 39 138 28 141 177
40 59 113 99 99 172 160 118 191 115 39 53 91 36 198 116 86 61 35 118 94 97 167 116 84 187 35 76 196 125 38 195 32 97 17 136 85 34 198 168 139 43 72 86 59 88 188 35 170 190 47 18 179
128 9 196 125 98 76 119 140 142 115 75 68 34 185 165 169 157 27 37 153 111 130 98 126 155 21 88 144 99 188 91 81 175 154 185 71 105 100 13 80 54 64 103 154 9 10 102 79 152 8 112 44 24
15 136 102 39 70 19 177 96 73 159 14 108 192 99 111 2 173 7 41 15 133 92 11 22 35 123 188 110 19 157 162 98 158 1 23 51 40 138 55 47 36 12 48 76 65 60 136 77 124 42 134 21 70
44 128 157 33 188 1 137 158 63 59 111 131 43 54 122 36 186 24 53 189 75 7 67 128 0 179 141 98 16 161 29 59 39 2 130 69 150 76 78 30 124 52 135 94 171 9 4 68 83 11 35 4 191
146 58 102 9 66 20 0 102 102 39 187 184 141 73 174 95 199 67 39 169 164 132 138 158 196 33 141 177 29 189 171 71 60 134 138 65 52 114 167 193 165 128 108 147 20 94 200 114 161 162 133 108 183
28 35 17 0 108 118 59 120 71 81 16 7 192 59 121 50 47 79 19 189 96 199 122 138 37 198 140 94 63 72 2 52 85 49 45 112 117 188 122 199 72 162 59 60 65 198 131 86 177 14 188 9 119
43 188 45 24 161 120 25 105 197 56 36 108 80 3 119 140 31 104 23 2 35 45 71 176 193 174 173 191 167 157 59 15 1 118 135 92 199 178 69 114 3 25 121 61 99 90 64 133 75 200 97 25 175
196 142 142 126 26 183 99 69 166 10 22 69 56 33 72 189 39 200 61 62 50 85 188 20 165 90 43 73 83 35 16 31 11 23 74 191 149 94 45 4 94 92 114 86 176 199 165 89 116 2 7 184 104
200 118 23 91 1 18 53 198 151 88 189 180 117 118 189 0 199 169 47 55 166 64 6 126 121 90 157 103 78 163 147 55 178 119 100 104 91 17 91 190 132 99 5 38 107 3 68 96 90 12 170 43 6
52 53 188 101 160 117 149 18 85 102 98 47 54 19 123 86 190 194 193 109 130 70 137 112 148 178 56 199 174 159 66 45 128 160 27 36 189 129 54 23 174 32 56 38 68 6 141 29 84 4 185 76 99
34 147 176 163 30 114 109 59 27 182 97 181 190 178 150 88 194 1 66 94 87 4 29 129 61 41 168 37 14 54 123 101 124 60 46 108 160 75 18 30 159 22 6 191 185 169 159 122 117 61 155 146 30
187 180 78 169 127 134 19 68 63 131 10 12 185 174 128 29 186 123 84 44 161 133 187 88 133 143 107 154 22 124 193 47 38 29 169 60 108 103 166 46 78 94 117 97 123 42 160 127 92 1 193 190 12
15 84 160 123 23 119 137 73 182 171 128 182 48 91 98 187 196 106 190 103 150 96 17 136 29 39 71 102 28 113 78 74 15 79 43 148 120 38 136 35 187 121 118 49 157 145 48 39 134 39 153 174 135
73 114 116 194 112 148 103 79 54 6 178 65 29 91 75 75 98 22 52 56 181 63 172 134 90 157 191 64 117 112 29 94 87 161 35 129 53 13 56 117 35 196 194 117 72 183 95 153 62 174 187 44 5
23 165 96 16 81 9 155 191 104 150 14 86 133 34 195 78 190 192 14 118 126 200 71 44 154 110 154 108 135 115 128 159 57 168 114 50 142 106 62 18 74 0 199 6 152 99 39 179 183 129 191 12 14
16 180 107 147 188 103 18 1 193 157 84 167 17 192 9 144 94 17 78 177 38 121 139 119 42 46 123 163 152 4 140 117 169 23 24 77 92 181 4 112 48 48 3 146 43 199 198 26 153 101 40 171 73
35 25 100 55 71 106 45 69 37 131 80 50 129 146 165 174 157 170 104 185 93 145 21 130 17 37 124 32 87 58 186 86 164 186 69 48 176 51 194 158 194 4 184 195 79 128 109 40 119 181 95 69 109
59 8 113 155 191 173 112 165 33 169 37 196 79 14 146 170 95 20 72 2 133 140 16 106 191 37 116 121 61 79 67 0 112 105 63 164 193 90 73 105 80 30 195 177 122 73 133 164 183 81 84 51 94
184 70 176 84 143 58 158 25 146 29 148 83 44 153 92 38 182 119 189 178 66 90 164 43 140 70 103 100 139 150 191 28 161 95 50 109 16 96 148 143 136 120 107 7 161 15 156 148 8 104 181 153 5
51 18 83 44 78 177 131 174 134 156 169 121 83 81 150 2 84 61 137 200 120 9 62 54 145 144 72 33 53 86 34 26 176 170 152 61 108 50 91 101 101 156 63 16 195 96 98 5 177 122 150 95 193
178 157 91 60 79 78 65 185 114 16 48 28 31 83 61 30 112 23 93 110 93 161 92 87 194 100 194 128 170 96 26 62 128 10 61 10 81 119 190 142 21 122 158 177 131 142 167 101 1 163 17 86 23
101 159 122 175 139 41 156 87 193 36 172 134 122 115 13 123 154 88 183 119 56 136 43 154 174 15 166 193 194 171 46 166 100 40 94 155 122 75 123 26 120 22 3 180 133 166 158 8 14 67 157 161 114
189 145 154 173 170 126 35 52 12 151 12 194 112 62 55 57 57 30 39 168 85 55 148 187 83 102 135 15 8 57 3 148 168 146 3 193 166 39 112 58 88 20 187 103 47 82 51 152 53 199 177 188 39
79 147 59 44 29 87 121 128 186 17 17 53 34 144 53 103 192 90 8 8 127 187 127 100 59 92 149 174 87 98 49 70 78 124 195 61 177 91 165 181 45 134 149 158 133 175 37 88 75 58 26 47 59
189 168 138 177 25 190 83 152 3 48 87 158 140 18 56 182 131 112 90 141 127 89 77 174 111 183 74 146 42 107 65 51 94 8 57 3 75 86 50 19 138 16 40 72 156 58 142 61 176 156 170 65 55
196 51 80 16 177 0 50 91 148 36 48 8 67 135 99 125 129 30 100 154 34 18 66 184 88 199 158 96 2 103 51 19 129 144 43 46 150 111 119 197 8 52 194 10 20 24 152 17 162 4 149 167 121
178 87 104 151 51 8 132 2 120 57 123 9 77 75 104 65 10 8 76 58 61 150 164 24 84 126 73 82 140 139 28 48 88 85 98 101 31 117 111 56 116 192 56 36 123 166 180 26 40 37 67 5 41
80 76 112 142 146 137 5 12 98 171 23 182 101 64 178 160 149 79 199 165 21 174 37 43 92 102 33 168 155 42 17 125 166 64 194 90 9 150 33 122 142 26 45 53 59 138 3 164 14 185 178 121 81
115 63 58 11 22 9 176 99 118 45 190 57 73 36 109 36 39 174 21 163 166 150 126 74 10 134 14 98 118 166 93 86 61 131 193 43 163 34 41 160 54 133 35 20 151 101 28 53 192 9 139 110 43
182 64 126 178 174 167 145 127 137 150 133 51 111 189 27 182 76 93 117 167 32 92 91 190 153 16 18 105 135 138 168 171 16 105 95 151 12 96 106 55 148 56 126 146 152 185 174 62 73 104 107 30 112
152 27 43 191 117 143 7 157 170 61 76 126 47 48 139 16 157 195 87 165 171 164 96 178 40 22 16 33 192 10 172 192 174 53 94 121 160 8 35 105 43 65 118 148 82 26 3 163 90 198 0 190 103
105 133 145 126 45 27 104 129 128 191 26 84 134 21 180 71 153 167 55 31 150 141 29 101 25 192 106 81 94 133 140 89 79 116 196 117 178 171 62 194 145 110 86 31 146 38 76 96 140 99 66 120 142
177 133 191 197 58 185 168 41 97 42 191 20 20 173 66 71 25 85 56 139 181 101 14 78 11 14 165 166 198 37 141 32 188 78 176 17 69 93 116 183 188 129 7 48 4 154 47 154 126 132 185 90 191
110 133 177 161 119 104 20 168 37 79 11 175 94 183 159 48 134 178 49 81 115 200 166 37 109 20 189 50 98 13 101 3 38 166 49 113 190 172 173 32 185 61 179 37 24 49 27 196 200 45 116 119 112
107 111 3 72 25 121 68 177 188 102 40 131 123 163 119 11 67 194 78 68 32 156 85 82 192 123 120 32 169 96 123 110 60 12 7 114 41 70 52 23 113 22 8 43 124 61 176 101 40 185 138 37 143
129 85 81 52 194 195 83 140 97 70 151 120 183 46 95 72 99 138 81 70 4 59 122 53 41 109 64 192 134 131 137 93 177 140 91 138 12 137 158 50 21 116 114 158 65 66 13 165 176 76 76 49 172
135 30 93 5 19 119 37 144 193 105 165 111 179 158 101 165 45 191 79 14 141 17 173 88 59 8 74 45 137 88 194 58 53 55 1 157 87 90 10 9 105 138 147 64 38 58 86 83 124 0 199 95 129
