43
192 176 149 3 64 169 166 61 76 198 54 46 36 11 99 128 56 19 59 140 186 154 120 1 152 130 28 54 101 18 86 7 99 158 112 36 165 119 158 106 9 200 46
23 153 48 58 131 117 185 11 146 36 168 183 78 65 46 161 155 152 138 40 118 58 108 160 142 34 134 39 165 170 34 17 135 172 144 116 2 20 57 17 80 101 145
135 136 11 129 1 128 122 13 46 111 100 57 199 109 56 81 26 80 55 43 51 124 123 172 107 133 124 197 127 121 186 41 186 22 138 83 17 182 70 159 176 130 70
85 56 4 21 166 65 146 138 166 42 72 71 199 65 13 186 24 145 53 25 190 140 157 37 154 101 195 154 164 91 93 102 48 174 153 138 102 113 41 138 194 182 77
106 144 179 16 140 22 141 145 165 62 144 167 64 99 151 69 60 60 134 24 49 23 35 65 139 6 106 197 82 185 58 178 10 21 138 128 90 17 88 72 50 166 10
186 38 40 140 14 14 181 194 115 90 146 55 145 177 11 166 73 40 50 0 24 122 134 197 66 186 42 161 45 149 94 168 47 74 181 16 82 46 4 73 148 75 150
98 137 78 4 162 166 79 183 100 190 52 137 2 73 88 130 72 115 59 118 141 148 125 133 47 59 69 186 25 173 90 148 47 57 102 78 16 167 127 115 194 75 0
168 169 16 133 188 74 22 75 116 0 71 18 180 147 45 158 175 99 49 151 131 39 156 178 127 37 15 123 8 51 82 6 85 58 120 160 166 89 78 96 131 157 83
123 149 188 121 47 32 131 89 139 114 58 172 43 15 167 76 103 180 96 106 162 32 15 120 172 55 35 95 104 94 42 60 58 88 149 194 155 111 197 167 151 174 58
5 64 55 172 141 76 107 12 99 4 193 163 114 101 58 10 54 126 105 126 133 75 4 33 8 105 141 47 57 128 14 40 9 17 195 27 184 170 99 6 110 96 174
24 97 148 170 181 28 141 120 6 45 5 189 98 148 71 140 9 183 23 75 101 142 17 43 172 156 116 36 103 34 62 69 114 30 37 55 132 84 165 94 120 95 34
51 115 3 117 151 131 187 119 16 99 193 71 137 76 112 25 82 112 166 147 45 8 154 60 64 187 156 151 44 140 55 180 148 60 134 102 125 123 19 5 103 96 85
93 72 90 167 140 101 89 182 99 200 62 151 106 13 46 159 20 185 68 148 114 4 158 155 135 124 177 190 188 76 150 194 144 49 33 44 94 33 199 194 181 38 107
77 52 153 101 139 146 172 163 119 122 164 99 158 178 187 106 152 130 14 107 184 122 1 90 48 8 121 159 93 117 34 85 16 171 185 14 50 14 77 82 81 143 44
118 30 59 33 190 139 170 58 114 143 66 137 163 106 30 121 62 0 199 109 143 116 56 111 59 4 137 142 79 79 57 4 169 79 164 11 112 90 159 107 120 146 45
72 194 69 22 33 127 166 87 124 103 165 46 197 165 59 71 33 20 140 48 97 30 1 32 116 86 126 138 115 97 196 2 189 37 46 106 74 105 97 34 170 196 150
183 142 188 73 156 97 150 124 31 72 27 129 109 67 173 33 105 191 115 111 109 130 121 144 189 84 67 3 112 53 119 49 196 170 198 136 122 89 104 153 184 50 22
44 66 153 40 175 64 88 41 177 176 104 133 200 127 49 72 66 126 69 42 87 166 52 130 188 192 186 83 129 13 109 13 49 166 23 135 80 21 81 53 42 56 70
66 74 103 17 73 22 87 49 35 20 78 60 1 39 24 149 95 175 45 178 160 153 96 149 143 33 43 144 173 62 39 27 56 183 72 86 178 11 16 55 114 187 153
113 53 45 99 199 142 124 160 54 114 131 152 76 161 28 168 33 175 52 113 182 195 169 98 41 134 93 63 49 129 53 140 46 28 44 65 128 144 85 140 20 119 118
5 80 8 82 114 105 16 145 77 188 107 106 51 166 32 144 90 61 165 5 188 46 65 34 17 114 143 196 89 111 108 157 79 75 28 88 120 120 29 82 109 23 74
103 31 162 24 99 107 60 124 145 10 9 125 148 194 195 177 142 109 111 46 4 191 42 67 198 142 66 103 105 161 170 38 131 21 108 133 52 102 35 187 45 178 112
122 105 188 85 81 147 172 53 112 167 21 24 163 125 63 117 158 186 196 74 133 51 120 62 179 159 15 143 132 145 142 105 90 109 103 74 146 99 199 69 193 175 186
79 165 70 161 192 194 31 30 33 106 186 67 6 181 47 45 4 15 170 16 177 36 49 175 131 42 34 200 65 111 133 151 125 198 135 196 198 130 100 62 5 115 56
34 65 61 117 149 3 138 127 19 80 127 165 3 23 105 81 28 184 6 159 111 135 12 169 131 113 106 150 59 117 93 154 181 19 63 28 31 98 62 58 78 63 109
135 187 82 142 50 127 17 55 58 28 64 167 126 178 161 52 95 17 108 121 133 63 114 199 142 70 103 72 50 36 92 98 55 89 14 28 165 156 15 80 84 133 191
0 42 66 19 64 27 42 74 94 23 11 156 147 28 62 170 13 35 2 96 62 38 168 92 197 175 10 35 137 153 114 140 55 46 97 148 24 102 18 185 101 104 10
141 25 179 94 60 177 159 164 198 5 107 53 130 120 188 86 132 117 106 1 135 86 16 156 195 116 35 94 97 160 106 67 194 167 5 144 50 75 129 200 189 167 105
11 93 73 73 199 68 98 149 178 91 16 127 90 62 167 129 14 17 64 10 153 82 180 13 150 88 40 63 63 137 77 165 57 46 114 52 162 163 136 7 199 48 72
14 138 6 16 16 30 6 13 32 199 133 106 93 27 118 91 170 169 32 83 171 74 52 194 34 62 57 115 80 52 131 133 192 40 11 2 129 127 33 37 73 156 179
119 120 11 182 31 198 61 40 14 40 25 118 34 25 8 121 196 20 115 111 188 58 106 162 83 50 97 195 109 52 70 89 105 99 62 175 176 169 121 110 54 71 102
92 46 5 94 20 133 130 149 182 145 192 184 108 191 42 64 176 29 14 24 156 162 109 90 101 183 9 84 193 137 136 174 91 101 109 15 88 130 64 142 171 156 132
120 178 126 185 47 103 101 15 0 16 15 183 72 173 136 13 19 151 115 21 116 60 84 192 48 177 42 90 187 90 95 194 175 66 10 188 52 71 121 102 171 26 17
85 76 64 172 49 41 3 146 1 54 108 20 89 142 143 158 100 180 190 37 7 164 126 111 180 174 20 152 186 122 172 181 182 103 177 76 191 7 136 179 81 65 171
171 99 31 96 110 8 48 55 64 70 168 39 149 6 5 5 39 166 89 52 78 9 72 123 190 4 166 131 13 82 58 55 151 72 69 30 60 71 137 153 136 143 46
176 100 76 64 170 172 66 19 62 31 125 102 5 52 71 41 94 200 103 126 40 187 45 198 87 61 58 55 188 40 51 157 193 126 3 82 7 65 71 158 161 159 161
51 91 94 154 132 97 155 176 51 114 186 166 110 64 83 115 29 95 53 59 26 157 121 200 52 182 41 103 43 18 71 50 195 68 4 71 103 5 62 197 21 135 138
105 24 174 64 11 15 97 45 3 77 41 77 93 117 165 45 185 150 86 54 26 4 44 160 153 22 95 193 147 9 19 93 85 171 142 168 61 74 79 9 56 82 199
108 139 119 63 17 99 21 7 139 200 161 14 123 162 0 42 91 140 65 38 88 152 33 2 85 41 144 4 122 4 170 19 148 198 17 92 133 71 56 109 164 18 82
174 168 160 133 128 75 24 198 194 57 112 99 0 122 79 188 34 105 194 176 140 120 2 108 50 112 163 60 89 80 84 88 198 48 196 31 50 51 38 16 108 200 191
84 200 120 111 131 161 46 175 84 111 163 96 66 114 188 7 135 7 161 92 192 80 118 145 165 19 48 82 84 72 179 21 34 142 122 11 69 73 72 92 11 22 132
27 187 60 143 91 129 23 36 96 199 88 184 53 142 35 139 84 115 121 34 94 16 152 198 30 149 178 175 69 62 9 50 47 50 144 83 19 19 115 99 15 93 130
91 16 157 155 93 136 136 55 62 134 9 1 162 33 195 74 169 56 153 145 17 24 120 75 47 118 134 119 200 25 134 152 133 185 185 28 18 162 90 116 138 188 124
