50
13 174 140 188 102 73 54 34 136 151 4 146 108 178 30 54 22 70 122 182 73 30 129 25 144 165 25 81 174 4 49 13 139 0 185 128 140 69 178 112 33 148 123 178 89 191 151 105 174 61
29 152 159 130 33 16 152 194 72 8 3 27 95 107 72 25 183 179 11 133 29 144 57 104 141 150 54 38 105 75 135 20 27 159 10 6 16 127 191 192 161 64 136 119 11 36 19 74 14 52
12 110 126 74 99 79 158 163 90 164 135 127 89 84 30 55 161 18 109 159 156 198 145 175 182 58 86 122 50 25 28 93 47 67 121 90 199 60 59 114 199 82 140 124 158 154 67 148 183 181
193 83 162 86 5 142 118 80 177 100 110 69 177 116 185 120 35 18 156 17 105 47 186 160 117 25 146 30 31 94 113 81 68 30 170 151 124 37 100 94 163 179 4 104 62 188 94 147 97 191
155 22 38 152 115 156 40 23 93 93 48 130 166 87 45 61 134 50 93 85 184 10 131 39 33 81 120 101 93 65 169 16 176 42 50 84 12 173 169 143 4 187 61 186 54 119 48 168 161 45
60 1 170 135 152 181 82 143 144 99 13 107 18 162 158 144 183 61 104 176 168 128 174 86 112 127 92 132 23 65 12 24 76 167 178 92 26 111 64 197 178 124 155 85 117 98 128 189 141 120
8 192 105 37 22 80 72 89 129 101 55 90 106 123 64 188 156 0 13 46 44 109 169 146 84 143 174 51 180 16 188 183 148 31 57 196 164 137 169 65 57 29 71 61 11 162 21 196 161 65
89 120 7 75 41 82 181 91 189 60 43 93 27 199 51 87 142 30 150 53 129 69 183 88 157 96 156 110 151 51 176 123 65 120 151 68 18 45 59 145 94 34 191 190 188 161 72 192 15 136
98 65 189 148 98 138 84 67 119 84 131 32 85 124 17 105 36 17 34 166 48 151 57 156 163 124 99 46 140 75 120 190 172 189 0 108 47 27 101 26 83 90 126 174 9 187 26 131 60 189
81 159 110 120 79 82 123 132 125 78 146 72 30 104 111 127 141 34 39 138 135 33 20 13 149 181 133 14 110 128 121 89 176 122 50 164 169 174 84 174 35 37 103 87 139 147 143 92 106 85
55 137 36 83 93 29 163 199 118 47 140 44 193 199 52 132 97 168 66 35 175 32 35 110 111 118 100 10 39 69 76 162 159 16 98 38 143 197 156 110 164 23 0 199 10 12 143 144 14 199
175 88 118 154 46 82 85 56 44 105 122 175 158 93 80 144 100 5 16 156 200 96 157 100 25 139 69 5 27 196 46 7 26 115 48 138 174 168 72 134 164 140 106 108 106 30 15 55 31 68
76 102 102 98 43 197 108 165 83 93 60 69 38 162 74 184 154 124 52 87 137 156 19 129 91 4 104 32 200 61 166 180 132 42 165 56 65 67 78 199 153 21 52 41 81 81 159 50 195 175
200 157 22 122 124 13 175 179 112 2 116 51 94 21 75 17 69 0 127 86 31 59 120 174 131 173 3 51 26 14 108 73 93 150 102 62 97 149 6 59 150 142 160 48 52 5 134 148 171 164
182 174 64 15 172 185 197 37 82 16 143 64 147 171 176 166 104 176 89 18 45 48 100 168 122 46 131 153 51 20 66 128 20 17 180 49 52 27 17 66 38 176 129 28 17 109 39 123 51 26
8 52 105 83 28 3 10 177 13 85 45 76 186 59 80 40 154 191 156 135 187 155 151 17 10 169 67 197 47 191 51 179 49 72 104 97 69 70 97 162 195 176 193 77 89 60 89 16 175 153
63 12 183 199 56 4 51 110 174 112 116 15 200 46 163 158 49 54 188 47 178 51 124 146 123 140 200 175 87 95 119 159 46 192 47 31 132 153 167 25 184 175 69 128 181 193 37 2 171 100
12 161 31 90 176 136 16 47 163 71 40 146 152 158 190 46 50 84 127 32 176 194 12 9 101 26 166 3 59 2 55 103 158 50 19 10 0 9 9 178 38 65 28 192 131 18 1 82 3 179
175 157 126 63 152 135 126 38 111 22 61 106 125 13 56 177 81 191 128 138 38 164 191 186 12 143 122 112 97 20 43 136 62 109 85 192 97 126 190 64 165 173 83 81 36 86 109 87 43 82
129 177 125 5 113 139 40 20 153 7 53 111 138 145 30 106 150 70 74 24 179 96 196 118 63 177 91 102 189 185 85 113 89 83 113 7 132 179 71 9 37 54 138 24 190 106 51 157 194 85
126 73 84 61 34 132 165 120 125 76 148 178 154 110 161 162 112 190 132 154 24 93 147 124 144 59 198 191 42 76 19 90 57 125 71 172 68 126 199 38 191 121 169 110 132 6 102 146 161 110
94 36 17 113 39 48 146 142 53 56 76 106 47 50 31 184 18 195 26 78 119 152 97 197 21 53 101 115 78 72 93 121 63 172 192 67 165 72 134 132 134 134 199 31 146 8 51 121 2 178
157 135 2 177 125 168 29 118 156 8 19 106 90 162 94 39 0 39 179 10 90 16 87 116 193 88 61 188 27 51 195 23 116 167 92 113 91 138 89 53 43 60 26 130 124 135 5 74 100 195
42 170 163 185 164 32 6 29 188 110 24 154 37 53 165 14 34 32 153 83 136 145 200 123 89 0 196 43 106 10 28 145 198 84 39 176 193 51 56 157 180 66 49 20 85 50 6 11 199 30
159 91 64 114 151 145 186 145 97 138 88 70 135 8 34 71 70 169 111 180 163 189 144 117 34 192 98 51 155 98 166 57 188 152 136 41 137 116 139 43 49 117 199 190 72 186 15 143 102 155
114 80 91 135 125 55 43 49 93 123 111 43 163 159 150 147 187 186 183 9 64 94 79 89 34 64 62 133 154 9 99 23 167 63 126 1 137 21 49 83 39 177 154 197 135 121 17 92 96 118
124 152 19 191 99 53 152 176 147 123 106 133 109 8 169 91 49 111 15 27 104 173 175 48 82 162 142 144 196 139 22 41 160 33 176 185 10 120 10 115 173 167 2 194 156 106 43 197 10 127
161 162 97 74 121 196 132 86 9 181 138 149 161 64 146 99 97 56 97 196 20 31 0 105 180 95 200 132 154 160 107 122 80 103 70 97 196 33 67 2 48 166 90 127 58 45 155 193 91 189
70 19 160 134 161 97 129 9 178 164 113 30 91 137 171 58 96 140 10 153 74 176 111 196 2 167 3 45 134 117 143 127 138 32 163 93 69 172 143 78 55 170 200 182 15 47 160 143 25 39
179 93 193 65 87 27 138 128 187 100 172 65 64 103 87 64 92 178 74 154 195 30 158 122 116 152 111 124 66 115 74 151 141 70 65 100 128 27 165 125 109 64 158 181 32 21 176 174 158 179
147 77 199 71 97 160 137 27 103 153 82 195 30 186 173 142 192 77 187 147 195 137 68 102 180 66 130 10 148 93 71 74 37 129 108 51 147 169 154 193 114 35 105 157 149 165 41 24 40 9
74 140 129 48 157 103 163 179 86 69 158 175 23 59 27 174 78 146 60 44 0 77 31 37 144 34 157 165 49 188 123 97 190 63 3 52 110 13 2 68 167 8 172 188 44 48 177 51 143 74
88 78 174 200 166 49 92 112 183 60 105 88 161 4 6 83 94 88 3 8 158 18 74 74 105 153 129 60 193 133 130 154 1 8 33 192 134 57 99 111 145 118 129 25 174 16 113 192 191 142
28 32 104 106 74 0 173 35 109 69 180 27 51 0 56 180 49 89 198 108 141 126 68 68 151 116 88 31 144 180 130 186 20 170 110 81 47 30 159 144 16 26 39 24 19 30 53 33 125 22
147 175 147 180 143 130 25 177 5 69 19 36 145 84 158 10 154 116 55 179 106 131 17 37 151 95 153 105 74 18 70 41 172 13 114 192 122 93 139 43 162 177 112 35 162 32 199 172 51 200
181 18 147 38 81 199 186 187 55 163 171 48 158 57 84 48 88 199 86 109 91 6 23 94 89 91 57 182 185 152 99 8 68 9 145 1 99 71 64 178 36 48 13 25 64 39 190 134 35 142
37 85 84 16 70 84 194 10 138 42 67 36 79 84 186 127 158 157 140 59 44 8 180 176 198 107 170 161 32 37 7 43 4 175 11 146 135 18 105 126 157 107 139 29 168 183 88 108 138 137
112 128 127 11 168 2 3 199 82 170 81 113 158 154 182 52 67 93 144 103 162 124 199 48 43 51 80 61 33 10 151 67 59 67 73 139 123 70 174 153 20 39 93 89 101 1 174 144 141 120
26 183 134 96 127 51 89 96 164 11 191 22 198 61 9 11 102 157 185 131 198 57 87 62 173 199 26 50 155 90 68 154 165 58 6 136 132 134 91 25 40 42 103 28 135 67 49 180 89 64
45 11 85 54 56 59 35 168 67 118 103 158 4 132 102 180 99 6 197 86 157 142 2 149 64 28 30 118 68 174 171 149 114 191 112 38 30 45 93 169 162 27 166 120 55 162 65 115 132 168
114 145 166 44 90 188 111 113 124 138 24 163 196 70 140 52 162 63 173 30 80 128 145 9 128 28 167 31 187 164 114 170 31 36 169 125 29 58 142 107 177 170 66 26 80 35 178 111 90 105
13 23 144 101 146 131 104 197 76 184 31 107 127 155 122 165 88 123 174 27 119 182 107 26 142 107 16 77 152 1 96 14 106 21 105 73 107 171 84 63 72 26 73 28 194 125 191 45 93 121
65 146 187 82 105 151 117 30 50 43 139 69 5 139 47 130 149 95 95 1 24 69 192 132 76 136 184 0 27 109 124 54 23 164 150 124 91 168 156 176 28 121 12 94 54 152 140 62 105 112
86 160 129 185 172 85 23 140 66 196 18 13 160 125 69 114 11 130 49 7 90 14 134 75 167 123 71 193 92 162 144 55 3 185 2 10 136 73 89 183 99 26 2 94 162 56 11 173 196 185
31 119 79 92 166 30 160 115 172 34 29 68 191 175 26 102 56 115 83 123 129 98 11 144 65 158 160 144 152 134 42 24 15 134 70 124 68 132 61 1 51 6 193 80 189 153 154 32 141 21
123 103 78 38 6 200 37 152 187 20 128 160 105 18 111 94 29 82 107 104 35 70 90 45 75 165 114 103 100 9 137 19 145 155 31 88 47 88 86 116 96 70 58 161 196 3 160 169 177 107
4 100 13 47 36 192 78 80 124 50 77 26 149 21 112 129 81 144 42 31 133 113 173 53 165 102 72 95 161 160 77 69 17 23 200 20 142 110 152 145 113 134 50 76 143 139 119 138 125 124
110 112 74 90 19 4 124 1 153 63 7 188 29 101 131 147 118 3 49 19 83 81 140 138 199 164 90 0 19 175 136 153 35 126 129 147 161 47 179 49 175 80 39 92 67 32 20 116 68 164
35 78 158 48 50 151 115 190 79 180 110 94 6 32 39 176 143 166 138 88 119 10 134 153 149 95 129 63 119 181 189 33 137 173 107 129 25 28 180 57 13 11 70 174 96 96 16 176 74 118
124 172 73 95 163 150 87 126 83 71 181 43 188 137 134 4 68 12 21 110 161 94 93 173 6 68 84 193 191 113 193 90 90 65 138 3 25 19 138 93 69 41 129 50 54 77 198 115 166 177
