69
136 39 191 63 58 32 89 27 80 142 3 23 142 16 146 3 145 44 53 46 71 104 56 41 129 9 7 121 174 125 67 110 169 94 150 51 187 29 113 49 0 2 30 113 106 41 166 112 183 172 2 42 98 115 160 11 73 148 37 26 133 94 161 15 87 96 144 34 159
0 34 170 22 135 20 2 110 6 5 97 39 162 70 139 58 177 108 192 13 21 196 125 44 167 68 119 36 131 142 50 185 192 18 143 142 49 34 85 138 11 106 191 161 189 29 192 66 73 112 18 148 155 7 116 112 194 129 119 185 180 113 14 107 6 126 17 135 174
40 47 59 165 0 88 118 113 173 118 175 80 122 94 133 147 123 105 64 157 87 3 71 127 91 33 94 151 57 196 82 160 39 94 67 92 176 114 48 140 31 127 63 175 117 137 133 44 80 184 12 192 107 140 122 164 73 67 75 113 126 88 123 151 65 96 198 165 161
27 68 61 160 179 81 111 85 143 119 25 114 40 122 126 148 7 24 174 47 135 68 42 78 73 41 167 133 87 125 137 141 166 170 7 191 192 183 9 162 115 59 48 12 31 74 72 153 70 189 0 92 124 107 148 160 113 18 70 156 0 87 143 95 190 65 67 91 198
109 50 189 195 149 196 141 26 64 68 164 166 83 40 61 29 138 168 114 6 179 22 195 83 52 173 13 93 58 119 197 196 102 44 0 53 2 131 124 8 138 62 45 85 167 75 131 175 53 165 74 106 79 41 156 199 64 158 100 61 98 130 182 110 16 164 151 140 171
6 107 133 132 173 30 114 96 92 107 67 23 96 129 28 187 64 66 161 186 19 189 180 127 50 173 20 136 101 200 79 11 29 145 130 74 69 75 83 174 81 42 39 45 95 82 157 98 113 72 165 191 164 67 27 62 177 145 63 20 22 103 188 112 86 101 19 157 98
59 113 97 147 86 25 128 90 84 57 105 196 105 158 101 56 198 182 154 190 43 41 69 128 136 143 55 92 199 33 9 125 116 142 181 159 5 48 189 200 181 109 183 2 93 147 87 18 4 160 141 110 0 100 107 141 137 67 60 190 70 169 69 10 42 14 1 118 171
53 82 53 88 12 19 109 96 102 183 6 10 52 117 18 21 142 86 11 63 136 29 15 69 136 179 187 155 44 2 5 109 82 57 65 78 91 139 56 149 93 43 129 83 197 132 52 137 111 61 41 61 6 181 182 58 41 65 179 66 116 68 80 72 67 39 125 23 162
53 168 83 114 14 194 170 38 151 158 90 67 194 178 44 31 74 192 177 16 149 2 102 16 120 13 77 104 152 1 197 183 147 47 143 164 190 37 141 22 100 111 175 184 32 30 49 41 179 117 7 22 181 137 20 50 95 46 161 98 48 190 53 191 32 103 115 54 21
36 48 120 169 76 55 182 132 197 117 93 165 55 104 198 87 53 135 127 161 72 17 58 165 131 108 95 149 72 194 2 143 50 71 20 174 66 3 162 17 68 114 97 98 14 89 46 176 154 41 14 113 172 28 74 161 136 161 118 48 14 30 24 84 162 188 72 197 116
121 166 84 166 156 115 30 104 54 51 127 146 161 33 170 45 68 191 92 176 28 25 7 62 117 174 107 122 96 51 34 196 45 45 3 87 1 23 146 50 187 156 4 80 84 41 173 72 76 181 101 104 41 163 64 103 82 9 61 155 22 117 159 196 167 80 90 172 172
183 33 115 19 20 117 146 184 164 102 91 34 63 71 183 81 7 173 103 52 37 145 123 122 154 31 142 7 32 28 17 165 146 150 200 80 104 82 165 36 163 34 173 83 143 34 163 62 122 116 166 62 97 68 141 36 111 155 192 132 154 117 186 17 88 50 108 70 95
20 3 56 143 69 157 2 25 156 47 3 79 89 104 126 15 62 109 98 131 103 183 40 198 47 118 106 62 97 130 69 198 180 144 53 37 135 14 58 138 86 62 134 72 125 170 44 167 102 195 46 139 40 31 5 200 58 85 58 12 104 142 116 116 121 116 138 27 34
144 162 168 172 124 43 17 109 97 167 160 195 49 106 171 82 191 87 164 124 77 127 42 179 165 43 139 6 93 148 144 146 44 103 184 159 117 163 51 189 67 180 9 187 117 156 178 4 87 12 70 126 122 136 177 55 132 10 2 133 118 133 100 188 181 43 155 169 54
182 40 23 84 20 90 108 9 193 190 119 88 178 195 23 139 38 130 0 65 167 96 134 171 38 79 91 110 182 196 1 118 179 82 194 130 34 11 121 112 62 47 74 159 188 87 167 47 95 123 106 163 11 117 36 109 35 67 151 178 186 4 14 186 45 26 80 67 173
33 103 6 163 177 43 65 121 111 199 37 72 194 95 169 127 19 142 95 153 128 60 152 131 90 113 61 158 92 126 160 124 152 83 43 199 105 133 121 33 141 56 147 75 137 155 45 102 80 141 76 4 121 183 33 134 87 127 22 129 105 82 55 191 71 136 192 41 107
159 1 37 77 87 27 70 199 118 27 158 0 151 110 120 117 18 66 40 91 54 89 48 11 106 127 154 87 12 21 15 17 115 34 97 175 138 152 139 126 94 72 166 99 87 30 74 56 38 199 125 100 68 3 71 118 136 119 45 146 130 4 38 189 190 190 57 74 200
83 42 94 122 37 103 124 156 173 57 76 167 149 105 70 133 72 120 79 154 125 7 102 181 90 49 7 17 136 48 175 82 171 0 1 131 127 96 103 66 87 120 80 25 22 116 187 158 44 144 57 94 25 37 76 47 60 167 83 126 29 103 3 83 54 25 85 151 34
142 98 148 5 155 113 176 168 64 111 147 112 52 162 4 114 32 6 188 131 144 4 40 161 61 172 72 74 78 174 162 11 167 49 78 171 72 16 92 190 9 112 91 171 2 3 25 190 85 154 47 68 144 91 52 165 134 159 195 95 164 106 107 169 40 90 36 148 134
81 157 18 132 102 55 123 51 69 147 74 106 89 172 163 150 197 77 156 155 43 49 173 78 43 49 59 61 70 107 60 191 171 118 32 193 7 6 8 8 54 8 9 75 9 87 49 165 167 35 115 129 38 145 141 150 196 200 174 177 126 113 136 174 64 119 174 31 98
167 59 131 11 193 196 72 143 60 131 8 21 157 134 182 21 68 164 107 124 115 27 178 158 120 91 51 71 70 110 163 53 4 186 67 48 74 59 70 9 80 94 67 12 118 55 46 137 150 32 156 105 64 85 65 88 149 106 129 136 176 190 200 88 119 67 122 185 41
197 44 74 159 76 155 7 157 126 73 109 48 3 80 157 185 136 108 167 24 84 67 61 78 50 183 34 34 172 2 174 54 77 13 12 186 133 29 73 189 177 79 68 163 58 94 36 27 153 72 51 52 125 79 94 182 40 18 130 64 96 198 108 12 82 125 147 186 78
117 16 173 31 181 153 153 116 114 199 189 138 108 89 183 0 95 197 184 150 10 71 43 128 155 19 23 84 105 109 124 111 171 197 18 171 181 127 170 138 124 131 86 63 120 189 56 113 92 38 24 142 54 51 151 145 86 169 126 190 17 24 181 8 3 144 6 159 14
56 73 80 176 102 128 74 5 61 39 127 151 155 74 183 75 1 78 5 92 123 27 11 148 114 117 10 79 54 190 127 80 85 195 119 64 20 144 16 45 76 96 117 58 100 7 115 49 40 115 181 155 93 162 95 139 20 121 50 26 3 43 135 15 4 197 13 125 161
122 136 142 133 137 4 89 121 139 109 119 152 10 115 113 51 132 161 181 81 198 9 15 174 190 81 139 14 176 123 120 159 190 133 40 120 51 138 167 107 148 195 119 148 10 110 191 65 187 156 182 103 94 73 132 49 162 52 27 138 192 38 15 40 63 93 174 86 180
56 69 157 85 181 171 35 117 129 177 161 175 57 111 102 163 95 158 142 23 30 175 55 192 126 44 30 26 25 2 67 128 124 103 135 131 154 75 178 188 92 66 151 152 27 132 31 186 29 151 109 108 83 54 53 183 173 136 165 25 18 114 104 62 37 105 189 60 155
122 161 38 115 129 199 111 159 165 27 18 81 63 138 104 136 35 192 119 159 16 62 24 161 113 60 67 21 98 73 84 169 158 181 143 24 156 101 195 141 30 68 57 39 13 132 41 61 101 125 99 199 188 199 135 127 109 14 143 104 157 21 86 147 169 82 12 13 102
138 45 52 57 15 19 154 143 13 22 15 50 82 87 72 155 106 186 23 146 32 100 130 126 175 21 119 62 149 195 158 36 128 18 9 177 89 50 57 77 172 160 56 113 146 106 53 143 81 2 120 81 19 29 29 87 149 116 160 159 42 51 116 167 171 45 41 45 96
158 183 151 195 50 167 22 83 104 0 5 158 16 14 133 154 193 157 42 158 153 195 96 60 130 150 140 109 108 153 49 200 169 49 22 29 93 45 137 3 141 38 153 76 77 163 64 180 88 141 112 168 59 77 65 173 126 152 85 113 99 46 113 190 88 60 171 165 70
78 9 2 174 145 75 29 103 133 65 62 173 149 107 103 166 139 27 26 153 31 182 141 96 41 54 69 137 3 40 104 129 94 113 53 124 86 116 9 98 140 92 123 130 54 102 39 68 10 83 69 88 123 161 117 135 128 146 99 168 23 42 116 183 111 183 11 12 6
117 129 4 75 72 191 101 169 72 24 19 12 62 37 109 55 173 71 90 111 159 162 60 67 54 196 93 96 129 29 81 174 187 29 159 161 38 72 119 4 74 129 196 92 127 102 27 55 84 87 79 12 121 112 10 115 137 90 145 189 112 1 80 137 84 183 133 5 8
173 121 35 138 29 147 194 81 184 165 99 1 9 71 26 88 69 176 124 150 174 86 79 179 168 195 13 198 19 73 175 12 78 9 132 108 92 5 140 168 78 200 110 76 118 160 186 30 187 116 177 52 145 58 53 94 76 140 10 161 24 14 9 100 161 119 139 91 71
28 28 153 155 163 63 20 145 30 188 126 20 200 115 82 94 142 172 42 58 120 110 141 65 174 26 188 71 56 86 197 10 81 108 42 5 60 136 115 191 178 84 41 65 179 15 148 129 12 64 112 106 107 78 128 144 16 167 128 153 129 142 4 137 199 168 152 86 85
120 165 65 112 58 189 153 44 92 100 30 24 24 125 182 158 8 120 177 44 131 195 41 97 107 177 121 40 200 72 94 141 116 65 138 174 81 22 27 147 134 72 72 74 57 61 159 21 157 147 28 145 200 4 124 11 189 170 159 156 11 152 68 85 178 99 169 120 132
196 155 172 55 100 31 52 100 103 177 29 59 89 41 75 200 163 102 42 41 61 128 133 117 196 79 157 50 146 48 111 0 161 90 157 170 133 184 116 17 48 161 19 7 54 52 70 44 199 162 177 184 58 72 129 104 44 103 58 82 81 183 185 186 26 121 37 43 146
68 155 121 62 131 15 1 172 10 16 73 125 109 133 36 104 17 115 162 26 110 101 12 8 5 32 119 81 73 109 167 150 127 54 106 42 25 103 78 49 88 193 148 170 90 31 146 159 61 90 162 114 170 151 66 65 142 8 33 51 55 122 153 22 149 56 78 185 167
133 63 132 53 114 160 67 155 14 62 78 154 13 191 31 168 75 23 30 93 118 179 187 36 182 42 87 70 6 171 186 198 26 124 167 96 44 130 137 4 140 169 75 23 192 0 126 33 184 88 29 112 176 179 61 48 19 93 13 127 151 109 118 4 34 100 117 11 158
133 166 74 79 69 109 95 172 7 85 133 10 78 36 139 76 43 15 41 106 154 146 164 57 47 95 181 165 161 49 194 190 200 60 157 59 86 192 152 69 4 177 115 40 6 48 92 122 80 49 184 90 34 105 83 185 107 103 137 35 48 100 183 122 176 95 35 88 105
193 135 52 13 83 185 144 60 105 72 1 192 147 16 92 196 110 38 165 90 169 34 119 165 105 85 54 122 89 182 22 64 65 151 181 126 126 75 174 79 193 87 7 36 76 137 22 157 22 41 97 47 12 193 177 70 96 89 111 58 55 187 68 85 111 22 151 165 8
3 164 85 163 165 76 183 199 43 139 67 23 102 60 57 121 182 89 150 113 37 64 16 50 70 158 186 51 146 25 160 107 32 15 110 113 114 182 0 24 169 123 17 19 78 184 99 196 36 141 89 74 77 121 188 125 114 144 37 186 39 121 175 144 101 57 72 113 124
86 161 140 179 43 107 26 26 0 47 132 32 190 182 156 60 132 187 34 164 86 92 39 98 70 117 32 167 169 3 30 89 121 185 193 55 99 181 169 161 104 141 110 80 19 1 83 125 123 27 32 57 63 91 123 27 76 182 163 60 83 33 77 118 90 114 69 189 180
156 44 65 88 175 95 60 182 63 33 115 51 80 185 18 75 148 128 62 74 142 136 165 121 86 141 70 163 154 60 40 194 26 101 100 150 123 177 125 82 45 130 98 121 117 110 30 141 15 62 19 99 133 24 73 119 183 196 148 156 24 87 27 199 153 25 82 139 87
29 72 198 77 86 24 140 83 61 43 14 151 92 86 118 8 30 24 78 79 103 24 187 38 53 58 44 170 178 32 79 184 133 49 98 22 26 114 134 60 68 33 62 172 144 116 72 152 162 36 115 55 192 71 121 190 139 104 120 45 136 150 185 57 97 106 150 153 116
148 77 191 114 136 173 162 34 98 124 147 165 133 126 40 70 155 85 162 2 81 199 169 193 20 92 158 127 43 111 188 130 197 59 66 57 68 152 116 31 54 18 18 111 10 38 15 198 172 25 116 137 196 179 41 173 119 91 183 123 43 20 72 103 159 76 19 153 48
155 39 43 148 190 151 9 74 145 70 108 116 83 35 124 195 75 105 170 137 91 107 171 83 132 169 183 35 139 178 174 177 6 186 8 92 155 142 187 62 4 133 90 69 0 66 100 35 190 68 47 64 119 149 144 131 167 133 149 157 44 114 87 172 177 123 198 149 172
179 76 60 62 110 32 144 117 125 138 75 49 47 24 3 70 102 91 91 58 57 48 101 60 123 55 181 88 132 19 156 4 128 11 112 168 154 7 173 114 22 93 141 66 96 169 89 192 10 157 176 75 60 194 2 135 118 170 91 108 16 138 180 181 165 149 180 51 133
19 184 128 143 170 155 25 134 75 76 25 81 135 167 174 133 155 118 34 50 199 161 34 16 104 163 175 35 190 34 162 72 177 183 96 97 181 67 121 13 164 99 182 107 6 106 182 195 80 11 113 146 173 181 29 99 130 133 41 59 3 115 174 10 158 80 138 197 84
12 24 162 136 184 4 9 110 112 71 189 156 108 35 193 167 56 89 168 63 165 29 69 136 169 58 185 155 167 181 94 157 115 74 105 130 84 101 32 143 73 23 151 66 139 76 114 100 50 177 123 2 121 87 50 102 105 187 92 22 77 82 171 112 6 194 119 51 196
112 139 40 61 118 84 170 15 194 170 164 110 7 121 194 200 169 130 166 93 155 94 54 107 6 184 94 9 16 60 161 33 128 150 47 30 39 100 143 106 90 6 82 78 119 147 12 12 77 89 87 73 41 179 95 121 124 197 8 179 134 31 193 59 172 197 137 46 149
76 187 49 60 140 53 103 91 101 157 22 174 0 39 88 129 158 101 49 135 2 81 120 88 179 68 26 160 98 67 53 89 56 73 72 12 96 171 99 50 195 7 15 65 184 158 165 86 48 169 182 18 159 97 93 58 70 36 138 161 104 160 147 193 146 199 56 181 19
38 174 65 79 50 146 115 23 71 75 67 39 77 97 97 111 19 176 47 123 157 22 178 123 117 32 9 171 67 7 94 147 10 112 110 116 130 48 9 165 7 61 28 96 53 12 113 125 119 88 35 175 54 93 50 151 108 162 57 136 177 44 79 192 190 169 180 43 43
179 122 113 15 10 64 113 147 109 95 147 124 100 17 31 163 89 71 55 57 80 169 55 91 154 163 128 59 20 136 45 53 35 22 52 90 23 36 102 189 198 86 35 36 28 69 50 165 142 159 109 17 16 82 74 55 123 21 185 152 180 163 135 55 195 33 21 66 128
78 9 141 26 88 64 46 81 156 189 113 192 154 153 42 53 18 122 137 104 121 182 187 39 123 182 163 113 36 111 45 154 0 170 166 29 116 158 159 160 32 80 196 185 49 60 142 82 161 198 7 151 2 178 83 40 193 38 172 55 198 113 135 131 142 90 15 142 33
117 72 92 190 41 3 186 44 196 42 11 50 157 61 64 53 78 45 144 136 102 79 174 65 79 122 114 178 64 38 162 32 106 79 61 52 129 129 157 137 117 154 161 24 98 159 3 115 107 65 120 23 182 45 48 52 31 20 36 147 47 85 115 73 194 200 87 116 55
14 168 157 105 199 159 30 155 124 81 122 185 40 184 68 69 68 88 125 196 60 9 91 19 196 145 26 185 141 49 114 146 180 119 18 151 6 43 36 59 71 37 104 8 182 111 5 98 65 62 125 39 80 64 34 187 18 26 100 143 167 149 14 41 125 29 66 100 192
80 164 134 28 58 185 159 10 168 89 9 138 22 27 2 15 58 197 70 26 28 77 128 144 63 113 170 110 100 174 64 176 20 199 178 200 70 63 3 43 109 145 33 94 162 17 137 41 144 199 50 186 71 65 92 79 49 83 135 186 46 65 177 5 109 185 60 19 41
33 67 141 122 56 67 192 134 138 3 83 13 98 11 84 36 98 88 102 6 185 171 123 89 70 117 52 56 102 56 144 49 199 160 177 179 83 142 88 10 165 186 166 109 5 4 97 77 172 32 200 116 129 173 154 51 122 102 194 61 7 84 56 138 151 65 43 121 139
162 67 67 104 154 139 36 103 47 47 50 198 37 117 30 190 85 120 190 12 20 191 197 114 0 45 26 168 46 11 7 190 145 114 138 26 196 100 1 62 176 188 188 30 127 110 11 71 121 60 170 81 20 21 102 181 106 159 118 31 101 122 200 113 155 68 35 8 106
62 192 113 2 4 131 45 7 136 91 153 27 145 88 129 132 112 75 37 38 30 191 134 133 87 121 24 189 1 62 116 85 60 20 135 135 23 27 177 175 25 67 110 67 142 16 61 110 3 87 40 140 177 69 84 73 58 179 174 51 63 26 110 0 162 190 169 154 51
50 89 192 40 75 135 65 60 103 134 193 149 159 70 80 45 178 94 120 131 153 166 76 169 184 92 138 22 152 11 58 97 42 89 59 195 89 27 32 120 144 68 185 164 12 154 67 62 78 199 170 187 122 35 155 169 7 101 8 41 25 136 52 30 180 112 199 101 111
129 48 21 40 125 192 117 100 92 36 21 3 23 115 157 136 35 36 82 23 83 21 79 132 153 140 155 171 162 169 174 112 107 55 79 47 190 176 199 94 145 44 63 13 116 105 36 57 44 69 39 11 120 148 156 83 142 62 159 51 55 105 103 32 34 157 174 146 8
4 105 34 193 19 96 152 188 87 173 63 197 98 163 8 200 73 89 121 102 166 169 20 143 65 129 153 17 115 150 147 149 59 34 0 3 126 21 32 14 72 131 106 28 106 82 67 190 161 85 174 62 187 27 33 175 194 116 164 129 132 179 128 100 152 109 180 22 57
195 15 149 171 194 142 133 27 41 56 70 57 131 138 50 78 50 139 186 198 162 147 182 49 124 1 97 36 109 125 22 143 2 66 106 167 156 17 154 119 68 195 122 200 83 108 107 43 13 110 36 160 150 175 107 18 58 169 53 50 48 121 78 66 114 113 43 38 26
86 113 185 135 72 7 110 179 116 156 79 182 166 60 189 133 29 68 78 98 87 142 103 89 118 74 140 60 57 54 163 102 94 167 45 81 96 63 123 52 113 33 185 191 43 89 145 121 127 172 64 154 185 150 113 149 153 179 136 107 146 107 43 171 9 123 85 93 197
137 106 190 3 92 68 116 89 179 58 100 152 25 151 62 34 120 151 65 135 30 130 42 187 75 188 98 165 3 128 179 181 151 194 173 64 74 153 178 179 45 109 191 121 4 121 195 12 100 4 132 58 27 190 11 145 86 24 136 39 142 177 119 161 140 14 182 14 62
184 200 89 30 168 110 150 101 132 104 78 121 88 76 134 1 109 163 153 198 174 70 38 149 176 118 44 118 144 81 171 49 31 175 36 184 45 50 68 97 7 186 23 124 15 26 3 164 89 190 17 45 79 137 68 95 29 99 117 172 169 187 2 194 110 15 190 132 138
83 107 150 10 50 198 81 49 52 151 190 101 80 25 95 178 74 151 186 149 68 154 158 66 131 95 193 145 40 165 179 37 22 65 102 122 27 156 193 177 173 60 130 73 180 44 150 62 32 115 111 95 34 129 116 179 48 75 102 142 68 160 110 21 10 197 177 131 33
86 145 130 81 119 181 59 47 130 16 3 2 90 47 21 81 110 123 40 197 154 44 152 42 182 125 59 13 191 153 51 177 56 67 51 163 107 48 31 89 27 114 64 172 74 178 166 190 51 178 167 119 113 173 161 99 47 187 36 123 29 8 80 84 161 23 1 176 144
153 17 70 174 90 166 15 148 167 35 94 58 35 142 71 102 176 166 96 59 167 68 128 104 179 129 41 64 20 180 158 121 78 33 192 174 75 132 178 30 123 166 68 145 39 26 132 180 196 47 170 23 151 200 118 99 174 140 72 43 197 150 39 23 110 1 23 186 22
