41
142 80 73 58 167 178 154 18 45 172 123 79 81 10 94 162 19 145 150 41 36 113 167 12 18 1 195 188 167 199 58 41 183 96 74 185 3 199 20 192 200
190 61 34 6 185 176 129 198 73 107 83 110 83 181 61 138 11 101 18 75 74 140 171 36 160 47 187 81 8 198 113 196 54 81 143 109 44 107 89 55 148
43 75 151 199 190 131 44 2 68 143 119 125 187 130 99 103 103 94 16 112 124 9 130 150 1 86 87 195 171 97 143 106 59 44 190 63 56 187 62 93 5
52 74 108 158 150 128 192 91 31 145 189 134 135 196 107 147 105 138 123 176 110 19 95 3 172 27 93 28 194 36 145 6 26 69 60 167 116 63 102 185 192
20 198 18 61 63 87 56 152 84 6 43 145 168 97 54 102 42 12 40 33 133 164 112 120 127 131 143 145 28 161 3 163 39 35 120 67 24 176 7 31 172
191 100 156 61 183 123 55 50 64 31 80 120 49 167 143 95 35 172 195 169 28 189 150 98 99 68 66 37 121 132 185 17 178 9 170 28 90 130 59 120 63
73 48 127 45 165 58 163 181 91 173 141 50 137 174 134 59 122 89 25 199 87 193 121 13 33 88 14 169 135 72 120 9 147 95 0 84 192 196 107 187 106
126 8 34 107 26 171 151 165 184 116 107 92 114 63 9 179 195 147 165 101 197 165 103 54 10 67 145 11 54 158 76 193 1 27 158 196 75 77 4 139 117
2 144 180 181 111 145 13 12 158 143 138 131 196 136 51 48 65 142 192 192 105 101 185 144 105 109 53 57 57 150 40 117 142 82 11 115 196 6 109 68 41
133 27 28 165 13 61 8 141 124 24 18 23 156 135 143 122 83 157 157 196 159 87 71 165 164 199 39 68 139 42 89 186 187 146 37 150 18 186 195 103 103
187 85 143 31 3 110 110 181 153 39 121 27 178 178 116 166 6 114 28 136 95 102 86 176 1 79 43 51 32 6 118 177 23 74 159 143 139 199 84 114 155
188 79 83 46 152 147 137 96 17 57 196 180 139 89 85 151 103 1 69 43 190 40 72 135 129 27 68 56 133 185 146 155 141 114 63 125 183 55 42 128 164
77 199 26 106 154 62 186 149 145 57 80 127 147 6 124 64 38 148 107 56 72 108 181 30 71 147 140 84 55 25 24 165 15 159 67 20 68 193 58 73 168
159 46 120 51 182 75 180 85 60 3 59 107 13 118 168 66 30 107 125 128 46 5 109 154 159 103 133 144 84 23 108 116 127 188 166 108 124 100 89 192 122
127 146 7 74 161 127 47 172 18 177 19 166 173 196 34 142 133 3 179 13 63 99 145 105 185 100 142 71 152 35 42 86 98 155 79 149 10 87 157 112 133
84 57 11 129 84 129 100 102 49 149 58 61 124 54 87 30 63 125 101 23 118 58 31 97 34 170 147 145 80 186 33 87 85 169 94 111 196 148 77 198 111
186 81 29 116 158 156 136 143 66 169 3 120 51 136 163 182 6 188 120 133 163 159 103 168 125 123 4 72 165 125 85 30 177 169 122 157 160 197 129 122 10
103 148 31 65 128 136 145 27 99 10 61 186 123 141 140 11 178 161 0 158 153 103 42 8 165 160 11 152 161 12 71 197 42 11 179 87 196 9 55 18 187
145 178 15 106 32 11 118 45 26 47 149 133 142 29 180 36 146 54 75 117 136 169 113 95 166 163 162 87 98 105 161 3 56 84 47 179 196 183 27 120 134
50 187 79 185 125 113 24 64 28 114 92 14 96 160 21 200 0 190 105 146 37 113 133 53 132 197 64 174 134 111 154 49 89 50 84 83 188 9 164 131 136
194 102 37 67 176 72 37 93 81 186 138 155 26 18 43 43 78 189 15 28 33 174 11 178 172 107 124 65 183 178 175 173 93 194 130 167 181 167 3 171 38
129 13 104 103 96 35 91 11 0 182 151 133 163 34 108 176 93 173 40 176 55 7 108 98 68 1 68 22 152 23 41 36 1 9 77 112 70 84 49 197 131
197 33 33 181 106 44 24 33 13 34 40 138 125 100 178 53 30 109 14 117 21 90 192 20 61 54 148 140 88 125 120 177 66 169 151 146 132 160 191 170 142
118 44 153 12 84 185 78 156 119 164 1 11 94 29 120 116 94 60 89 70 40 7 159 78 84 21 140 73 47 52 89 63 101 191 16 49 109 19 13 121 34
157 85 169 193 192 80 142 13 130 45 24 133 1 137 85 122 122 193 56 18 95 36 110 67 13 21 83 41 31 162 74 9 178 92 33 62 17 16 38 7 122
53 143 26 67 108 90 125 76 44 157 57 65 191 118 90 10 62 41 193 30 29 41 121 29 12 81 48 155 11 75 101 160 102 147 9 193 90 114 138 137 85
173 23 175 34 100 89 112 89 5 86 70 197 89 165 56 113 200 109 10 140 179 11 185 0 152 53 33 194 166 113 34 114 155 178 107 47 52 196 47 156 67
157 101 176 165 187 116 24 190 43 136 196 51 87 114 130 187 190 52 92 95 78 166 51 100 178 1 122 121 86 66 111 141 65 171 68 66 64 176 152 100 87
89 1 61 143 134 114 79 49 73 80 198 188 200 37 128 77 190 84 100 176 35 27 141 67 5 10 133 17 3 173 190 121 142 105 129 30 141 16 71 161 86
182 31 148 184 23 185 69 155 172 140 146 40 138 167 41 187 84 142 16 53 73 75 92 35 60 63 147 190 182 79 113 116 126 21 145 141 175 12 102 119 7
43 7 65 51 28 151 43 51 6 146 152 179 188 112 100 153 156 192 145 186 138 34 42 6 79 196 121 166 54 21 102 43 44 12 156 179 57 120 21 155 101
196 99 124 40 11 105 32 113 158 97 18 196 88 10 37 53 35 176 16 20 159 75 149 22 96 27 134 197 68 52 129 167 60 99 36 156 5 120 78 177 118
76 134 166 19 110 113 94 154 159 94 160 193 193 188 125 171 55 30 134 114 4 197 105 49 19 46 45 46 69 4 22 153 58 154 114 41 129 39 167 131 17
88 195 190 179 149 192 38 23 110 6 136 95 23 123 189 10 128 58 115 138 121 86 9 110 108 155 142 45 90 101 66 114 106 81 176 161 4 150 69 105 127
133 145 7 168 155 178 40 188 132 118 159 61 152 119 135 111 20 110 182 30 157 35 66 43 68 103 186 150 157 177 111 188 195 86 4 2 165 31 173 36 63
3 173 58 142 179 104 20 198 132 36 197 144 82 84 79 149 55 87 115 55 2 13 78 145 198 5 67 130 63 4 97 91 97 25 43 32 179 84 175 169 99
11 67 37 159 39 66 15 21 72 66 0 27 15 161 66 68 48 169 75 92 23 118 173 14 112 3 72 164 12 89 168 187 80 33 199 108 93 74 174 113 11
72 178 170 119 9 129 179 7 46 171 63 4 2 132 131 133 2 19 0 190 23 135 62 148 164 156 163 186 85 145 93 73 118 175 97 166 197 13 73 169 129
134 126 89 127 32 187 141 25 150 157 142 73 147 149 142 60 148 117 75 55 3 81 39 110 76 102 144 138 160 118 19 32 4 5 110 135 86 164 17 90 53
179 44 146 30 143 164 95 127 173 10 168 58 141 28 42 102 140 45 188 191 17 170 70 18 199 175 127 168 195 107 124 48 164 85 171 161 144 21 199 62 110
96 28 64 187 92 161 64 138 187 96 156 125 44 173 97 189 158 115 37 185 180 101 182 102 32 47 138 149 68 135 162 80 102 1 48 118 2 24 52 58 21
