46
12 121 198 11 12 131 70 35 101 198 177 119 44 82 66 117 7 167 141 187 195 131 89 195 191 173 109 18 57 169 156 103 41 83 96 129 29 53 91 91 49 46 175 129 56 56
42 34 175 60 126 196 25 146 69 37 143 143 15 4 116 116 29 17 132 136 130 6 155 172 73 94 138 9 174 42 137 116 85 200 120 180 53 48 18 77 20 83 195 3 27 101
121 129 169 84 116 57 69 14 95 149 174 69 142 173 8 0 189 45 191 151 116 41 147 31 125 173 111 177 119 200 117 124 114 81 131 134 55 59 157 137 162 14 51 12 127 88
200 163 140 174 58 197 167 145 129 68 20 112 196 72 47 67 48 114 183 21 58 104 37 40 133 49 151 149 156 0 110 44 47 129 158 33 133 153 70 11 172 69 66 107 9 89
172 123 144 56 68 74 161 35 164 159 200 58 167 33 166 7 5 88 44 36 128 121 156 154 76 174 56 102 147 73 178 9 141 65 73 141 200 184 125 24 161 16 196 76 142 178
26 103 152 115 39 62 53 31 115 48 174 45 101 101 29 164 53 156 49 122 110 142 14 179 51 195 138 99 143 100 111 158 127 177 188 135 22 14 104 38 77 5 3 115 94 127
133 3 34 77 46 106 34 123 170 192 192 101 170 122 188 64 200 81 10 151 156 188 120 119 145 8 42 149 158 57 129 120 195 57 47 33 161 50 76 70 90 119 124 10 77 72
128 75 101 9 131 150 35 12 48 110 16 33 181 165 8 200 196 186 96 156 183 90 41 176 198 113 156 74 199 193 185 27 96 195 117 152 149 9 51 178 35 192 4 147 123 147
122 196 195 156 14 190 13 123 186 0 17 26 62 167 92 172 104 101 131 116 162 3 62 122 46 180 148 34 54 139 153 153 61 122 171 130 30 109 193 103 8 19 66 78 177 193
30 185 30 86 185 157 189 141 177 66 39 126 84 44 178 111 12 31 21 17 147 70 116 70 95 5 167 28 184 5 172 78 49 150 161 141 184 96 154 102 164 179 0 189 135 144
28 6 100 117 112 177 105 38 41 123 160 84 3 178 198 32 83 75 140 171 187 121 104 17 142 65 50 83 145 88 28 112 91 192 71 157 54 140 9 23 76 90 107 71 144 25
139 31 146 195 157 76 19 67 35 76 78 158 66 41 103 71 17 151 90 62 170 67 6 111 196 51 180 84 98 85 69 182 200 155 164 181 97 196 117 131 187 149 81 9 1 10
5 173 182 75 107 38 187 34 141 77 63 191 74 130 177 61 29 136 98 122 120 17 16 112 34 114 50 131 178 128 144 70 95 136 172 150 31 130 110 28 99 122 18 50 136 131
177 44 40 125 114 196 69 65 107 64 79 178 122 186 190 136 29 42 128 31 99 79 27 62 134 4 23 165 48 143 102 173 190 37 34 64 125 189 192 178 9 200 98 45 152 6
103 149 58 55 44 69 58 112 34 129 36 138 88 71 5 44 160 122 135 150 1 90 197 157 78 10 174 17 55 134 128 177 26 179 200 196 94 79 60 151 120 127 17 160 57 76
89 78 192 112 147 24 29 184 118 41 172 97 190 162 87 127 173 59 41 1 164 88 43 0 170 129 27 160 123 193 27 98 123 99 179 68 20 112 177 150 166 178 46 48 89 46
132 152 69 87 187 23 150 190 140 0 137 90 102 168 3 193 44 99 153 16 122 185 151 130 97 52 127 181 167 134 127 136 28 172 7 102 114 22 49 162 5 8 104 14 67 16
0 151 88 23 42 39 45 95 146 8 36 160 157 72 109 149 140 40 146 49 173 150 93 15 3 41 15 185 14 145 175 194 86 169 37 77 62 150 160 19 47 13 175 83 48 37
16 181 12 15 41 194 37 83 16 70 133 187 55 76 77 45 39 51 167 138 129 51 7 88 45 121 148 112 33 191 25 87 45 140 144 21 36 184 124 124 147 102 53 173 61 24
95 162 104 160 171 84 60 13 121 113 132 176 35 87 114 146 185 189 159 98 48 52 24 55 59 43 74 118 19 60 21 18 74 40 74 7 151 100 69 124 140 110 133 111 51 136
18 178 30 104 14 158 123 142 26 173 64 139 85 82 46 150 139 69 6 0 42 26 90 21 121 32 145 73 189 92 7 192 180 32 96 157 4 61 11 143 131 163 11 100 102 162
20 109 163 38 178 191 73 107 75 142 148 28 151 71 147 83 44 132 164 62 112 1 45 109 158 47 67 122 38 69 5 6 119 45 53 125 148 177 90 70 65 71 152 200 196 91
27 173 198 52 141 47 135 25 22 164 99 121 121 18 102 196 67 106 175 53 12 48 161 23 178 12 183 140 0 159 176 116 13 28 79 20 105 199 200 187 118 128 127 21 33 131
39 102 131 62 131 74 49 107 192 81 52 55 24 178 31 99 48 140 191 152 21 46 64 12 20 134 118 62 96 49 159 107 57 69 44 194 6 3 180 97 102 20 106 22 65 109
195 145 174 88 74 158 67 54 186 153 143 166 165 157 107 157 35 176 15 33 24 173 200 111 51 111 72 117 24 107 119 46 38 9 186 0 139 2 84 33 105 174 166 82 199 62
57 102 121 11 99 114 83 161 123 179 65 63 14 6 140 11 39 83 175 65 48 127 20 2 77 178 193 145 44 133 128 92 130 125 88 10 42 185 27 195 164 91 115 62 162 53
136 50 69 34 44 151 173 44 10 59 121 4 94 70 179 180 99 171 23 131 130 34 162 200 143 198 130 92 17 71 144 191 166 123 15 158 158 185 97 144 195 128 36 96 141 121
48 132 85 12 34 9 14 128 170 80 171 138 107 9 191 196 92 120 87 121 46 74 182 65 181 82 200 9 40 151 20 67 118 12 91 118 99 191 108 54 114 69 82 191 90 185
186 4 114 111 178 60 68 92 157 28 42 10 163 69 100 193 12 182 112 81 177 183 187 59 75 148 132 146 79 161 198 22 81 22 21 98 61 171 71 137 7 91 85 76 81 112
31 162 164 178 144 22 38 91 37 77 159 39 151 43 66 195 74 155 38 189 9 133 158 200 191 193 9 67 7 117 136 80 38 77 0 121 175 153 172 199 130 109 195 146 145 23
189 68 67 62 160 57 9 82 195 164 130 141 183 111 105 9 95 54 155 123 10 163 22 47 89 171 69 139 94 4 168 143 80 142 167 119 159 79 132 58 4 37 74 19 184 84
200 66 4 165 157 146 152 193 40 100 113 185 98 175 162 131 115 108 44 189 109 178 135 43 163 194 126 165 147 69 133 8 46 148 170 119 155 38 136 33 19 165 140 136 165 5
41 7 144 132 58 152 88 135 119 55 109 34 74 199 26 44 110 192 132 172 170 176 193 172 7 85 87 103 148 23 51 82 167 141 64 197 90 196 0 166 67 59 44 22 23 95
9 139 32 187 58 127 155 4 132 174 191 83 34 49 142 54 138 147 138 77 115 24 9 117 50 33 149 54 87 118 184 41 182 184 169 68 8 59 117 43 172 186 52 177 103 103
157 27 106 104 121 50 60 107 77 163 13 46 190 167 178 14 163 105 31 149 10 190 32 23 91 183 59 133 9 175 195 159 76 97 93 138 125 127 189 126 66 145 1 93 9 19
200 96 21 171 159 44 73 12 97 67 190 153 161 142 110 61 89 56 149 114 176 13 105 19 153 67 122 52 198 174 75 97 165 144 93 52 17 172 102 113 135 33 57 167 30 45
96 108 129 88 119 141 55 62 20 46 25 159 64 85 177 113 151 175 24 95 159 82 42 111 45 32 0 71 59 96 155 151 53 145 146 131 196 1 153 105 81 93 166 45 72 30
50 175 93 30 47 55 107 78 35 51 188 3 174 151 184 70 17 36 74 106 194 74 145 92 10 104 98 11 96 113 17 178 106 111 84 176 186 134 75 30 49 91 194 187 29 145
93 197 154 103 105 14 122 31 83 148 96 150 14 172 144 145 25 126 143 15 153 99 12 164 26 76 109 105 200 117 172 51 139 61 141 82 190 193 193 184 70 69 160 137 182 124
158 10 65 61 66 153 30 56 106 180 28 78 2 92 12 10 42 13 136 61 176 190 77 46 148 117 31 196 99 21 114 114 199 127 96 95 14 171 196 106 25 35 168 155 37 55
113 76 133 11 108 59 198 138 1 41 121 24 108 191 93 43 197 137 121 28 37 75 154 35 165 22 46 42 137 170 100 131 92 15 51 175 6 31 145 154 187 7 155 99 45 169
24 35 58 62 96 163 69 86 86 10 69 164 27 188 51 126 40 184 139 66 115 67 86 82 51 48 167 97 133 8 169 22 103 120 132 184 168 120 11 27 103 74 62 7 135 98
56 65 179 86 40 173 6 38 78 124 20 152 38 177 65 192 113 184 65 192 180 121 129 37 38 104 166 71 53 97 15 43 76 139 57 177 13 164 179 93 5 135 149 87 115 200
65 176 30 176 108 31 105 40 190 149 8 9 19 48 27 184 150 185 183 45 84 155 53 146 14 117 185 160 133 172 185 23 178 32 198 79 100 129 23 33 147 196 188 25 22 173
157 3 10 7 4 169 103 158 173 51 58 24 92 23 77 74 191 2 19 149 148 109 52 75 175 174 83 177 92 87 118 17 120 124 66 175 113 36 6 44 11 116 195 103 187 192
115 184 53 122 128 50 183 184 139 62 30 93 68 187 111 191 97 117 150 7 165 86 128 172 197 47 118 141 123 34 152 115 64 10 130 54 150 154 121 29 171 15 149 163 158 170
