22
149 29 59 121 70 151 188 79 18 172 33 51 187 1 83 105 91 124 164 64 190 13
46 75 86 185 88 73 191 10 42 104 54 30 197 88 19 20 140 92 148 129 57 160
154 97 163 107 159 138 136 5 80 152 145 132 64 54 95 57 171 169 74 32 135 11
139 155 2 4 10 114 174 165 122 50 193 26 181 182 154 4 12 100 73 131 139 31
21 138 103 128 17 60 173 184 153 113 105 137 61 186 171 109 184 151 88 96 177 145
160 89 125 109 157 75 166 194 196 110 129 143 62 157 138 98 78 52 126 129 88 180
104 12 62 119 197 42 150 86 194 138 17 96 81 9 34 131 100 74 63 193 96 172
100 174 23 61 112 178 31 94 176 9 63 18 133 27 40 173 140 4 37 5 152 7
107 151 16 116 110 5 7 35 169 108 52 50 63 152 172 192 184 93 74 99 6 175
104 188 156 13 145 123 166 148 9 38 43 124 36 72 75 22 103 109 126 90 168 92
187 69 31 8 110 189 34 52 70 58 5 130 76 106 64 42 150 84 175 36 4 28
62 145 200 158 28 75 149 161 182 120 150 5 93 133 188 157 175 158 139 158 32 38
39 71 59 7 122 135 11 75 155 161 167 41 92 106 138 40 15 12 187 123 87 78
67 131 156 85 162 85 7 127 127 158 37 149 176 136 42 187 58 168 58 30 11 156
44 51 69 85 135 32 106 1 37 20 45 100 59 162 149 57 172 34 179 167 171 166
186 18 82 190 58 137 13 162 154 49 14 9 121 54 11 100 83 180 141 62 102 9
173 30 55 197 60 79 191 165 32 37 156 42 6 96 189 118 88 122 168 197 83 139
58 92 153 97 142 64 58 47 196 144 98 127 151 180 147 200 12 115 116 194 147 13
61 14 32 174 191 60 165 53 95 12 52 50 54 140 122 126 85 41 168 45 194 173
126 13 84 77 169 142 55 95 124 80 139 50 100 170 56 181 85 101 168 168 85 61
8 61 160 39 156 198 12 155 138 45 71 118 108 71 120 146 34 87 93 119 194 24
200 152 148 110 1 7 123 133 164 177 194 32 7 167 39 28 138 70 136 39 127 53
