42
10 50 158 103 91 164 110 130 30 38 36 182 153 150 127 93 139 30 52 138 104 154 176 23 197 64 129 29 51 104 48 169 159 123 149 167 99 189 186 113 28 180
1 108 75 45 123 57 117 63 164 196 79 5 62 36 117 91 89 8 51 2 37 191 76 65 92 69 41 185 9 99 96 143 117 131 166 129 151 65 108 67 58 135
4 132 46 62 93 189 193 90 70 99 56 180 75 130 16 66 50 111 125 151 138 99 139 55 43 68 124 140 7 6 179 160 143 34 150 75 193 189 150 187 180 13
185 22 17 55 179 115 51 16 198 188 133 111 129 111 171 94 5 74 36 192 22 21 140 12 19 173 55 93 110 68 191 160 151 121 68 142 93 4 6 164 130 92
111 47 67 143 97 25 156 38 154 144 156 73 101 43 47 115 40 133 144 44 199 60 173 179 89 124 173 194 66 106 72 149 68 188 73 23 66 1 33 82 102 0
100 124 175 24 66 51 162 91 1 179 103 43 149 125 153 121 87 104 183 45 154 128 6 154 81 65 127 199 125 199 54 189 145 116 47 155 112 64 187 76 3 37
90 64 4 154 177 69 85 58 79 35 2 180 170 163 35 56 183 35 62 49 60 133 165 179 101 164 185 181 53 166 125 199 132 16 23 70 0 29 152 139 120 142
172 2 175 200 184 102 13 195 101 130 195 190 63 8 65 7 198 137 196 108 163 17 12 54 184 39 136 32 92 156 144 73 29 118 27 34 0 36 56 79 128 170
74 183 136 82 90 31 161 48 57 161 19 76 135 128 24 1 35 54 158 186 53 43 95 74 72 131 27 109 138 26 37 77 87 44 200 90 120 70 190 29 175 66
49 148 155 115 119 151 80 3 40 17 186 179 70 13 6 74 195 74 23 195 176 184 110 56 33 34 189 125 99 169 62 77 178 171 172 164 39 156 147 200 151 61
147 56 83 195 143 125 10 165 172 65 126 113 66 179 183 111 81 199 33 22 133 57 140 104 37 117 154 153 165 131 6 79 134 172 179 0 138 69 35 180 125 11
75 174 132 18 61 200 60 56 93 179 136 101 168 174 85 100 33 47 148 103 6 18 173 49 39 145 20 187 29 164 175 68 129 123 180 175 53 106 92 105 124 50
194 37 196 65 38 8 173 182 16 180 188 79 107 147 93 118 33 45 159 2 178 85 139 120 139 126 9 54 101 100 134 92 70 92 65 109 110 37 141 69 0 22
37 171 166 66 138 190 135 33 33 57 17 106 135 29 186 97 82 20 65 67 36 42 20 91 49 75 169 79 79 73 173 174 132 92 156 73 173 79 185 184 54 146
109 185 61 194 95 12 147 147 162 96 67 107 49 0 172 63 127 82 78 33 17 123 105 7 89 189 141 122 31 69 90 107 124 140 189 177 5 161 190 105 164 188
111 37 134 91 114 193 80 28 52 32 15 125 167 168 191 118 30 38 70 48 100 167 13 118 99 135 174 148 16 183 50 138 121 131 151 196 58 109 25 152 141 19
199 71 120 184 129 172 161 183 81 188 110 189 107 45 7 91 62 24 167 146 70 162 9 72 24 164 145 119 193 139 104 101 67 175 15 41 148 137 41 80 160 57
185 21 127 156 113 179 159 17 58 164 67 175 113 13 79 84 33 186 44 52 121 23 154 15 93 181 188 160 167 139 43 71 92 99 170 57 159 167 62 9 70 58
57 105 171 84 138 93 69 155 35 198 156 163 123 33 76 143 169 139 45 2 12 143 164 65 81 108 93 31 34 92 13 112 27 117 43 28 134 54 158 164 72 102
79 49 32 172 189 156 116 134 113 138 15 71 5 108 15 44 77 21 90 119 31 30 71 144 182 152 28 150 94 123 57 31 57 154 138 199 133 9 125 105 38 169
130 124 111 167 63 131 157 167 111 56 180 181 11 195 66 189 0 48 190 21 24 41 67 182 13 6 92 127 14 83 32 155 79 171 73 178 87 119 58 77 74 191
152 92 39 181 136 178 85 166 64 148 116 66 88 141 69 16 200 98 123 17 2 0 83 158 126 137 20 11 133 128 117 27 168 120 166 121 66 50 82 72 135 187
85 146 16 191 112 107 48 26 42 166 138 182 123 82 2 179 43 164 124 175 107 26 166 107 16 17 174 52 61 116 154 33 49 37 69 69 115 39 126 19 158 112
101 145 22 190 192 152 54 49 98 21 48 51 4 34 165 124 150 101 198 171 88 83 99 6 104 63 179 195 34 99 22 63 132 77 189 88 198 45 63 84 15 132
192 116 48 85 197 176 165 93 94 38 55 173 42 83 76 80 140 89 25 124 45 23 35 123 9 75 175 155 186 169 163 103 65 154 98 41 190 103 57 96 66 98
121 65 157 30 12 38 88 113 114 122 88 40 90 132 124 25 52 184 141 68 197 146 42 179 128 52 59 145 28 156 187 150 92 81 173 130 173 178 200 176 125 69
105 140 158 40 178 49 70 52 44 32 137 20 16 107 97 187 121 149 12 52 190 199 179 144 125 142 123 41 39 19 131 96 107 39 34 49 63 100 19 70 100 162
15 140 168 73 108 184 113 190 127 125 5 115 1 120 10 150 46 171 167 49 163 158 8 134 185 144 174 9 1 1 83 107 169 99 79 34 1 80 167 134 189 188
90 175 29 62 165 68 80 124 112 129 105 169 77 1 131 19 179 53 32 86 132 16 113 61 62 91 142 103 135 30 37 71 198 98 165 177 24 78 147 26 75 58
76 116 79 79 66 129 158 12 17 197 143 38 39 23 31 131 198 200 103 47 63 158 35 146 33 143 172 145 113 146 89 141 187 180 148 129 171 172 78 7 163 198
13 79 14 140 77 192 81 8 194 148 54 175 27 33 197 141 56 199 94 138 67 183 148 95 59 108 1 105 155 170 194 178 53 142 86 23 28 17 199 106 39 137
50 16 173 102 79 93 96 169 72 88 73 62 54 88 146 56 158 176 157 59 78 27 150 117 131 37 67 124 116 59 181 85 13 73 2 186 38 53 43 80 15 76
132 121 139 159 124 55 196 197 20 132 130 194 142 46 160 173 43 71 186 166 10 111 187 147 187 133 166 0 153 31 103 197 8 34 156 164 143 123 150 149 195 4
64 113 128 46 179 138 70 30 72 171 91 25 70 148 47 176 114 46 16 24 103 96 188 6 150 47 103 139 110 148 134 72 8 37 67 45 39 160 65 161 47 50
63 174 118 116 44 183 78 83 165 99 131 160 117 102 61 168 152 59 59 64 182 47 111 127 66 49 123 133 108 108 1 168 145 7 145 83 128 110 80 158 15 68
144 84 35 12 132 191 139 118 126 97 2 171 12 48 161 20 178 194 144 51 23 44 30 143 100 124 167 167 112 66 77 27 150 96 164 142 45 123 22 13 157 42
37 115 73 21 44 171 89 29 58 151 156 119 122 49 129 126 47 91 36 72 32 9 59 62 193 13 113 52 132 186 27 154 6 194 115 36 95 92 62 62 31 188
56 155 193 80 152 29 12 93 90 96 26 110 25 42 121 113 102 84 105 52 199 138 193 128 27 50 160 66 36 132 52 160 125 164 60 185 162 180 138 60 76 101
105 93 99 112 6 166 76 35 118 41 58 154 69 48 172 91 8 88 186 11 102 135 126 81 63 158 133 43 124 100 81 150 95 46 181 170 132 111 38 50 88 79
79 48 187 31 48 121 90 43 161 83 62 25 135 25 149 43 150 150 139 185 109 88 134 171 67 16 63 47 90 45 90 145 147 50 61 124 19 67 154 20 174 155
102 147 69 132 73 9 142 81 51 22 38 198 194 87 190 42 186 70 117 62 84 46 142 153 22 173 159 9 195 99 28 91 16 47 76 148 174 18 98 132 144 110
150 134 114 123 138 97 180 16 71 159 12 2 132 81 148 126 161 180 163 109 179 186 178 145 23 181 5 31 181 175 195 186 15 110 36 105 153 9 43 12 149 18
