64
57 104 77 19 11 22 63 67 148 103 101 165 174 123 160 56 113 148 187 95 81 165 67 88 31 59 110 187 44 161 64 165 44 168 43 17 49 97 162 47 90 126 57 132 32 148 126 116 140 165 82 163 140 131 7 168 152 71 43 2 147 90 89 10
125 66 95 111 140 69 36 176 81 200 84 135 127 39 139 28 100 113 33 34 78 84 1 101 193 168 38 151 9 16 89 151 180 127 118 133 131 26 92 174 86 196 32 199 143 143 138 165 85 188 10 186 63 99 176 57 30 82 163 21 106 10 190 90
18 155 115 23 126 168 132 3 73 137 88 46 39 68 128 3 181 111 48 12 57 82 78 151 157 185 152 160 151 141 138 145 168 49 57 1 177 19 53 4 180 68 24 192 4 143 139 66 60 137 133 133 139 43 22 178 97 50 86 10 129 101 167 36
22 8 55 162 43 18 56 131 0 85 178 115 76 98 24 74 154 83 177 189 179 12 0 30 110 137 101 130 56 55 139 64 128 170 105 58 58 119 57 18 98 51 21 25 115 39 51 188 166 20 129 42 110 188 66 113 153 174 69 172 19 193 15 176
135 38 153 53 128 94 21 51 198 32 16 184 175 72 99 16 147 79 186 21 113 142 100 190 125 108 117 8 25 190 76 158 28 183 35 102 132 150 95 102 155 172 12 139 134 187 171 51 66 141 114 14 107 119 195 158 66 81 173 33 73 157 134 9
21 4 75 178 30 179 170 79 153 79 106 99 93 174 9 45 19 143 195 148 4 66 36 162 84 167 120 19 98 49 167 161 87 39 56 94 151 136 129 148 22 49 67 29 132 196 43 133 198 38 79 129 111 101 121 188 32 6 88 110 21 183 139 3
128 100 132 113 197 113 15 101 15 83 55 121 50 149 2 27 41 98 110 78 118 120 38 136 127 37 82 47 47 96 0 72 24 96 192 129 66 25 144 58 148 2 127 13 155 92 85 99 140 12 39 16 77 13 181 192 0 186 144 152 75 120 172 193
101 17 154 41 108 64 107 147 100 163 12 71 177 113 112 11 39 31 49 82 17 195 135 58 127 165 119 1 184 141 141 119 128 119 86 173 25 84 79 73 22 104 86 182 195 198 196 69 14 83 58 28 104 183 148 199 153 187 155 188 151 99 72 40
155 80 66 6 121 145 124 76 74 124 142 144 187 2 176 115 49 91 92 82 50 188 200 173 151 11 180 160 56 124 2 182 144 200 7 40 96 151 53 174 5 133 95 50 37 116 174 52 126 5 51 37 61 14 19 41 33 110 127 40 130 4 141 46
63 182 47 47 124 48 148 37 178 136 121 13 14 41 59 5 59 11 153 66 175 29 106 200 24 166 145 45 180 42 143 167 33 123 104 105 46 135 153 119 149 137 4 17 127 176 156 65 141 91 146 96 146 19 60 193 141 91 114 10 160 50 198 169
42 104 11 129 155 112 193 184 80 104 121 120 34 50 69 25 147 137 23 155 7 98 18 90 104 47 155 101 173 175 168 147 75 96 106 167 120 31 88 32 37 137 52 159 159 23 176 77 19 69 178 3 193 50 176 85 55 134 11 156 189 110 115 162
200 163 3 122 165 14 36 88 95 177 121 164 159 134 51 121 9 163 33 18 48 36 199 165 126 102 114 9 172 175 186 15 190 180 158 45 130 154 133 43 39 0 111 189 72 53 96 116 171 37 161 185 191 57 38 189 107 146 71 146 119 119 65 47
121 38 166 105 124 125 144 145 36 1 134 22 157 174 134 30 41 79 103 192 183 115 187 42 160 103 53 27 32 153 22 186 82 139 90 19 40 144 57 39 122 197 139 160 61 189 38 159 86 198 22 56 52 145 67 24 18 96 13 132 98 79 42 90
158 157 63 151 178 6 123 56 159 16 59 144 117 131 115 40 159 64 165 58 117 182 171 179 42 29 111 181 163 146 88 12 149 73 147 50 168 48 118 179 120 84 109 152 0 84 35 64 176 198 154 158 161 4 156 77 175 44 79 136 42 182 1 166
187 148 53 102 7 60 190 82 45 174 127 122 120 95 35 178 60 78 68 177 30 100 101 64 165 156 183 133 172 20 190 147 106 52 174 74 165 122 108 53 6 145 61 47 133 155 14 92 14 111 82 143 13 200 106 49 2 120 165 145 117 187 87 111
105 10 93 150 67 174 40 164 135 24 115 154 49 183 67 97 122 41 77 89 176 87 180 105 110 6 43 134 112 98 168 149 30 140 45 89 1 26 175 52 93 57 103 187 126 56 113 95 82 175 137 53 63 67 115 111 38 152 183 122 164 22 36 63
93 60 194 88 93 113 186 77 49 132 58 139 121 71 31 161 37 198 37 135 102 122 21 145 91 197 47 192 67 40 42 152 69 159 195 49 162 199 110 94 21 56 3 166 50 71 93 8 103 162 6 17 103 188 58 14 194 5 46 110 66 142 114 145
62 108 64 71 132 115 79 82 19 194 91 58 76 162 45 170 97 172 10 190 169 50 104 119 108 156 135 105 192 134 189 172 118 87 187 66 37 92 43 46 14 186 165 157 167 93 167 50 164 21 94 200 48 45 41 179 147 104 10 57 25 38 174 30
79 27 52 16 26 39 43 136 118 161 158 78 2 83 17 82 24 9 70 105 157 162 134 148 7 140 180 156 85 188 1 125 74 185 59 144 171 174 13 157 75 168 126 22 117 140 67 143 60 37 187 109 61 95 196 23 88 158 156 190 95 41 34 70
110 34 135 197 83 141 64 38 28 58 63 32 183 0 174 100 189 48 98 165 53 180 53 152 98 86 39 133 127 151 165 132 125 54 15 149 10 129 125 106 60 156 101 73 175 22 139 172 176 40 168 79 72 20 106 36 85 14 98 159 142 195 124 34
0 175 186 150 54 145 195 186 128 74 120 90 148 18 191 27 109 69 73 165 53 12 93 151 122 41 68 154 59 143 47 161 56 158 85 157 8 114 162 194 170 19 151 7 124 112 112 110 107 119 3 49 141 73 148 108 138 152 98 50 105 113 61 117
156 161 151 160 164 49 67 161 109 15 23 175 75 132 114 135 71 35 175 91 50 34 52 109 106 77 168 17 96 151 131 98 123 198 56 100 125 48 59 36 22 97 125 98 80 9 38 113 154 133 122 157 165 198 10 114 127 152 10 155 132 166 172 124
76 78 76 93 69 141 19 1 33 127 121 57 5 110 108 20 151 187 62 179 85 104 116 2 179 80 162 168 172 125 126 31 20 23 64 139 153 84 64 15 25 95 107 167 16 79 94 94 37 32 147 178 40 42 60 76 130 189 4 27 131 148 5 20
49 173 56 32 182 84 175 168 195 145 200 65 105 96 141 120 142 95 52 38 56 137 28 113 112 66 17 118 97 185 142 82 3 64 199 89 26 15 39 64 89 135 85 52 151 180 117 81 44 64 77 112 134 62 155 140 176 68 75 117 1 70 176 126
124 6 177 38 17 197 45 75 109 109 148 133 147 182 11 45 77 171 85 131 156 41 125 179 173 101 156 68 125 161 37 77 42 146 9 195 119 6 21 70 65 102 138 33 98 96 194 165 184 93 107 130 151 184 161 31 92 181 196 188 24 13 55 82
112 32 183 186 155 176 28 191 109 76 159 127 37 111 104 72 155 28 163 121 100 137 24 12 190 116 50 0 100 151 101 14 51 84 100 60 75 53 24 5 94 65 94 113 24 47 17 192 142 166 186 80 157 192 75 188 123 189 168 72 28 67 70 22
92 1 139 113 88 177 93 131 191 76 31 80 76 53 107 24 35 140 179 96 122 68 12 114 172 162 19 48 26 46 71 143 109 200 74 174 11 99 144 179 177 93 5 56 77 131 39 142 26 197 51 162 65 22 120 168 178 122 196 160 158 99 116 19
170 119 174 109 36 92 16 149 54 167 150 118 123 140 158 0 125 58 110 37 148 188 35 117 50 165 149 136 148 75 90 156 62 91 115 70 166 200 51 174 191 141 197 23 197 66 77 4 135 70 198 61 148 105 133 186 146 199 190 133 86 104 188 20
187 35 146 65 14 27 152 101 14 188 94 105 143 125 53 119 57 94 124 162 64 66 44 136 17 80 185 54 107 135 121 116 53 6 81 184 60 103 139 174 56 178 135 40 27 100 126 161 66 195 48 165 30 187 133 79 109 16 11 35 105 127 52 134
94 1 164 0 78 156 26 143 113 132 42 184 106 102 187 165 107 133 162 140 42 11 151 31 55 59 36 3 79 184 186 180 88 17 42 87 30 131 119 124 196 52 46 33 57 154 171 71 138 61 67 81 149 157 7 58 180 57 158 191 183 96 49 163
147 18 95 142 5 97 33 146 87 128 74 177 97 53 149 96 105 55 53 9 158 194 189 94 74 130 73 12 50 184 196 123 8 136 152 119 129 149 66 104 164 116 146 151 172 192 158 38 175 76 131 161 35 106 199 112 40 97 49 36 96 159 46 99
180 70 84 154 131 57 38 62 61 179 177 57 33 124 2 12 24 147 69 119 6 133 122 125 121 143 197 134 39 24 142 52 52 171 199 190 200 196 184 73 32 159 80 184 97 197 129 25 57 114 146 71 139 34 42 140 11 183 36 132 40 84 124 126
9 37 150 160 151 103 198 100 188 76 30 27 61 160 167 180 128 199 75 169 102 186 164 136 97 195 44 5 114 68 78 78 97 147 76 116 34 113 156 9 59 183 92 198 168 85 69 176 104 70 133 73 166 197 61 30 185 89 172 84 91 54 102 153
21 92 28 74 189 171 143 166 169 76 37 82 186 182 62 102 85 99 7 28 179 41 69 40 139 98 184 178 193 27 145 53 21 58 90 158 42 40 18 150 196 199 141 102 6 179 142 23 191 200 54 46 170 148 59 36 60 185 81 130 174 65 65 66
109 3 157 116 81 45 36 164 45 145 17 126 33 18 167 64 167 125 146 112 18 169 82 31 142 47 118 93 77 54 84 172 148 90 84 106 140 128 152 181 54 116 152 159 88 43 18 144 98 48 179 187 69 195 135 27 106 82 49 42 124 114 144 15
118 65 93 38 2 198 82 132 20 191 172 116 190 82 111 85 196 165 108 168 137 177 152 100 137 143 164 30 176 150 152 108 14 75 40 196 115 36 61 28 64 126 71 179 186 57 15 65 102 84 156 73 171 118 29 145 198 186 99 128 55 105 157 11
30 58 16 16 101 148 128 195 47 66 141 71 190 166 196 2 54 35 108 72 157 58 1 12 182 52 94 96 163 141 174 68 116 167 39 167 153 152 101 130 43 137 177 91 159 180 28 159 86 2 88 198 102 108 71 200 117 53 109 10 198 79 9 134
109 37 54 145 85 63 176 153 14 116 28 7 69 47 28 167 38 55 79 56 187 67 13 70 9 71 26 21 147 180 38 118 105 24 23 158 122 200 188 92 120 182 13 106 31 179 41 66 112 163 105 93 108 176 54 26 80 78 47 4 194 148 105 6
114 131 172 110 16 180 131 186 147 183 200 153 26 187 62 98 46 123 99 8 106 59 32 119 54 113 97 27 153 46 101 121 76 198 150 123 102 61 24 27 31 155 65 69 107 162 50 139 13 183 59 101 115 71 150 69 139 124 17 23 29 5 127 23
79 144 68 74 85 145 81 10 59 122 124 104 161 96 197 60 142 33 180 30 195 136 2 63 110 188 173 145 2 36 48 103 72 31 178 25 130 156 137 24 156 4 123 24 197 151 124 125 44 184 185 49 45 90 93 192 190 90 35 4 15 110 118 158
106 101 135 127 73 76 22 149 156 144 40 10 16 54 148 127 2 140 185 139 3 39 33 71 170 194 2 197 199 178 34 8 149 103 8 124 140 97 109 19 36 35 14 39 139 24 109 139 47 198 168 97 120 64 156 93 8 104 68 162 139 161 139 135
140 103 17 194 181 193 24 7 34 169 144 90 158 77 11 193 184 50 200 157 19 59 102 191 44 173 18 57 58 10 47 132 191 172 44 136 141 172 77 103 0 72 94 115 80 89 166 153 1 89 3 106 162 0 73 56 68 101 63 32 180 123 161 34
125 149 53 180 123 161 90 191 200 22 144 192 190 88 157 55 72 137 174 180 31 170 3 98 24 128 75 143 22 166 176 104 2 99 38 141 16 120 178 57 90 74 179 122 60 164 198 188 198 186 167 144 113 199 95 17 18 123 127 143 175 29 138 92
84 131 32 43 195 170 185 109 34 44 170 26 19 105 7 118 30 197 134 54 85 174 16 3 160 56 44 103 170 64 82 30 52 147 109 159 112 31 92 188 59 136 25 74 9 145 114 174 113 64 134 82 126 49 97 53 62 59 198 127 188 50 66 107
163 120 149 188 130 181 41 115 18 53 103 39 49 42 2 78 200 57 36 143 44 179 19 109 62 167 164 93 63 166 101 199 194 46 174 44 87 102 40 85 92 15 88 191 187 131 135 183 192 7 76 123 185 161 112 182 158 119 101 16 35 97 60 111
195 10 190 134 162 149 25 128 78 149 6 147 51 19 44 171 28 185 154 100 29 174 193 129 133 58 153 150 51 6 199 198 111 104 17 41 183 71 107 171 172 112 128 106 48 79 57 24 156 154 80 103 166 192 158 182 106 47 119 100 55 161 46 53
62 132 106 121 111 188 175 196 96 61 168 36 137 164 48 30 4 51 132 156 85 28 110 200 145 68 118 123 150 30 147 166 176 163 31 124 48 162 56 11 102 26 168 166 33 151 194 65 160 175 183 51 180 53 119 179 115 148 136 111 125 131 114 124
171 52 28 155 190 174 33 176 46 21 146 132 125 60 197 58 192 183 174 125 3 102 55 52 200 167 152 25 28 68 89 110 35 102 89 59 53 135 25 164 168 192 111 129 101 189 134 174 121 198 40 165 165 93 190 192 126 88 91 135 33 100 9 25
178 155 41 2 54 68 150 147 44 5 164 99 6 91 8 182 42 108 105 40 10 51 141 48 90 174 107 147 88 162 63 185 49 96 103 144 197 110 14 20 151 16 17 186 112 4 89 197 55 192 178 17 40 185 87 65 85 163 102 68 72 181 110 157
173 180 85 53 45 99 68 6 133 107 11 67 102 27 168 94 181 146 179 142 198 30 115 52 74 195 127 50 125 132 156 151 75 48 135 160 87 70 31 24 116 135 53 57 80 95 20 83 139 133 178 71 194 18 132 64 166 76 151 116 53 65 129 137
16 117 115 113 99 36 86 1 77 69 52 189 66 142 111 31 104 52 113 60 166 116 144 18 66 64 166 118 200 42 32 158 158 83 173 180 77 41 50 74 37 108 185 26 157 62 57 22 184 106 198 40 120 61 143 157 145 110 138 154 6 172 132 45
14 11 151 154 18 13 1 87 149 158 190 140 16 80 124 144 89 187 36 143 192 146 120 157 116 76 172 63 157 145 70 16 84 18 60 112 185 75 102 150 97 115 60 13 76 148 191 102 64 28 200 66 101 199 149 30 16 56 16 8 37 138 12 41
92 181 68 157 134 117 12 165 156 136 67 175 196 76 111 160 33 27 13 42 43 121 114 52 83 114 170 91 50 183 89 3 13 148 38 21 46 139 152 39 162 195 86 50 40 132 153 175 93 168 139 162 171 126 44 166 173 91 151 65 88 41 165 112
117 11 63 2 115 140 38 190 112 133 81 196 139 141 147 140 61 153 81 33 61 41 13 84 20 140 163 160 24 84 20 187 104 26 63 104 44 119 70 103 191 98 51 61 67 90 29 175 39 127 129 190 196 119 177 35 70 90 88 142 80 35 159 152
196 88 29 170 39 128 191 81 156 101 21 17 9 188 152 94 194 140 156 3 153 85 199 143 125 141 49 124 38 140 124 180 7 19 11 79 165 139 181 186 69 89 103 109 39 76 132 52 186 107 159 167 58 197 38 95 106 46 45 42 37 167 177 137
164 187 97 19 10 54 195 16 0 108 143 62 50 102 51 98 139 147 14 59 194 80 176 3 110 115 42 9 91 24 15 159 24 11 12 100 130 132 34 50 197 51 116 179 4 185 110 81 25 43 154 5 30 125 166 28 123 194 75 5 121 192 124 77
174 103 100 120 85 166 108 158 154 69 23 133 155 120 167 146 101 118 182 173 194 127 3 30 146 187 53 182 176 127 18 17 63 194 4 22 100 183 185 1 58 14 8 100 161 198 68 124 147 147 15 123 119 34 165 155 130 127 143 184 143 112 29 99
164 138 96 82 187 128 196 63 40 133 99 118 60 4 45 137 136 42 83 12 91 164 59 111 162 23 197 66 137 27 117 191 36 187 80 65 181 140 102 68 75 189 30 170 115 61 79 172 79 100 57 181 163 74 167 137 33 21 173 87 187 85 83 22
156 166 98 130 100 61 58 79 189 114 47 171 196 70 106 95 134 77 29 28 147 1 190 56 99 22 158 162 103 39 57 89 100 9 177 101 190 83 119 189 98 19 98 51 21 4 24 118 153 14 53 43 183 89 180 156 188 24 74 186 191 69 165 124
182 154 137 38 64 43 105 178 33 1 65 22 63 109 198 14 100 40 190 33 199 78 195 124 82 197 134 177 171 25 31 168 120 145 6 176 156 73 84 110 88 128 161 71 20 42 0 150 164 170 6 145 194 45 42 79 84 87 62 22 12 80 35 154
81 66 153 14 125 49 157 1 109 33 139 145 60 8 51 152 111 44 57 60 36 93 187 179 45 84 50 31 41 95 36 109 45 155 140 8 74 99 52 117 98 63 73 40 61 74 36 74 36 149 133 97 194 167 39 192 126 125 61 195 153 59 162 116
70 52 66 198 95 66 46 20 60 146 21 25 113 121 13 71 194 134 119 159 149 173 180 137 0 118 83 30 63 169 16 191 131 71 125 183 126 108 188 57 67 158 44 21 45 117 165 142 63 156 142 68 142 161 187 43 190 129 115 176 17 94 176 179
31 155 163 76 189 142 48 99 9 141 132 95 74 81 60 36 113 179 89 56 22 184 62 139 129 195 182 152 69 138 15 77 26 33 171 172 62 181 74 107 147 156 81 184 89 59 73 188 55 139 194 10 22 112 171 44 45 58 55 98 115 118 147 188
7 111 83 200 88 86 7 136 99 149 154 152 21 6 138 115 82 26 20 93 145 43 29 31 57 119 68 135 127 42 71 51 148 193 69 175 17 136 90 182 146 14 61 36 37 146 109 16 145 40 111 112 198 163 69 198 29 164 55 15 173 30 172 146
