98
112 22 115 116 153 24 64 173 160 193 149 23 181 138 151 195 60 131 78 125 54 46 109 41 75 186 162 137 133 165 133 15 116 41 14 140 56 148 101 92 111 121 157 49 39 54 57 177 56 97 73 113 70 27 166 41 121 133 140 162 6 47 4 113 181 29 10 44 68 121 75 156 97 194 27 17 115 31 107 178 106 130 192 159 195 84 67 30 169 79 15 143 53 138 160 51 7 16
73 52 37 9 170 36 94 106 22 21 70 131 175 128 158 80 106 45 65 67 14 178 116 66 83 155 104 154 12 172 62 121 92 149 50 109 170 173 24 108 100 75 124 57 15 64 10 161 118 41 121 175 142 159 160 58 90 76 38 81 13 190 8 84 105 198 200 3 104 123 52 38 164 19 111 163 107 12 153 150 151 59 86 194 23 72 24 175 25 169 152 11 58 4 87 176 82 117
16 113 170 40 144 85 8 22 199 111 80 164 165 153 196 12 149 39 167 49 194 168 185 39 177 171 195 7 173 84 167 164 167 191 76 146 61 98 68 177 28 69 179 138 92 199 136 147 36 74 142 126 160 2 104 21 141 51 147 181 200 53 85 147 88 60 55 29 182 182 177 141 65 159 173 112 88 1 58 76 127 185 68 61 45 81 20 48 1 72 182 15 115 136 10 136 38 37
20 14 184 77 84 167 159 149 84 27 123 139 179 72 199 159 32 158 104 133 88 137 191 13 106 89 91 50 105 165 99 151 123 139 17 32 193 83 87 74 109 119 50 101 142 28 98 72 190 148 112 3 125 28 135 153 127 62 151 76 147 15 3 166 118 74 146 5 134 74 120 134 143 80 0 194 54 190 129 41 126 151 38 151 163 166 79 36 55 78 49 11 28 63 98 90 16 92
4 184 150 40 10 99 171 162 112 89 73 24 117 53 1 180 136 71 67 187 80 39 101 120 48 141 35 59 153 72 29 51 69 121 92 38 148 89 153 166 120 121 137 99 78 155 17 164 0 18 19 46 166 32 177 51 179 93 39 180 61 36 22 199 146 9 101 175 184 27 68 171 146 107 182 110 53 113 91 63 45 187 137 39 124 191 186 179 90 83 129 122 99 97 66 5 178 42
72 119 108 178 55 77 55 85 32 39 165 8 183 164 171 198 29 101 142 164 15 124 125 190 148 108 197 69 74 45 12 31 178 60 49 149 6 60 61 61 0 165 111 76 192 10 149 12 155 166 60 42 78 44 67 26 71 105 87 121 186 185 29 110 165 159 8 89 196 63 9 117 1 124 36 10 166 9 23 13 119 43 121 49 36 33 42 199 71 175 129 188 67 193 141 90 114 87
144 120 52 168 161 127 192 173 72 175 80 153 28 11 188 92 78 152 183 188 160 199 117 111 107 119 114 116 175 136 118 1 44 200 112 108 149 136 76 43 131 126 12 12 122 84 77 178 112 172 184 147 145 160 8 52 197 67 175 106 28 200 79 163 141 118 139 175 88 97 13 120 79 109 81 183 49 50 9 111 192 10 166 55 77 120 160 147 94 96 143 181 119 60 109 143 73 18
17 180 142 135 64 138 6 3 143 49 90 69 65 122 133 61 109 163 167 95 60 57 109 28 190 55 109 184 98 83 130 92 117 72 158 96 86 116 178 118 175 169 96 164 65 97 148 163 13 23 134 119 180 12 84 97 156 159 108 96 110 14 49 197 1 25 87 41 53 62 79 117 108 162 174 32 131 35 45 3 170 126 56 113 40 177 116 115 178 145 24 157 94 187 134 82 82 86
193 167 183 112 193 193 113 99 176 178 110 30 65 52 104 147 28 117 94 46 117 45 22 197 150 165 140 198 88 148 60 107 27 164 31 138 168 197 126 17 53 19 75 161 29 98 22 193 104 180 184 29 136 49 83 111 130 157 31 165 3 110 50 86 67 49 161 169 83 78 30 169 17 137 56 163 187 169 51 54 166 39 158 153 157 114 79 103 35 109 70 142 9 163 124 156 143 32
183 150 149 132 98 129 61 58 76 145 84 176 152 32 103 16 23 114 131 101 156 54 111 17 170 185 190 54 78 62 166 57 152 133 155 5 12 124 171 0 27 15 7 173 100 34 99 89 24 62 186 75 58 197 132 38 3 165 94 154 41 158 159 199 20 141 78 139 135 117 133 90 118 15 86 131 91 113 24 159 74 63 129 51 57 171 125 137 52 80 52 176 99 179 36 155 29 160
158 192 32 41 146 55 97 200 181 38 190 7 1 91 91 28 161 120 30 40 49 62 74 90 115 131 93 70 184 62 154 114 65 198 76 92 46 122 160 128 94 178 197 148 127 53 4 199 141 162 15 110 44 109 21 1 77 138 80 148 100 155 34 69 32 64 2 199 145 99 196 77 151 139 89 66 139 163 109 111 25 162 114 195 50 83 97 148 32 88 194 1 114 118 52 143 185 153
124 29 176 200 10 188 10 112 9 116 78 174 112 109 196 14 180 49 65 117 194 74 9 149 0 131 95 39 167 162 78 159 6 138 188 148 178 156 97 161 47 8 69 78 107 93 188 4 189 190 147 93 92 183 193 45 27 175 87 32 134 178 91 110 44 194 111 187 114 178 50 80 101 18 15 95 150 165 197 103 107 65 3 119 125 160 177 25 185 4 144 98 99 28 93 0 34 150
148 90 4 89 128 143 0 126 61 121 184 177 71 8 132 45 25 199 163 173 128 47 124 125 179 90 161 168 40 86 164 70 46 194 69 150 49 8 183 127 22 95 58 178 82 58 142 8 159 128 24 31 47 131 161 36 189 93 158 195 57 6 101 133 179 26 104 37 18 75 45 103 68 121 6 129 51 63 77 154 150 68 171 186 102 127 43 129 188 78 32 31 104 33 86 147 0 168
115 32 35 161 14 15 82 138 184 8 99 80 97 154 163 188 147 124 36 32 58 42 70 125 137 167 170 74 86 14 9 124 85 133 183 111 151 22 18 166 19 132 185 79 186 97 50 183 166 42 94 189 67 100 2 73 120 15 58 192 48 199 189 148 22 45 35 25 6 144 139 144 68 118 61 162 161 170 163 145 105 117 198 63 57 181 104 73 99 13 127 60 70 198 144 185 92 90
108 180 104 179 22 24 39 8 11 73 184 44 85 79 112 75 49 175 183 102 120 81 106 153 148 193 185 133 196 129 98 30 179 77 110 105 7 34 85 136 130 68 5 46 40 132 75 64 127 183 7 129 144 75 126 106 151 179 173 81 130 47 107 67 76 72 195 50 98 139 97 165 193 20 146 10 37 200 106 31 181 39 190 6 157 35 100 166 168 110 12 67 131 133 145 50 106 113
96 19 180 199 61 78 52 148 189 174 82 17 123 165 15 57 100 130 7 53 29 189 167 101 140 172 110 44 68 71 200 121 89 167 200 24 197 0 11 199 95 57 37 72 143 29 48 104 144 136 111 24 125 23 148 152 59 144 96 122 50 8 73 189 21 182 83 200 9 21 156 50 76 80 89 183 35 40 32 112 188 98 137 67 152 124 49 28 80 181 156 111 97 168 2 60 177 66
190 194 198 82 62 80 109 144 54 64 145 153 97 147 121 149 30 66 120 64 66 113 173 192 159 29 130 32 105 170 182 9 174 89 195 27 52 68 64 158 24 18 53 72 35 120 17 179 41 149 43 90 104 113 92 6 7 152 165 65 92 157 58 87 136 141 55 49 25 77 90 115 102 170 66 52 89 19 40 119 95 111 166 168 49 97 151 132 84 108 116 84 193 53 142 47 2 102
60 3 45 80 146 141 37 31 118 75 18 27 75 155 102 69 169 3 190 58 130 199 139 129 49 100 31 13 45 175 140 157 5 164 91 148 196 173 14 81 123 110 131 154 194 66 159 125 196 105 96 186 88 177 113 67 119 171 65 198 80 102 104 24 24 89 23 79 20 107 148 13 86 137 58 167 50 141 122 163 155 197 192 152 150 101 186 51 154 132 30 45 5 17 98 196 157 102
160 0 149 149 33 51 75 132 162 44 1 110 7 39 140 58 69 125 159 118 96 15 159 167 172 107 81 186 153 195 173 175 40 102 182 124 165 9 195 112 52 136 88 38 50 77 52 185 53 184 74 57 147 37 196 88 40 191 126 92 3 77 143 45 177 150 18 130 67 89 167 180 52 106 147 9 165 131 11 33 120 167 139 52 97 144 122 179 30 126 192 188 124 154 1 4 44 44
114 178 180 122 176 34 163 170 85 198 46 57 175 106 141 79 12 28 135 197 75 139 92 145 128 36 128 183 28 11 31 179 192 193 74 183 44 29 74 196 160 44 17 101 151 60 69 111 42 128 58 147 93 111 43 168 175 25 74 57 126 86 11 109 74 37 79 177 117 21 12 139 96 117 109 145 131 167 199 57 48 43 197 102 127 97 4 154 108 43 24 20 68 86 19 106 128 45
106 16 104 48 34 4 191 49 153 152 61 98 124 93 140 200 155 6 74 56 81 58 115 4 96 168 140 111 112 184 21 114 66 20 181 128 118 79 135 137 141 139 184 118 38 178 185 200 118 131 154 44 113 169 65 95 130 124 2 191 184 39 126 17 39 92 34 164 72 2 90 135 129 24 197 50 96 192 79 11 145 38 115 153 12 36 46 82 195 151 150 143 162 54 105 30 98 149
38 108 60 123 62 38 150 90 99 126 51 8 143 158 61 165 174 194 108 117 94 49 102 164 106 164 191 101 33 198 105 138 161 194 39 22 190 75 20 57 58 46 118 60 79 96 130 121 169 67 166 90 25 81 18 177 104 52 42 158 35 9 66 120 186 130 176 7 14 183 36 119 168 53 112 115 155 185 76 198 70 18 20 181 198 16 104 68 30 109 156 0 50 1 186 38 22 112
76 16 16 116 120 166 196 45 60 189 71 13 40 170 152 132 168 157 32 99 112 96 170 132 49 185 8 134 99 86 147 171 28 158 128 63 13 0 61 122 14 68 16 181 54 108 86 92 109 0 9 179 160 158 83 139 14 50 148 82 99 124 39 142 171 197 50 145 81 145 3 65 125 72 59 13 23 121 8 70 19 186 190 185 118 197 48 0 197 2 8 33 28 85 26 18 180 11
43 147 99 51 172 160 151 28 100 157 136 170 126 78 188 58 186 1 54 180 29 163 160 9 147 62 11 90 83 130 101 25 7 14 188 54 121 85 182 108 129 155 157 47 90 184 17 196 1 35 195 109 55 6 162 197 86 89 199 103 145 179 133 76 117 23 157 86 22 18 90 136 16 175 9 109 27 156 28 89 33 188 15 175 30 97 136 77 20 86 193 148 60 26 14 12 17 190
178 187 53 6 37 59 101 69 127 22 79 100 179 180 27 137 89 148 48 62 29 82 23 113 198 109 192 79 81 101 111 73 80 129 110 174 92 198 143 42 158 13 0 55 127 39 48 136 17 194 77 134 89 117 200 153 147 11 144 64 118 12 33 135 22 2 61 39 164 123 52 171 172 42 123 51 187 109 143 171 45 30 86 44 149 199 59 161 27 192 72 74 86 54 46 146 99 39
126 42 157 164 4 11 57 177 15 159 89 130 47 92 69 76 140 38 119 194 69 107 154 91 114 81 72 168 41 163 158 173 25 184 39 171 109 166 101 173 61 119 167 9 191 77 30 143 124 100 167 14 151 28 124 134 182 105 31 164 177 155 141 49 119 124 36 25 39 14 19 14 138 25 57 165 12 8 42 144 67 115 154 4 24 76 69 179 137 89 166 60 66 48 42 25 60 52
48 159 196 89 197 3 178 127 68 49 190 57 73 38 171 105 74 92 156 15 31 67 47 181 153 50 198 165 141 64 30 173 11 184 121 103 87 149 48 25 124 62 36 197 102 40 58 73 158 145 197 50 54 56 168 72 30 121 192 115 66 102 121 5 97 88 129 10 58 25 3 21 105 13 175 1 177 64 137 147 191 116 119 156 14 73 177 116 57 60 153 78 160 150 196 190 42 194
117 54 9 160 58 179 95 2 26 84 53 165 36 89 60 8 17 105 188 43 62 141 186 176 141 165 165 112 176 142 180 125 144 179 147 74 160 109 168 182 95 56 32 31 107 50 11 57 38 88 0 122 90 168 63 150 50 187 0 93 146 55 30 79 52 42 6 199 184 56 199 44 80 131 169 185 170 33 94 183 8 98 199 32 23 146 109 160 65 2 78 144 64 142 160 102 15 100
47 159 183 53 77 89 137 150 13 41 123 104 90 152 181 3 156 137 18 131 151 14 138 36 175 143 51 13 88 18 22 89 135 57 182 41 119 103 65 66 168 99 125 140 27 175 138 193 126 83 53 125 116 47 141 51 137 90 14 110 187 8 106 179 161 37 73 165 145 62 70 59 195 98 89 36 14 132 3 31 89 113 180 133 62 27 8 125 5 26 71 65 36 121 170 98 15 26
24 182 5 171 198 6 119 94 133 13 161 38 152 196 149 32 15 154 92 67 193 69 63 63 115 110 125 33 191 34 0 61 91 21 7 196 168 183 157 190 56 97 110 123 76 176 184 76 65 32 46 187 166 162 161 53 1 117 62 85 21 102 118 167 62 159 38 117 80 8 185 194 155 186 58 109 34 164 93 73 108 47 123 25 158 146 60 78 19 194 69 59 157 28 132 50 98 166
158 194 133 20 183 141 130 131 67 121 98 166 168 140 147 173 180 72 65 110 5 184 124 152 33 134 6 35 44 59 92 130 91 79 144 38 86 171 19 85 42 28 30 144 11 196 71 144 57 82 128 120 118 31 147 17 138 161 155 139 17 182 20 153 75 61 161 164 133 196 81 13 45 144 80 127 133 17 7 150 13 130 48 148 134 153 163 3 50 85 81 176 40 194 37 185 194 38
105 139 195 15 180 56 24 120 131 74 118 3 2 197 91 131 165 104 135 120 23 183 86 33 2 123 197 120 100 97 132 107 6 16 96 110 12 3 89 191 82 56 67 157 35 149 93 196 54 10 40 37 30 116 2 135 20 115 125 91 23 178 155 131 36 103 42 136 140 172 116 116 177 81 100 12 159 166 83 191 19 102 123 158 9 95 82 178 44 167 10 60 38 198 2 62 51 35
47 122 187 44 125 80 107 124 98 73 179 67 14 170 71 86 174 50 72 151 140 106 199 102 98 76 25 171 148 60 132 66 148 125 145 113 10 110 6 161 4 171 185 30 64 61 118 105 195 169 20 118 18 54 48 22 39 14 12 20 169 116 123 198 152 172 150 52 107 93 196 158 98 181 99 114 134 175 86 122 66 136 151 19 13 159 137 62 132 61 93 7 153 96 62 83 144 53
142 189 58 97 184 31 181 149 10 71 118 66 166 173 81 152 123 166 185 157 181 168 82 160 95 165 134 35 170 147 106 80 99 96 154 94 120 139 194 153 131 154 176 169 171 130 52 65 171 162 42 71 93 112 62 20 96 105 47 151 137 97 24 40 126 95 103 119 138 22 4 142 194 146 106 38 74 172 48 32 187 70 132 194 170 13 19 31 171 5 71 30 149 159 65 65 23 163
135 198 145 61 196 200 140 178 4 119 154 84 126 80 29 74 187 153 145 72 125 125 63 101 13 95 76 89 22 24 154 97 68 1 11 87 115 11 144 86 106 59 37 169 171 90 124 47 193 94 94 112 124 155 192 18 119 10 102 146 68 84 188 21 193 194 102 179 147 151 120 140 178 63 94 121 76 70 126 88 169 44 97 8 199 95 32 55 169 42 104 110 139 23 71 149 72 185
75 70 5 103 150 34 92 28 146 28 75 114 72 38 77 116 92 80 12 8 129 52 133 186 124 101 142 153 198 107 69 29 40 63 30 83 175 175 117 78 24 194 105 63 114 111 144 161 169 117 68 153 134 194 164 131 22 24 126 148 199 141 94 91 133 19 22 2 45 34 106 148 107 139 155 184 109 133 62 87 31 189 38 197 185 102 112 106 173 28 124 91 29 91 59 101 195 138
92 65 117 60 94 198 42 126 151 158 191 40 168 190 52 99 95 157 160 91 82 163 91 100 124 163 67 167 27 74 155 97 122 2 36 41 84 55 99 168 145 54 148 113 151 5 74 99 116 167 183 165 56 197 57 68 5 36 107 26 105 17 179 84 128 75 132 191 188 47 40 128 48 168 199 174 2 6 180 55 62 166 45 17 17 80 157 29 177 69 91 83 117 99 168 59 175 16
76 33 159 101 128 200 79 132 128 144 43 17 8 149 153 195 124 128 13 168 156 131 1 41 132 35 36 133 145 100 106 97 22 92 118 28 164 123 169 152 112 105 146 52 24 7 94 99 82 6 93 103 102 51 66 152 151 59 7 192 178 5 108 138 192 145 27 162 29 24 167 33 78 35 38 169 171 180 12 57 192 135 98 10 67 124 5 158 14 4 67 119 151 70 96 91 150 155
186 84 126 196 124 79 126 13 178 120 116 124 142 181 185 3 94 152 30 167 17 123 192 2 117 149 144 132 51 40 68 68 176 99 153 20 19 144 63 77 196 50 132 63 110 26 24 127 18 7 45 8 191 88 5 110 46 76 10 88 160 29 188 51 73 126 126 4 107 54 170 72 126 73 143 22 33 134 113 90 116 188 26 82 91 196 32 163 131 18 53 116 154 194 2 110 70 8
135 47 156 108 11 74 6 80 93 123 23 104 200 108 183 151 125 70 164 61 104 49 163 161 133 4 100 104 198 42 11 44 28 193 187 36 51 172 8 27 192 164 147 158 66 183 4 32 17 22 26 11 70 35 185 95 7 104 21 119 53 4 63 130 138 25 81 103 71 18 88 90 177 38 185 133 29 15 42 99 145 23 161 65 24 18 32 191 73 160 80 53 27 108 170 3 25 111
106 99 72 185 143 39 172 101 92 2 117 64 166 51 80 41 50 111 142 17 184 121 19 98 77 31 192 157 102 112 121 118 7 151 136 89 83 11 194 31 181 122 32 82 194 46 89 137 78 63 181 176 158 158 98 127 4 13 115 45 69 39 39 49 143 7 173 187 103 53 15 121 94 129 115 108 96 166 8 37 193 170 31 97 199 111 68 36 89 147 49 111 182 97 119 92 185 177
23 89 132 33 111 178 107 30 126 164 114 43 150 2 33 63 149 152 74 123 83 50 16 124 1 167 92 87 124 38 7 159 191 135 85 29 63 105 22 51 39 172 42 101 115 159 71 105 63 143 187 66 31 8 27 0 148 114 181 65 82 91 102 112 23 85 194 148 61 111 189 51 194 171 31 91 63 87 79 149 82 16 42 120 96 183 16 185 97 103 165 27 120 143 104 113 9 16
33 144 144 176 189 171 121 143 118 42 104 151 111 27 64 78 162 83 174 150 146 87 128 26 182 186 12 3 32 16 128 12 160 111 55 99 189 124 150 148 146 140 94 114 34 178 161 2 168 19 129 43 141 173 17 68 183 40 63 46 46 120 93 160 64 87 187 120 27 30 77 175 6 187 17 142 119 178 71 35 119 135 173 101 1 169 139 124 16 102 73 69 54 55 18 6 118 110
119 195 150 105 102 76 118 96 96 56 80 192 152 191 58 16 36 57 112 121 111 102 13 183 167 44 38 164 157 82 68 92 111 96 1 66 27 43 137 132 64 36 180 88 191 99 35 51 154 190 165 101 199 54 188 90 93 141 173 25 141 150 27 177 123 196 157 172 141 126 117 86 134 86 17 130 53 181 164 79 142 176 116 146 53 35 102 179 190 122 106 128 92 78 25 130 188 52
122 87 161 16 169 164 175 67 14 19 2 144 16 76 195 31 53 92 158 25 53 106 34 143 24 18 64 188 152 118 112 136 47 101 153 64 138 140 46 65 142 105 77 111 158 67 75 176 58 74 35 162 11 161 35 175 81 78 147 44 14 187 119 38 173 134 121 177 7 85 198 67 61 126 200 55 107 104 88 177 136 159 108 150 163 153 117 59 186 162 35 32 164 175 115 51 26 54
57 155 124 79 87 188 156 34 3 121 11 69 200 113 133 129 24 70 86 22 115 154 156 165 122 26 135 30 73 111 132 148 125 24 39 52 195 54 17 17 108 166 41 186 173 43 125 174 135 146 51 157 62 2 149 28 11 155 89 86 31 108 132 63 2 154 192 10 122 45 29 82 132 200 72 10 127 77 179 12 138 30 69 175 75 103 59 163 61 140 61 170 27 147 42 16 54 28
75 39 17 198 143 40 116 165 80 53 132 177 148 72 49 184 80 145 136 56 21 55 132 133 189 50 129 179 171 107 64 100 195 138 94 91 8 174 194 28 198 125 138 56 89 114 2 58 169 23 144 141 143 0 193 38 68 23 14 82 22 51 189 103 25 80 29 124 173 110 8 112 138 85 84 168 23 93 39 57 70 158 13 55 122 176 110 175 177 40 151 154 84 53 153 62 102 131
56 106 193 184 97 39 60 172 91 5 14 106 179 1 41 78 60 134 111 153 49 26 21 165 95 17 50 51 71 84 98 156 73 29 6 154 50 107 16 12 20 6 114 109 70 6 151 74 36 93 146 178 144 131 194 44 84 80 29 174 160 22 136 93 168 107 17 112 72 87 158 159 181 109 198 132 37 67 177 110 115 130 186 168 109 126 178 195 72 113 190 24 46 67 197 179 47 103
92 149 149 42 43 184 160 116 105 13 155 23 154 81 104 139 146 194 166 196 28 27 61 53 96 29 1 185 12 56 59 107 166 3 37 150 41 59 29 178 107 8 7 81 190 43 28 16 52 60 121 76 165 35 85 197 17 87 135 128 83 51 126 111 144 65 149 64 161 79 87 62 113 23 131 141 133 167 71 68 133 120 5 172 9 78 42 167 140 174 81 16 88 186 194 23 83 200
175 172 2 190 109 107 109 137 14 159 112 9 155 163 48 70 46 121 191 176 72 111 166 10 44 128 16 2 10 34 197 58 124 140 27 155 124 85 128 200 185 92 114 117 120 200 171 83 179 158 121 181 85 81 110 64 166 154 163 182 41 74 13 163 109 173 121 28 15 188 59 13 78 67 125 168 46 121 190 144 182 181 166 21 150 177 68 178 91 83 142 31 12 91 27 81 144 160
67 159 116 104 152 9 136 32 11 107 127 156 160 140 192 89 33 152 15 85 61 188 71 4 156 82 103 84 32 73 125 176 42 29 10 85 19 39 97 174 182 18 24 191 65 169 66 20 189 149 49 39 74 196 40 185 88 98 90 52 105 12 91 36 11 142 170 92 193 84 98 28 54 95 126 167 106 76 177 39 74 16 135 63 95 175 32 83 158 11 21 15 116 19 61 26 82 87
154 134 100 87 18 103 29 29 35 109 115 23 39 41 79 95 149 195 2 160 186 157 106 46 56 186 66 36 41 81 149 107 187 131 87 124 70 12 7 113 30 43 28 49 135 119 159 106 69 74 55 99 175 199 16 79 195 180 90 75 127 198 145 84 38 26 11 66 177 111 29 78 108 112 87 57 54 76 159 60 132 115 14 16 134 125 186 134 96 184 144 128 85 87 181 0 139 14
165 184 161 130 63 127 15 175 9 59 172 25 68 160 52 83 144 72 156 181 163 109 196 33 123 33 184 68 56 15 198 89 191 78 45 164 151 113 83 170 101 32 144 152 133 9 107 101 175 35 99 55 48 97 144 37 197 191 171 62 110 46 151 101 74 176 193 155 26 115 64 86 107 146 88 39 143 193 130 84 39 104 57 188 153 124 10 81 134 41 110 141 18 46 115 126 107 118
129 46 94 120 112 175 111 103 65 9 147 97 32 57 22 149 70 2 191 43 75 90 169 38 77 27 54 66 92 185 5 96 20 173 173 159 148 144 12 98 33 52 90 24 133 157 111 91 107 147 173 184 161 43 176 173 10 38 103 8 28 1 68 67 30 185 8 200 86 198 127 189 34 150 114 55 26 24 180 154 144 96 165 15 67 19 41 108 14 149 198 2 30 17 147 91 66 86
56 188 57 7 142 62 138 107 116 111 156 161 126 111 7 26 9 10 140 89 121 165 116 8 52 75 117 46 104 48 47 52 146 85 161 28 164 81 128 88 182 10 89 83 157 37 96 9 155 48 183 54 163 57 144 37 193 83 153 51 16 23 43 66 155 21 77 163 60 184 102 18 0 156 98 108 44 164 165 30 113 31 80 137 65 33 83 161 168 163 119 174 44 158 64 93 112 174
20 4 135 15 5 34 42 146 96 38 134 59 167 44 117 123 44 2 129 67 130 45 75 145 64 144 32 105 177 3 145 180 54 174 32 89 26 81 92 31 16 84 7 76 187 78 75 97 87 3 123 166 0 152 48 49 135 196 156 135 36 92 190 200 14 21 91 108 95 84 179 13 149 190 52 83 199 119 50 5 126 8 150 43 119 57 32 143 122 120 96 53 66 133 38 126 186 79
103 188 29 24 26 196 174 146 110 74 22 19 47 96 20 186 102 132 122 107 92 43 190 135 57 12 24 185 20 32 197 124 182 71 50 195 45 115 81 25 164 106 163 0 67 189 165 39 43 76 86 110 51 99 141 164 62 191 50 18 182 99 14 80 84 163 10 173 71 128 6 63 108 112 157 56 25 119 127 51 191 46 38 3 47 14 44 147 21 70 176 118 91 152 152 35 51 12
110 138 104 107 87 142 43 153 173 97 99 113 46 200 102 146 103 54 37 54 150 8 54 59 95 67 138 108 7 109 166 97 152 57 47 2 115 0 48 56 193 184 102 126 110 137 197 183 186 11 6 17 82 76 110 19 64 129 11 146 28 40 81 117 126 113 127 17 196 137 78 105 112 34 107 62 176 93 90 128 167 130 64 195 184 179 46 102 40 41 135 133 99 152 95 199 55 134
83 111 56 93 119 187 54 67 64 105 83 65 93 160 86 177 99 136 42 8 169 26 23 180 163 57 2 11 117 109 71 138 184 197 184 132 75 11 128 12 29 183 77 33 47 60 161 87 97 77 163 79 38 32 136 52 106 143 57 145 85 41 41 92 94 49 30 137 157 80 123 162 10 194 86 99 159 63 137 59 142 132 189 13 140 63 199 13 64 30 77 107 199 2 141 92 157 20
186 126 180 65 137 62 51 187 9 133 71 12 49 152 105 121 8 88 79 37 24 87 65 45 139 102 127 158 97 97 1 176 102 41 91 154 132 178 96 167 159 95 74 107 150 75 51 70 117 193 34 30 151 71 170 84 181 11 137 150 149 98 168 66 130 56 162 25 10 198 67 120 39 142 24 111 96 106 47 174 50 52 119 198 139 129 140 36 29 171 200 165 144 17 56 91 107 161
175 171 181 177 153 16 111 165 125 12 144 67 66 74 12 23 74 178 46 79 13 152 191 183 120 199 138 80 183 35 13 157 159 179 110 101 150 183 137 175 30 102 129 48 36 104 195 143 125 150 113 33 36 171 39 66 66 184 200 147 31 48 116 9 184 134 84 184 48 155 19 16 21 173 19 13 128 108 55 120 138 124 198 192 28 62 173 8 38 193 80 195 194 117 161 104 91 139
181 163 21 61 142 36 115 112 195 106 145 37 168 136 200 53 133 163 165 35 189 109 192 90 65 144 160 62 26 195 192 54 119 91 162 132 14 131 200 105 149 97 27 163 166 26 161 195 125 2 134 19 124 165 183 42 176 154 171 74 76 62 175 199 107 147 148 182 63 86 4 26 15 2 50 47 110 168 111 141 18 125 154 22 127 147 118 19 163 106 139 1 105 131 116 161 31 121
103 166 160 50 49 113 79 174 80 192 67 9 56 199 163 92 40 167 184 151 116 133 182 44 122 127 173 165 65 139 149 122 66 135 20 7 176 148 44 43 14 110 30 176 84 17 149 93 50 200 46 109 52 165 158 90 25 196 187 62 37 161 180 80 175 6 72 82 199 200 104 54 126 73 153 98 19 158 117 105 77 114 114 67 72 154 0 98 85 76 118 188 71 126 27 61 179 185
160 167 126 75 187 98 198 128 188 87 63 177 59 84 3 112 157 106 65 21 157 41 169 113 52 98 42 73 30 22 42 168 84 115 190 154 36 49 54 163 36 83 32 97 193 72 172 57 156 112 28 45 15 99 58 197 90 9 182 81 46 196 94 26 37 187 20 112 187 46 127 195 144 65 169 163 184 42 89 35 195 96 87 146 98 105 150 57 77 27 44 67 109 163 144 179 113 130
8 29 133 82 152 180 104 53 169 28 140 38 71 176 26 92 15 148 78 114 45 197 17 90 143 191 177 124 77 59 68 12 147 62 122 153 36 156 188 127 118 190 174 33 47 18 174 176 110 176 17 108 196 41 96 120 175 109 79 107 31 162 130 180 6 166 10 125 167 105 65 181 38 0 57 97 63 25 195 62 98 95 109 71 185 138 192 155 177 97 62 137 59 58 99 185 94 199
60 68 185 151 81 113 137 161 27 186 67 42 120 88 112 45 138 156 129 45 14 4 128 182 114 136 0 122 66 128 49 106 33 165 197 188 2 95 166 153 13 161 156 5 75 126 24 190 171 96 131 178 15 26 64 76 87 68 81 130 100 9 12 173 124 141 144 60 4 1 55 55 83 26 79 186 123 16 20 39 142 117 103 159 109 41 155 43 52 146 32 187 8 140 7 9 69 38
134 114 130 71 200 129 14 89 52 129 146 79 76 122 158 149 74 104 83 17 197 60 113 142 82 191 129 163 98 1 132 196 148 126 181 199 75 92 60 63 160 172 149 132 91 78 184 63 200 115 164 99 171 44 195 59 137 136 106 91 130 127 119 68 57 134 186 23 51 41 114 22 131 168 188 150 187 40 45 63 68 27 168 43 137 137 180 30 15 151 47 47 83 151 27 107 140 8
60 110 102 2 37 193 159 131 68 53 57 98 172 152 16 36 67 102 50 1 99 145 170 16 89 45 58 36 198 38 76 103 71 115 76 192 4 182 14 95 147 39 135 1 108 134 181 153 0 70 191 1 112 5 167 124 74 35 47 174 113 5 147 131 49 49 45 71 3 187 65 34 140 61 130 36 1 143 23 82 28 103 53 60 113 161 165 141 186 164 19 115 130 25 120 177 111 190
157 161 98 85 173 92 8 100 73 144 154 53 61 179 27 73 149 16 182 107 103 191 92 149 96 184 70 87 159 57 145 61 34 74 115 30 187 16 19 129 11 19 157 54 66 198 1 111 117 100 121 72 68 69 199 111 137 100 181 62 124 161 177 3 23 161 162 107 10 27 49 70 71 18 137 110 43 169 96 156 87 54 113 8 115 14 128 109 26 175 162 57 47 123 177 137 4 26
86 194 1 40 120 151 47 56 101 198 45 131 115 58 112 21 75 165 54 118 154 147 159 109 165 72 147 149 155 174 38 177 98 178 164 37 187 36 105 79 36 182 130 82 66 29 185 3 95 29 124 16 49 30 124 196 191 43 36 105 20 119 35 154 150 33 81 73 99 48 44 55 116 144 72 57 183 45 136 115 120 114 6 189 170 53 24 121 186 10 167 28 128 180 196 199 88 166
90 83 29 165 24 72 132 13 36 3 100 67 23 171 32 199 28 197 126 171 122 6 42 6 161 23 62 97 107 47 67 38 103 73 108 82 144 84 157 189 79 38 153 89 157 183 16 137 111 131 46 16 156 144 106 10 149 125 15 196 8 180 24 167 79 7 190 96 181 114 61 57 109 136 37 162 137 8 11 106 120 71 130 81 73 166 131 18 164 131 186 193 97 70 185 161 57 22
46 162 136 41 139 187 80 138 48 55 191 73 187 40 66 174 179 117 35 126 16 82 106 164 34 21 187 156 43 14 16 63 101 85 94 41 22 83 82 62 157 196 177 29 1 144 7 56 96 101 194 71 85 148 61 169 52 139 93 32 0 143 189 90 69 75 13 66 53 49 67 60 38 153 41 12 33 47 113 188 116 50 55 68 59 95 139 19 134 171 77 171 109 112 103 179 65 32
93 119 69 83 193 198 92 101 184 80 74 112 166 7 60 167 58 88 8 170 76 128 56 29 37 124 192 128 82 61 105 47 139 97 83 95 59 16 140 73 58 110 102 161 27 29 88 188 200 172 102 95 143 58 48 176 169 10 61 68 41 199 18 29 20 4 163 145 77 34 41 101 101 38 67 134 128 116 126 124 3 165 7 129 14 72 197 50 199 118 54 84 139 142 53 63 132 51
81 191 144 59 44 160 59 191 8 95 134 92 187 180 61 95 156 153 65 11 144 49 162 95 145 158 59 81 174 62 124 76 98 61 3 158 85 33 60 98 130 66 37 123 26 74 16 48 113 107 58 119 133 117 34 150 70 147 164 103 14 169 23 56 58 39 10 193 191 175 124 9 95 162 159 79 79 3 176 129 45 19 175 186 114 168 46 165 109 29 101 67 68 188 87 124 6 52
84 110 77 166 52 109 146 165 193 97 38 53 105 168 149 191 41 143 98 139 167 184 141 61 192 62 34 138 152 117 72 49 163 136 86 86 18 122 19 189 78 24 142 11 70 91 103 92 29 124 141 97 185 178 180 51 40 87 74 1 102 54 117 120 90 37 2 20 186 109 90 106 40 116 92 120 55 0 28 20 144 35 192 91 87 154 154 28 99 69 8 65 69 66 119 22 82 76
183 85 34 82 43 20 180 134 84 16 82 107 187 38 29 40 53 126 26 125 121 145 89 123 26 80 142 112 195 92 45 39 159 94 155 26 37 168 177 78 117 112 86 48 95 170 102 170 15 176 187 196 53 96 197 140 57 163 84 167 88 161 8 87 172 22 105 185 60 95 10 20 1 163 147 139 13 191 53 123 189 134 55 70 115 178 4 133 60 23 107 113 158 90 154 105 106 185
171 141 6 85 163 74 61 123 63 25 67 15 139 114 139 146 57 88 35 141 25 60 71 13 181 46 55 121 143 191 197 113 101 161 199 63 30 198 166 90 84 33 196 151 181 46 91 97 94 109 62 37 123 159 60 92 34 35 69 71 162 148 25 112 53 0 144 117 55 46 15 169 5 115 200 154 28 156 140 166 189 50 31 89 99 25 5 47 161 26 105 119 92 199 11 18 6 156
190 12 152 193 50 143 87 32 54 24 12 106 81 165 179 192 60 109 74 178 98 172 98 165 78 87 0 155 47 181 67 139 111 199 126 161 77 4 9 167 13 85 43 146 86 87 37 72 92 6 0 77 105 9 63 68 191 137 82 29 13 150 43 13 158 82 151 33 174 108 130 120 102 40 107 108 72 44 10 91 57 107 50 97 148 169 112 67 63 29 124 86 74 11 132 162 199 169
108 137 81 166 136 82 126 15 47 158 74 196 65 25 52 186 125 115 105 34 1 103 195 195 193 157 194 72 66 150 153 0 37 164 55 128 181 167 171 199 41 172 177 163 68 56 183 175 109 199 37 25 66 194 91 77 98 109 25 96 155 129 98 103 61 177 69 20 145 21 83 103 105 197 18 48 16 83 34 182 83 109 132 174 174 91 23 141 150 0 199 35 146 134 152 9 70 123
156 12 3 70 56 128 192 177 48 196 106 137 122 18 156 55 162 84 55 8 47 88 123 176 195 17 64 100 0 159 28 2 158 19 172 65 113 142 170 104 182 153 116 144 183 51 193 101 79 175 154 28 193 186 160 138 19 131 88 178 48 128 82 20 78 111 136 10 167 178 71 156 110 141 60 98 78 1 114 120 24 158 131 174 53 119 45 42 128 106 174 112 162 81 122 156 155 68
171 4 82 20 167 4 60 172 176 66 76 11 25 153 83 153 19 149 178 177 166 160 1 80 103 28 83 46 133 147 128 42 19 149 11 112 33 183 99 171 28 65 99 87 27 135 51 182 77 189 11 11 107 147 114 124 15 176 21 144 108 132 187 33 10 200 169 94 51 148 30 30 74 172 86 113 100 199 116 147 165 24 116 164 190 38 150 113 168 13 0 116 137 195 57 118 81 69
18 3 195 141 170 190 177 66 153 96 31 147 65 192 177 182 135 79 187 110 35 42 133 127 97 81 21 86 51 95 164 182 4 154 44 18 110 192 178 25 78 70 95 99 43 32 68 72 31 92 155 185 99 46 58 180 91 197 31 121 113 56 17 51 124 145 45 59 159 146 94 149 128 152 197 104 10 145 33 199 29 193 72 58 72 196 199 154 23 190 31 97 76 121 160 74 136 133
24 142 178 1 177 91 92 199 13 49 112 168 156 99 32 58 132 148 57 180 79 11 161 174 107 187 46 170 149 16 175 34 38 178 50 131 159 15 118 75 19 59 78 74 159 164 64 159 95 25 110 17 0 198 114 142 139 40 141 192 34 143 25 48 23 1 124 8 39 150 121 51 29 56 176 168 105 78 180 44 43 38 192 125 127 44 150 32 169 165 30 41 19 110 48 62 118 137
144 15 114 39 12 49 55 51 85 138 145 153 195 116 4 135 32 200 24 61 195 24 77 166 155 181 40 6 63 173 69 72 124 158 92 55 103 131 149 83 167 118 159 46 143 147 65 135 129 131 26 36 116 144 51 132 104 113 28 183 65 66 168 171 115 82 67 68 173 188 157 95 95 139 95 30 50 1 109 46 172 151 73 27 35 176 131 77 173 164 4 57 38 74 156 182 148 28
115 136 13 27 175 89 195 74 187 20 114 45 198 39 29 101 138 40 44 116 51 200 154 86 176 167 163 108 61 155 168 77 163 199 139 104 7 39 53 27 187 144 71 115 185 79 95 42 89 187 63 29 194 161 98 122 24 155 102 32 9 50 84 78 111 131 109 83 16 83 36 174 91 136 31 138 152 195 112 26 11 45 176 66 24 14 196 143 197 85 90 33 123 137 66 102 96 189
197 97 48 141 94 61 34 168 164 44 85 173 127 11 116 92 117 65 51 157 133 18 199 54 191 176 176 85 69 46 0 112 145 96 65 103 171 15 144 20 175 141 89 141 25 122 1 30 55 49 160 78 155 164 90 20 117 131 189 174 37 62 143 120 98 127 95 126 82 150 197 128 104 27 52 197 11 194 125 197 16 142 64 188 146 151 61 112 135 140 182 161 182 21 87 90 164 67
85 52 116 94 188 75 139 142 179 135 113 66 145 138 93 161 172 194 14 19 78 3 122 68 92 41 67 85 109 2 3 140 86 36 74 25 12 55 46 123 93 52 147 151 85 116 97 190 156 178 145 154 1 196 102 194 178 167 170 169 125 193 154 81 57 170 38 167 66 24 36 119 65 178 116 99 173 182 74 127 140 34 153 27 66 98 149 78 60 51 109 35 95 164 162 39 148 132
153 121 44 18 127 174 120 3 8 34 68 36 188 90 19 190 19 71 114 195 12 89 164 161 97 17 118 29 144 4 161 181 64 119 195 126 150 155 166 51 14 150 192 55 71 9 90 185 48 198 14 117 156 39 23 47 36 166 24 12 78 35 189 117 196 35 78 151 121 192 88 0 74 72 168 61 141 23 158 98 99 138 74 100 129 77 112 46 190 63 28 7 10 37 142 10 112 91
105 118 0 176 36 133 4 10 113 138 94 96 134 144 80 0 47 0 165 191 80 14 65 85 48 34 181 104 172 24 116 60 132 40 77 160 2 190 41 41 125 87 45 4 66 91 0 26 69 198 47 141 89 68 25 200 171 105 49 101 193 91 159 171 172 16 40 128 41 2 151 198 128 25 30 132 1 38 135 188 24 82 46 48 144 6 32 11 199 161 85 123 95 33 84 154 20 161
72 133 119 21 139 51 134 28 34 53 142 2 149 84 133 115 169 81 128 99 82 23 63 71 63 160 177 124 21 76 63 41 133 169 170 178 173 9 142 138 7 163 172 1 145 172 151 170 94 65 74 38 10 158 132 77 118 49 179 35 90 1 109 173 98 140 134 192 37 155 82 63 28 51 19 193 159 45 169 41 40 151 192 31 102 23 101 96 93 164 70 140 102 193 195 72 11 79
153 21 187 169 30 119 200 18 155 128 92 107 84 196 179 200 155 93 10 17 13 26 161 167 164 88 174 180 45 74 134 103 83 158 104 191 177 178 139 45 116 41 71 142 39 126 76 102 57 78 34 54 71 150 61 177 125 23 39 59 156 174 84 183 124 192 90 176 3 88 78 72 63 142 16 3 29 74 77 96 30 97 88 138 5 145 19 30 175 86 49 21 173 33 64 51 166 89
104 44 155 119 51 140 192 176 26 142 11 141 120 17 53 78 62 184 13 19 121 158 83 126 61 187 92 118 138 190 170 115 64 110 13 85 150 56 141 104 131 72 5 113 150 74 132 176 170 68 21 114 164 125 135 28 33 189 118 0 78 59 103 81 99 175 12 198 131 58 50 136 135 120 59 101 17 150 182 115 180 105 156 119 102 128 106 27 56 143 78 39 165 3 134 20 102 84
15 64 16 81 72 105 178 59 164 102 98 67 44 146 57 149 21 86 180 128 113 23 27 36 173 137 96 31 118 43 166 63 67 77 10 127 28 66 195 148 181 95 47 199 70 48 129 55 77 100 80 177 180 83 182 89 138 89 155 46 107 61 6 169 40 9 121 180 156 189 120 167 149 10 97 78 194 106 46 116 135 89 30 88 59 82 23 21 163 162 150 56 48 105 6 41 114 59
75 158 43 160 53 119 171 135 169 6 83 193 156 161 0 103 124 55 154 178 36 84 119 189 124 102 95 125 153 28 71 50 142 185 41 137 13 200 10 13 22 31 151 174 169 184 86 103 121 171 149 96 69 121 143 117 76 86 107 167 139 68 199 33 148 43 35 86 103 36 32 97 43 144 42 22 84 78 138 19 57 156 96 32 200 144 182 135 29 194 118 190 197 68 58 104 9 188
173 31 45 138 93 72 27 10 92 198 0 8 161 166 93 144 191 118 129 32 136 3 102 85 98 3 43 154 23 182 164 119 31 2 29 175 126 45 44 123 72 58 51 172 141 145 136 46 43 160 60 132 38 193 77 100 48 27 179 66 92 62 156 164 135 44 20 176 115 0 96 185 77 39 178 141 126 128 176 161 31 75 49 18 90 52 30 68 116 134 111 191 49 120 171 119 176 196
149 104 1 21 24 107 98 155 123 7 97 41 34 199 112 140 37 147 157 16 75 182 50 143 100 109 35 39 78 79 35 128 199 116 112 161 66 65 147 133 88 36 168 113 139 137 185 83 190 140 170 9 192 157 3 158 159 8 149 154 151 99 198 193 145 143 184 17 78 80 80 163 83 0 75 143 197 198 3 197 174 82 23 29 57 176 172 11 77 126 157 196 36 116 10 53 111 160
110 49 151 177 138 143 174 130 164 37 84 118 176 24 158 128 28 94 82 125 171 185 154 139 101 173 195 84 78 136 30 60 162 83 150 177 191 176 5 11 30 109 81 57 84 20 68 54 182 176 143 53 97 58 184 157 102 159 22 7 131 63 183 104 102 71 151 187 72 96 176 26 3 2 160 1 122 17 186 161 4 44 146 140 134 78 164 155 105 130 116 124 42 34 91 23 186 110
150 85 78 86 87 82 98 80 102 154 169 122 6 139 144 146 173 167 151 137 75 138 188 196 4 47 137 19 190 86 85 173 98 11 155 78 186 180 28 41 53 190 72 107 12 146 133 124 179 65 159 32 47 79 91 4 29 147 160 138 5 37 40 81 127 112 76 156 15 6 4 113 92 63 131 15 64 161 178 51 35 88 106 125 103 9 49 30 3 114 45 138 72 82 186 120 72 69
