80
35 84 164 40 48 82 60 46 165 37 119 34 119 9 128 116 9 142 23 50 43 68 121 41 157 164 61 150 90 66 10 199 198 61 27 46 66 186 139 163 200 197 166 72 11 30 51 181 58 15 51 13 180 111 192 200 147 59 128 22 117 82 24 105 143 139 145 154 91 122 116 65 187 98 194 25 117 43 26 198
80 143 81 151 3 167 176 120 4 62 153 181 4 125 79 139 26 181 36 30 170 120 23 122 67 177 184 103 153 114 16 135 161 23 154 193 189 173 50 69 57 173 72 57 6 173 65 115 185 41 3 65 128 168 169 62 76 167 3 70 13 93 143 175 179 17 10 69 47 103 73 176 71 6 170 41 178 127 193 5
197 13 125 146 160 168 116 85 159 128 33 124 180 155 181 104 152 139 18 106 53 120 80 177 34 191 81 10 47 62 113 50 149 197 105 26 180 24 51 107 102 99 169 106 66 119 104 124 196 95 64 195 26 192 188 35 101 31 152 16 100 60 178 5 165 89 32 195 174 149 165 77 17 57 148 66 9 11 98 19
65 141 76 89 186 128 129 53 14 121 36 154 131 158 188 63 117 97 161 67 75 117 100 75 52 143 165 41 78 82 157 139 102 25 117 109 3 26 188 173 122 21 150 36 128 132 185 18 171 9 79 96 33 121 98 29 4 193 178 66 179 0 107 146 29 191 94 52 169 96 175 138 63 93 84 151 75 157 68 82
66 31 114 61 117 82 0 164 142 200 36 45 149 134 22 96 60 28 57 57 35 4 85 167 102 141 47 95 33 18 120 104 19 165 105 153 14 124 139 176 42 200 115 53 34 138 85 21 131 140 117 176 134 151 96 95 68 149 101 144 25 171 7 155 0 193 10 13 93 110 109 21 98 94 48 50 188 46 37 88
161 155 10 92 53 54 39 88 179 84 40 99 172 103 52 194 33 13 124 114 148 34 123 57 84 151 134 12 4 96 99 173 68 149 32 34 59 45 33 162 123 22 187 5 65 17 174 57 163 76 68 121 68 89 167 94 80 179 196 137 94 79 132 33 109 191 27 43 187 37 45 102 110 112 33 112 104 41 49 138
185 164 138 57 160 166 75 44 155 96 15 167 47 98 78 27 174 67 13 192 119 170 30 56 179 84 104 127 34 51 93 21 166 158 200 115 23 199 120 168 12 78 93 193 53 102 121 135 123 153 75 33 75 85 173 26 45 119 125 168 54 27 90 71 163 31 54 0 156 142 18 90 15 139 128 81 2 156 149 164
144 101 194 156 146 193 80 188 1 123 155 160 54 160 87 174 179 178 56 96 43 110 141 77 61 76 151 40 164 121 78 63 165 33 184 195 15 25 84 17 80 72 42 37 113 3 182 171 3 65 85 190 65 86 70 13 144 93 84 88 64 137 65 151 9 28 175 6 14 15 119 85 122 192 194 111 182 160 97 41
41 50 144 76 118 92 161 159 26 38 196 176 69 70 184 33 21 70 170 153 17 23 1 27 105 157 10 111 199 140 18 123 166 90 144 127 1 139 178 120 104 41 170 82 147 195 182 11 16 42 96 144 86 2 13 121 83 139 130 172 10 104 154 181 38 92 76 175 26 100 116 181 88 28 150 146 105 59 35 120
67 173 199 146 187 80 38 31 55 161 104 0 134 17 23 123 178 121 96 28 100 142 48 151 61 185 40 49 167 40 145 172 180 35 143 151 135 156 1 44 154 155 158 3 49 156 8 80 85 165 5 37 142 15 68 9 39 153 173 114 154 127 118 193 82 181 134 50 51 181 60 199 76 19 115 83 64 30 141 120
159 9 25 172 4 181 135 27 53 70 110 97 193 137 152 141 196 158 35 150 183 113 174 13 39 91 180 92 27 28 108 71 96 126 5 92 65 35 71 60 57 149 163 115 111 131 182 11 4 181 64 185 119 86 102 70 91 16 94 62 118 159 79 35 157 195 131 171 70 21 51 13 36 133 11 119 174 181 39 126
102 76 176 200 62 2 99 58 15 80 100 35 125 42 88 76 39 139 33 170 120 117 189 44 158 80 76 196 176 79 54 5 147 44 20 22 78 106 28 183 159 27 147 25 28 116 115 52 104 41 182 145 26 36 62 11 182 78 94 166 20 178 179 3 12 170 45 155 160 39 62 144 139 24 28 175 135 132 145 55
94 173 1 19 52 168 30 60 116 169 9 28 185 125 88 65 44 185 118 138 51 102 0 191 149 108 31 116 43 50 71 92 167 142 148 109 170 198 194 73 131 102 63 117 173 45 188 180 72 8 71 121 77 109 74 11 35 147 26 27 118 65 157 55 200 46 67 58 155 45 171 141 59 57 114 131 47 140 180 192
187 175 87 103 79 90 139 199 125 118 136 157 121 121 71 140 85 110 75 168 104 8 188 52 97 135 115 106 98 52 123 56 126 198 142 107 74 122 156 8 107 88 190 6 93 112 109 33 195 133 146 119 38 168 101 104 68 94 191 141 178 197 21 114 196 75 23 98 113 135 130 124 133 61 80 117 80 46 90 156
198 51 137 149 182 78 9 103 1 0 149 181 5 93 83 91 48 5 100 162 107 58 88 166 182 46 95 65 111 198 27 168 44 35 90 109 127 21 58 176 150 47 191 94 29 104 192 189 169 73 108 132 51 151 50 112 45 49 27 79 149 6 182 91 71 133 36 132 21 97 180 135 6 144 161 7 87 151 194 13
141 21 60 82 120 70 197 84 193 93 165 22 95 27 106 173 81 168 190 152 97 154 92 194 14 30 49 78 106 190 56 69 124 54 198 69 110 175 51 60 93 29 112 169 105 190 155 163 196 20 180 50 189 194 200 122 178 81 82 152 84 199 71 131 154 195 31 181 2 153 27 80 91 106 162 101 81 79 80 119
139 167 154 4 38 169 60 180 171 137 10 136 9 78 35 95 98 200 66 196 74 170 40 140 47 52 45 86 41 81 39 63 94 157 64 154 193 186 65 15 94 27 168 22 12 35 187 109 104 70 132 161 26 189 115 42 17 117 133 188 156 139 61 33 3 16 51 124 38 53 133 45 164 171 153 78 130 102 37 36
30 98 186 53 161 8 73 104 4 88 197 83 111 167 68 19 28 27 63 42 170 192 47 163 92 199 23 141 194 81 194 122 111 196 116 199 98 28 14 191 30 16 77 99 131 92 30 168 2 190 40 151 97 62 75 178 158 113 91 65 87 59 70 198 8 5 107 17 185 48 190 37 40 58 45 162 68 89 1 74
169 59 57 29 144 156 74 40 146 182 199 17 178 88 132 170 18 199 80 60 77 196 196 51 197 11 5 197 65 82 55 35 195 186 26 172 145 139 44 8 164 1 169 148 86 100 171 47 198 73 191 33 120 20 164 141 57 147 190 86 176 23 3 85 184 31 63 138 33 48 12 5 183 60 2 0 31 85 166 23
106 125 33 24 43 107 166 188 28 3 157 25 102 89 89 135 112 147 147 157 28 168 141 139 194 73 158 115 42 53 76 133 3 38 148 66 143 168 18 9 190 86 7 163 98 70 89 36 149 26 164 57 186 62 82 165 62 72 138 54 185 153 146 101 44 131 118 146 158 145 97 179 58 123 53 41 112 129 81 98
57 9 147 190 48 166 63 145 159 180 9 34 144 67 47 2 146 76 40 135 15 95 117 111 191 47 5 89 198 23 115 143 8 50 66 193 37 81 1 81 166 5 159 100 167 92 101 44 75 54 117 100 32 66 78 102 67 46 39 96 53 173 113 143 191 84 72 65 156 22 148 184 88 160 127 56 197 54 144 62
160 102 48 159 38 8 2 191 60 140 147 144 124 183 11 40 141 106 115 33 105 156 138 156 183 5 6 101 150 93 103 117 109 37 99 106 62 118 142 83 79 156 17 119 72 146 185 135 190 158 4 111 73 185 60 111 65 145 194 185 118 190 199 20 159 185 55 55 62 5 106 185 38 123 115 183 191 81 44 34
20 99 164 21 43 101 144 14 113 190 181 186 59 166 166 42 157 17 170 123 33 173 7 67 106 11 102 6 7 140 179 165 100 42 150 87 97 33 161 6 105 23 84 122 174 181 72 111 183 33 115 10 103 82 85 13 103 28 12 15 9 57 178 126 148 151 122 74 69 75 84 29 93 47 174 12 86 81 103 100
130 13 8 93 103 189 151 53 29 71 191 103 53 194 185 106 106 160 106 124 144 8 73 76 45 90 12 29 110 146 159 128 185 91 9 157 133 60 112 148 98 84 8 21 159 88 152 92 170 49 92 97 86 126 87 97 85 4 114 157 30 171 168 120 34 89 141 165 150 85 66 142 196 115 39 199 126 134 46 151
43 183 96 114 89 182 80 73 9 185 167 159 71 101 135 172 66 110 160 128 1 92 47 194 95 115 127 46 136 121 24 52 127 53 167 13 97 22 152 13 146 49 46 96 133 187 118 9 46 130 44 188 51 173 175 165 31 80 112 182 22 124 1 6 189 145 98 114 103 200 108 147 162 52 144 71 110 190 14 11
56 80 161 177 181 157 28 126 162 123 141 95 170 139 11 123 131 153 152 61 117 90 100 152 52 16 97 175 57 129 162 198 54 174 139 52 96 9 200 87 183 81 192 89 72 66 104 180 198 92 73 189 139 0 169 40 106 106 199 145 195 164 20 102 112 129 87 27 183 176 193 143 120 130 129 185 97 23 175 45
182 186 118 168 112 99 121 48 143 88 75 189 70 78 158 192 164 162 35 191 142 133 58 60 86 77 103 55 57 136 68 68 93 92 125 38 35 93 19 66 107 141 131 172 116 16 71 135 4 143 127 175 159 84 94 172 186 174 76 12 115 172 66 151 10 144 15 188 154 71 57 7 133 31 114 140 169 2 99 21
160 57 115 136 66 55 76 199 56 68 14 38 109 182 193 186 195 96 131 184 200 72 156 150 14 51 11 47 43 132 83 73 70 178 184 191 16 25 66 42 91 184 159 159 165 7 126 86 153 61 68 6 81 180 45 8 36 94 12 97 167 80 23 93 33 88 93 28 105 172 187 8 163 188 25 41 192 180 101 200
140 66 153 108 168 92 83 77 61 87 17 80 20 66 66 25 42 75 74 112 114 108 102 177 174 3 124 98 34 37 171 154 140 58 135 110 37 90 10 197 35 71 119 104 42 124 172 76 6 128 174 37 96 88 97 107 66 115 82 64 42 100 14 137 40 191 5 100 57 59 0 82 179 13 91 120 116 133 87 60
2 40 78 85 175 193 168 81 77 161 87 64 58 101 18 156 147 199 34 40 35 53 129 84 193 4 29 195 56 198 21 32 69 33 52 200 171 171 48 85 156 171 132 138 88 173 45 33 9 66 21 23 52 47 139 116 46 125 95 102 73 6 161 168 10 170 31 193 33 19 95 177 83 59 47 126 66 159 169 128
179 181 29 31 175 97 109 3 160 76 72 149 178 95 62 194 85 51 103 137 189 119 75 106 0 61 94 79 76 106 31 61 85 134 77 165 144 156 16 106 25 83 20 37 87 114 30 199 8 53 102 149 2 11 49 78 168 136 200 8 91 35 17 74 85 92 92 120 118 2 181 164 118 24 140 176 37 114 9 69
27 155 132 40 134 162 111 67 182 117 187 190 149 132 148 44 51 19 159 130 190 94 166 52 68 0 73 80 76 164 7 107 16 132 153 9 174 131 82 33 70 42 15 92 107 82 69 175 188 147 176 181 49 151 11 168 94 44 44 193 21 175 185 149 85 86 148 133 144 12 27 106 84 199 79 32 48 38 165 9
120 17 75 47 21 57 85 107 126 66 11 139 54 199 195 46 160 143 16 113 51 84 114 152 112 195 98 117 15 20 38 12 1 116 163 124 186 26 113 164 16 178 138 138 10 146 160 191 59 193 58 64 29 136 78 5 198 179 123 103 61 87 174 175 130 2 22 192 157 37 153 14 198 78 191 67 19 189 56 75
75 179 96 70 90 129 175 22 137 96 125 172 14 54 48 173 130 129 125 100 101 100 65 96 88 198 3 121 162 85 173 44 95 6 23 112 161 141 107 127 2 32 157 106 52 150 142 160 189 149 58 139 113 147 30 140 163 104 188 50 8 159 101 67 136 147 155 122 135 196 199 95 59 148 89 198 196 105 1 194
108 143 6 139 94 106 19 102 142 171 94 57 84 1 127 138 39 161 92 32 39 66 171 195 67 55 66 125 132 88 69 95 97 152 110 199 43 175 108 3 197 79 48 200 43 199 139 146 162 136 1 132 17 117 130 0 194 132 71 112 178 127 197 7 164 149 63 158 184 57 168 128 115 148 198 10 112 104 67 11
192 91 13 53 188 75 45 134 109 104 138 127 90 81 110 62 128 106 151 35 108 43 131 93 42 50 153 48 49 15 89 79 139 115 144 161 114 85 148 111 192 15 168 165 128 173 170 142 156 145 153 1 62 180 23 123 0 128 124 27 162 13 107 138 66 199 131 92 140 81 46 115 17 132 64 194 31 65 131 72
145 10 195 160 191 110 105 197 187 134 190 159 179 172 155 120 188 168 48 140 169 144 170 159 63 174 154 22 165 113 34 35 13 70 187 106 3 131 33 174 148 84 9 3 118 166 165 85 149 101 177 7 30 178 91 182 109 158 11 76 33 18 12 124 36 115 57 4 43 7 127 159 20 184 52 158 25 72 195 96
172 57 104 122 155 20 58 110 154 113 62 162 173 65 124 153 25 178 15 44 90 50 95 90 32 169 188 32 86 172 193 88 108 62 176 61 152 57 35 21 197 87 0 194 178 94 155 70 74 122 139 81 46 25 61 164 182 86 72 187 71 5 46 84 126 73 20 91 175 190 68 36 4 41 140 114 172 45 123 138
83 69 67 3 24 146 85 125 137 56 139 179 47 109 140 41 182 129 75 111 22 126 131 1 67 78 158 138 69 10 11 27 192 2 88 186 11 93 141 156 84 14 12 119 22 132 190 114 196 24 187 48 138 35 131 9 173 183 107 41 190 182 61 169 76 178 49 34 23 116 195 115 118 192 44 192 96 11 104 52
154 60 14 120 78 128 38 5 62 94 111 53 66 62 100 125 148 56 128 2 59 121 105 150 122 38 67 171 120 28 196 68 77 153 21 84 112 163 193 2 177 72 142 131 45 73 33 10 175 21 167 115 114 79 74 134 80 116 104 176 57 81 163 151 67 57 63 78 139 61 84 84 117 134 132 189 192 57 64 88
134 113 46 132 158 56 31 19 198 123 163 90 34 114 155 192 113 138 142 14 191 179 37 187 81 81 119 146 48 73 194 159 135 3 120 25 19 43 160 142 102 23 85 182 177 192 143 59 32 23 54 55 114 85 157 15 105 4 102 50 103 108 157 45 62 22 184 58 82 24 120 101 31 43 152 191 24 111 185 0
133 154 180 19 194 15 76 68 116 155 51 71 85 194 77 179 159 110 96 3 161 25 170 192 69 172 169 5 79 168 43 114 92 127 164 155 134 148 92 72 28 94 82 170 19 4 80 45 191 85 12 96 36 131 85 42 62 97 24 8 136 192 90 99 82 94 108 195 1 107 90 184 140 185 99 132 137 183 98 39
22 191 185 164 131 141 60 88 96 193 76 47 192 121 61 170 102 140 144 66 182 106 151 159 95 60 67 188 38 40 13 77 36 100 54 118 61 54 61 4 42 129 113 109 135 130 5 13 44 171 59 148 104 4 178 41 105 125 69 14 141 2 170 148 5 165 171 48 19 16 6 55 80 148 32 112 174 22 68 135
27 142 199 53 155 52 0 157 64 86 121 65 66 195 79 193 80 89 99 139 193 154 169 24 147 176 173 60 114 198 76 79 6 71 90 119 28 114 18 162 90 92 90 90 178 70 25 196 81 10 124 60 41 121 28 12 140 144 24 37 126 33 153 13 27 12 160 136 71 144 140 21 97 186 165 168 196 104 66 91
128 112 11 69 47 89 160 56 83 20 45 138 117 172 17 196 187 113 103 9 195 139 170 120 160 93 63 94 173 184 44 112 159 132 144 194 115 49 165 182 197 185 177 99 90 90 65 177 135 33 145 53 78 36 74 51 156 25 145 199 8 4 32 58 190 171 23 106 133 36 50 136 56 167 174 70 102 179 124 23
124 117 94 91 156 124 10 200 142 102 136 183 75 174 81 4 44 40 131 15 113 31 113 22 172 185 76 144 163 104 109 146 193 24 189 130 191 174 109 149 148 119 41 21 101 45 187 34 192 63 191 134 142 12 154 113 95 123 137 129 6 156 190 6 85 65 157 51 181 170 74 152 86 136 57 8 73 155 26 82
98 71 179 174 151 184 161 44 194 23 110 105 37 0 156 88 118 139 51 28 169 113 194 5 148 9 126 42 24 144 41 69 14 15 97 26 60 25 94 17 6 85 98 64 69 114 97 10 177 103 132 137 123 171 164 152 132 17 183 174 16 53 196 121 89 127 51 44 158 83 66 54 88 68 0 34 62 185 166 189
28 67 25 167 137 66 180 81 62 113 145 178 27 61 194 21 126 166 166 14 119 30 63 23 91 147 114 188 64 90 183 178 38 2 137 12 192 56 157 95 108 100 160 116 102 199 101 160 1 116 162 130 4 111 129 30 150 97 9 97 17 163 84 36 157 13 55 6 142 64 183 184 100 97 3 54 129 50 159 186
197 59 196 156 115 37 189 128 86 121 33 32 188 91 67 40 176 144 71 91 151 94 196 61 38 12 126 40 92 172 195 55 20 113 101 77 60 199 144 139 43 52 18 59 167 113 35 178 99 196 159 16 11 114 197 170 45 193 150 128 75 196 45 102 200 39 53 97 77 143 77 114 179 143 135 61 20 58 25 189
104 137 136 77 128 197 133 107 186 186 97 77 80 53 120 171 47 24 178 189 27 123 123 169 68 36 39 38 16 88 26 157 0 61 88 84 178 154 197 189 78 181 29 63 110 75 142 133 127 131 76 187 36 148 148 152 172 169 73 124 175 0 119 180 65 43 190 21 141 52 154 1 180 65 12 74 78 32 31 0
198 121 88 29 78 178 137 37 151 160 43 89 105 27 183 180 156 104 157 38 76 175 4 168 70 134 142 196 75 41 170 191 57 42 132 133 94 36 3 7 86 76 174 183 172 45 47 36 64 159 2 25 16 46 9 142 198 155 177 102 146 17 84 53 200 29 25 43 197 128 97 162 46 128 44 0 10 68 21 98
149 36 125 76 44 47 90 199 11 117 171 58 6 56 124 134 32 8 83 135 183 24 53 131 144 180 12 180 142 7 75 83 96 12 59 151 152 50 141 74 197 132 148 81 55 57 133 151 106 98 163 103 178 5 29 3 8 31 7 53 75 95 12 186 92 77 105 100 41 108 21 119 172 158 159 4 48 120 62 131
105 123 158 179 54 7 63 133 29 150 75 116 61 52 59 185 10 72 164 46 33 111 126 91 165 120 154 170 83 72 119 164 2 184 31 132 6 184 23 190 90 166 29 153 9 0 134 192 169 6 43 149 14 14 45 55 100 65 174 146 155 49 85 78 153 124 12 17 129 116 118 12 113 52 173 166 109 108 82 22
47 24 97 197 9 133 105 132 189 160 116 150 147 1 172 155 87 165 43 166 167 142 23 112 13 6 79 143 74 21 137 80 165 101 56 163 30 126 69 36 60 88 97 28 79 142 46 135 189 56 35 42 182 48 137 32 110 117 40 90 96 56 124 170 54 119 174 188 82 57 88 134 156 157 35 153 114 192 139 104
82 194 5 198 40 96 66 111 80 127 52 42 17 88 54 37 95 101 197 114 75 48 3 133 111 96 81 16 178 183 80 160 26 63 115 136 162 181 87 97 185 20 93 164 94 46 62 194 112 116 30 66 103 105 105 187 166 46 64 112 107 38 47 143 60 135 179 117 65 170 140 183 11 56 41 9 114 72 26 25
83 89 82 7 2 136 15 109 100 146 182 49 46 3 186 185 97 8 89 75 90 95 143 81 132 130 13 60 59 65 86 187 123 8 56 18 162 17 69 148 181 31 93 4 55 99 54 37 59 111 6 47 31 151 164 192 133 167 116 74 61 114 124 9 47 104 153 134 162 96 135 58 110 126 32 145 19 88 4 145
158 15 15 101 194 197 4 173 159 43 85 15 186 22 188 182 178 116 1 111 24 162 21 182 47 200 162 88 49 61 98 127 165 158 53 67 80 15 57 71 65 94 183 52 73 96 99 67 83 48 16 44 155 127 28 95 147 153 125 8 52 166 42 148 9 191 12 176 7 163 46 16 62 93 111 11 36 52 161 68
107 170 168 140 60 62 15 45 200 42 25 54 153 170 151 128 159 46 145 190 70 188 138 26 97 130 102 28 110 12 195 109 38 181 153 146 90 151 8 40 31 153 101 199 85 149 183 8 149 153 88 51 27 123 196 114 154 165 159 164 46 123 85 113 120 160 46 43 182 164 54 187 177 16 112 72 31 8 127 36
121 20 32 197 82 86 182 76 115 34 172 83 60 48 142 169 92 13 30 43 88 38 91 95 69 14 178 48 43 133 102 171 186 101 35 54 102 48 17 95 143 130 199 174 52 92 118 134 172 73 37 35 16 13 76 141 67 167 92 120 12 50 141 108 193 173 125 29 23 146 57 76 195 96 19 0 27 43 159 68
197 199 153 130 98 163 178 130 13 47 133 174 124 200 198 95 111 89 160 96 83 169 33 12 172 16 78 16 62 48 83 37 170 7 35 101 45 18 2 90 10 79 160 146 37 196 185 112 89 54 131 18 0 169 76 0 155 42 91 130 31 198 163 100 158 135 129 125 49 37 5 167 50 187 132 31 20 82 195 184
176 14 195 23 24 81 78 161 62 130 1 159 129 172 86 12 22 182 194 177 2 142 157 87 21 49 157 112 28 49 14 13 164 196 74 42 53 59 143 182 35 96 174 61 46 34 3 44 189 199 108 25 17 10 85 188 163 99 163 174 51 117 58 181 84 117 194 198 75 159 177 103 180 177 162 194 68 194 9 113
37 176 187 192 172 116 193 147 124 93 23 75 199 114 111 152 172 104 126 162 39 90 172 172 91 30 30 58 171 169 77 87 6 183 120 38 165 115 16 170 26 86 183 114 25 198 166 99 45 160 112 102 14 78 130 61 2 131 120 0 191 175 49 174 114 179 1 123 35 74 198 71 55 104 124 176 68 181 0 110
119 40 38 64 197 17 101 51 114 52 79 132 164 156 71 34 13 36 119 154 152 199 90 53 13 56 156 29 12 32 21 112 153 167 99 2 193 162 123 174 47 106 137 63 6 198 165 153 2 96 74 58 126 59 200 24 1 1 175 134 81 130 27 169 162 14 48 57 181 143 155 103 194 135 132 4 33 11 115 127
33 13 160 159 31 53 4 169 174 49 76 45 180 168 51 96 169 183 134 130 146 42 37 127 182 0 89 138 145 83 175 77 90 184 0 94 77 4 23 90 177 133 176 157 74 59 87 157 0 92 102 164 70 16 128 140 189 94 167 60 7 69 142 181 46 42 50 32 120 56 66 125 150 192 65 192 46 21 115 36
118 187 78 40 151 136 147 87 150 139 121 5 87 156 1 101 91 81 39 136 155 119 124 113 34 152 46 159 74 147 100 68 167 62 100 19 80 119 72 64 184 47 26 116 108 85 134 133 12 72 181 190 17 49 137 109 16 89 112 108 68 39 5 115 85 98 192 6 16 186 0 77 142 1 67 157 81 200 38 2
40 23 63 12 12 130 137 65 46 179 128 94 29 137 39 190 22 117 17 3 41 182 24 66 41 112 113 131 82 143 53 179 180 34 107 168 75 153 184 46 108 112 126 65 119 165 34 100 108 37 44 166 118 127 18 75 73 187 111 131 12 72 10 175 2 74 46 119 138 79 113 128 92 191 78 70 114 175 8 52
39 58 165 45 84 140 67 91 71 133 85 137 40 21 176 39 48 173 13 93 104 102 152 115 155 173 69 16 104 98 100 71 1 128 119 39 63 185 165 32 165 125 3 8 89 88 127 165 45 133 19 91 147 59 5 103 59 61 97 160 200 196 182 37 26 145 147 186 52 200 83 85 161 137 82 68 140 137 31 122
6 178 62 185 51 156 43 56 56 73 86 146 78 196 177 75 200 188 190 96 19 179 18 161 6 46 67 117 118 5 154 67 132 147 158 11 126 152 23 142 55 183 85 61 111 123 70 108 49 189 37 15 194 0 190 20 79 37 149 70 63 14 96 170 33 136 130 94 129 5 26 98 184 91 69 59 84 102 178 148
170 84 77 71 19 9 88 83 42 90 111 160 79 15 52 70 132 62 145 28 133 106 26 141 23 32 146 58 122 174 87 176 69 175 41 114 24 144 143 31 153 127 94 122 12 83 49 114 36 172 188 61 123 131 124 41 27 84 87 110 15 30 133 155 175 159 146 136 181 0 31 5 140 74 5 167 46 81 132 169
85 42 130 45 123 14 73 183 71 1 193 54 8 148 116 102 85 151 5 100 72 114 186 2 89 188 67 155 156 67 3 0 156 127 193 183 128 71 69 148 61 135 142 112 50 178 189 187 49 148 183 67 195 19 156 152 107 112 66 75 21 156 133 156 50 121 150 24 146 49 63 183 94 113 69 182 107 192 32 93
187 56 3 67 128 33 37 50 43 6 69 38 43 168 125 143 79 77 126 109 11 116 158 185 126 187 98 199 200 24 74 18 20 134 66 14 102 83 190 180 19 133 63 140 124 148 130 146 19 10 27 18 60 69 184 13 200 160 105 171 113 125 148 149 73 56 153 179 154 143 121 29 38 176 119 145 46 11 29 182
64 181 154 119 10 132 63 6 141 45 130 87 166 112 186 35 4 132 169 21 112 27 34 127 23 175 167 94 122 138 47 167 85 29 169 129 130 50 104 164 146 145 117 120 24 168 15 67 46 195 79 176 170 56 164 123 77 178 9 199 132 124 78 46 76 52 22 38 157 147 33 116 193 1 13 161 105 183 113 78
140 60 81 11 148 41 6 126 49 83 95 129 183 87 138 56 139 5 151 181 92 69 105 6 117 29 19 63 39 68 20 55 73 5 92 101 99 6 150 92 115 76 157 195 85 171 49 153 130 94 187 193 177 178 54 76 32 95 91 58 16 135 48 184 148 146 74 193 181 87 11 22 30 191 48 139 35 140 74 24
154 143 187 195 93 108 143 157 144 183 137 159 41 52 193 173 167 182 156 84 152 2 2 58 194 81 68 110 102 31 150 152 7 166 144 193 192 92 181 66 140 72 97 5 11 114 193 72 59 88 52 199 30 52 191 183 174 104 65 14 99 132 18 30 187 13 183 42 77 117 145 31 54 144 139 49 47 105 173 166
62 59 119 19 49 6 152 71 102 198 187 50 104 146 174 74 48 59 113 30 3 10 122 167 179 146 98 131 46 92 126 99 181 197 136 185 153 23 141 59 31 72 161 94 95 42 191 167 129 181 45 161 40 63 198 121 126 198 52 46 119 27 119 46 189 62 59 193 12 10 99 99 171 39 185 49 169 144 87 52
146 155 118 95 132 165 183 110 164 177 148 157 172 136 47 183 36 133 194 157 115 1 116 127 23 28 122 31 57 104 99 110 157 72 125 121 138 151 27 45 20 119 180 76 157 91 132 158 170 106 73 34 161 161 55 61 45 78 80 185 23 186 127 61 94 7 61 193 38 182 53 126 106 145 180 61 107 167 78 84
149 196 14 177 153 64 189 133 138 103 88 18 107 93 128 163 195 136 102 147 66 154 108 38 181 56 151 132 128 4 47 14 85 113 133 184 127 120 40 6 120 39 194 62 149 62 41 53 9 197 33 153 107 170 129 51 163 104 66 63 26 82 25 80 150 9 132 184 105 12 69 24 155 174 180 82 91 183 59 57
175 5 71 113 175 34 49 124 94 1 133 150 31 12 10 169 162 46 114 44 4 67 72 31 101 129 145 167 9 39 1 94 97 130 183 109 2 11 114 145 61 117 7 164 3 56 162 1 145 61 37 187 121 191 154 36 13 26 3 120 73 92 57 75 42 115 135 131 129 197 80 3 108 27 4 74 9 145 43 149
120 101 122 37 67 129 186 120 125 193 170 25 51 153 20 83 76 129 132 98 41 106 176 33 148 41 16 51 51 99 180 182 40 44 110 77 115 167 99 122 170 156 154 5 93 129 42 112 91 156 30 175 116 95 46 170 5 174 36 92 135 170 104 113 59 55 163 158 130 115 48 29 2 119 36 140 160 166 145 129
115 148 0 112 65 54 173 0 29 39 129 134 24 157 82 135 46 37 111 105 31 139 126 19 50 200 108 194 166 87 185 126 27 82 72 17 49 135 80 91 158 113 118 158 22 178 66 55 17 7 148 49 59 106 174 137 129 6 18 170 72 97 56 3 47 26 152 6 69 29 85 136 94 151 183 164 51 142 149 66
