62
145 116 122 176 69 60 69 112 110 131 16 38 157 94 127 4 141 109 61 87 134 121 95 36 123 185 24 74 190 145 114 85 10 103 32 121 146 9 72 32 95 91 93 180 179 150 45 11 129 44 65 18 44 170 104 104 40 179 184 104 139 182
146 52 37 94 141 5 48 133 49 35 160 186 167 166 166 142 103 60 64 4 101 177 26 115 121 190 137 118 40 105 60 132 24 75 189 14 104 63 192 38 194 83 152 132 40 106 148 152 69 121 166 72 148 2 30 122 96 154 53 46 73 160
168 42 53 82 184 123 61 197 149 184 55 7 54 60 34 18 36 78 114 51 32 63 169 47 98 1 104 48 107 44 0 72 10 66 2 31 54 51 112 117 72 50 103 31 98 152 37 49 1 5 134 16 31 72 8 173 81 128 143 6 187 166
11 200 119 168 68 145 151 86 64 101 179 200 184 145 85 148 52 153 40 109 147 73 167 161 64 46 113 199 19 3 151 100 139 69 29 145 171 115 137 122 163 200 66 130 54 128 54 110 137 24 41 194 28 101 164 101 150 115 31 80 134 40
199 55 139 91 74 53 186 22 79 114 179 158 160 14 147 155 6 112 46 180 118 135 193 70 181 31 55 57 56 62 0 135 53 34 167 7 158 50 72 110 85 35 45 105 194 27 173 131 173 84 84 176 34 134 53 116 175 16 50 91 31 20
145 129 101 47 185 15 136 92 117 119 83 155 81 169 116 44 18 189 125 108 136 158 14 11 7 78 32 28 68 18 107 193 176 114 143 14 126 11 33 14 127 135 44 19 194 162 71 17 69 45 172 176 98 64 41 26 157 105 63 69 14 50
86 94 173 92 1 84 14 29 12 125 121 156 192 136 16 88 173 135 95 177 188 30 134 73 20 84 128 94 22 109 107 100 172 108 61 29 181 22 7 135 169 200 93 170 144 46 83 77 112 181 1 179 143 188 54 109 196 179 19 113 130 103
165 177 60 6 132 10 156 148 189 117 148 87 121 86 189 48 119 33 14 173 56 114 164 89 118 132 88 120 126 82 65 91 11 78 145 75 158 7 41 43 169 33 126 102 164 1 196 12 131 129 165 101 107 32 118 150 157 56 101 85 36 14
177 28 72 27 183 11 133 162 172 165 114 182 35 70 64 89 120 12 41 68 119 184 50 166 102 172 187 9 33 97 85 48 15 180 193 143 21 115 111 153 155 106 29 109 130 66 0 64 68 160 18 73 128 21 63 46 40 73 124 95 81 114
20 9 8 198 159 179 157 155 120 46 178 138 179 26 78 20 143 73 180 68 143 20 101 150 200 12 143 20 64 166 17 40 11 155 83 50 142 185 20 50 173 4 118 58 123 84 179 175 19 127 103 70 182 184 95 141 167 187 105 54 19 62
160 172 141 133 138 134 157 159 153 57 23 164 115 14 101 89 135 168 39 78 127 142 99 14 87 67 50 178 178 83 81 156 78 12 19 22 146 122 126 59 25 37 154 134 71 67 136 155 86 174 193 129 45 144 98 35 23 118 29 148 85 97
189 28 121 155 71 130 136 164 149 24 150 97 148 73 105 102 194 45 38 91 57 3 111 191 92 48 168 180 84 157 19 159 56 38 5 159 12 70 31 168 41 188 39 184 8 43 108 29 155 42 96 85 39 48 64 117 13 162 148 62 196 41
186 35 49 51 23 117 112 198 177 137 108 54 57 6 189 84 91 40 1 57 192 96 27 59 106 188 84 163 186 200 43 183 165 10 51 11 138 95 160 111 146 180 67 131 59 93 20 157 184 41 66 85 65 189 46 162 24 186 147 116 187 112
40 25 66 164 19 68 54 74 68 69 7 45 55 184 169 99 79 164 97 146 67 168 108 37 112 113 27 15 3 22 13 171 142 153 17 100 94 178 168 34 118 171 179 79 98 172 183 76 40 192 81 138 189 133 12 155 32 165 17 194 190 142
147 90 151 168 47 193 29 72 197 28 133 96 28 46 134 154 77 112 150 106 159 156 35 140 110 98 165 65 189 67 192 68 88 37 81 146 23 34 155 200 104 22 185 52 11 186 167 19 77 145 114 113 25 113 178 146 58 3 158 113 120 116
154 108 49 101 5 39 61 141 187 96 149 79 155 41 5 120 148 29 9 67 1 90 36 136 1 25 18 44 55 7 154 14 132 141 44 29 129 157 200 162 10 142 91 8 197 94 149 169 66 25 161 42 176 22 173 0 117 53 139 53 0 57
182 77 137 40 125 80 30 63 10 196 53 105 95 20 13 155 102 30 102 76 68 27 183 88 69 118 90 102 131 128 8 106 109 129 141 164 60 86 84 198 47 2 57 30 9 80 83 192 177 64 91 143 12 55 0 196 193 6 6 17 67 49
38 195 107 84 104 155 4 44 0 173 197 65 195 17 5 42 85 122 187 188 4 196 173 148 138 77 94 44 111 126 141 46 10 93 40 166 160 164 38 51 8 83 76 197 184 77 179 107 64 30 187 115 73 0 139 109 94 54 161 94 25 109
60 2 176 151 105 35 57 147 179 122 103 162 200 137 75 163 16 174 33 76 26 88 172 47 68 3 26 168 102 161 43 108 116 13 103 34 11 11 74 162 196 49 42 20 11 59 0 137 13 52 55 73 196 26 83 33 162 195 160 63 5 70
177 18 99 142 181 23 183 49 11 40 55 146 164 2 55 84 3 14 174 5 193 75 86 45 138 93 112 178 95 122 193 172 145 143 94 170 50 197 141 154 31 48 84 51 102 187 83 116 121 61 150 171 72 78 110 161 42 10 97 169 192 171
90 102 75 71 7 102 152 153 128 121 132 12 117 72 178 52 72 58 119 92 161 28 80 107 196 67 14 63 110 93 94 24 9 45 34 144 18 135 192 100 168 43 196 105 134 4 26 90 17 154 95 186 135 82 66 48 171 27 3 22 29 119
13 85 99 161 59 172 187 117 14 28 10 99 177 12 182 171 159 110 67 59 64 158 103 7 53 100 61 170 65 44 180 83 193 166 141 164 103 56 107 157 81 121 93 198 159 159 108 132 110 152 195 122 145 108 143 91 135 132 139 72 48 125
110 84 172 64 138 47 179 76 187 70 177 194 197 139 167 111 106 169 154 110 58 37 191 15 61 165 58 151 161 75 62 151 152 85 190 157 162 175 83 10 54 93 142 65 3 100 67 64 49 38 137 23 117 145 53 87 126 163 97 149 5 111
24 154 31 164 53 156 140 143 93 67 133 0 179 77 145 85 18 160 99 195 111 53 50 118 119 4 146 50 44 76 57 83 109 54 69 61 46 128 24 121 128 153 84 177 1 134 67 87 89 140 140 164 187 45 4 124 79 191 116 170 197 72
144 51 192 134 162 16 31 9 145 175 98 199 187 198 12 115 152 72 173 45 4 5 78 155 89 48 130 16 89 167 107 192 198 6 38 24 2 124 18 133 107 14 185 172 96 183 181 172 50 78 26 198 165 122 125 21 47 194 69 112 41 19
31 78 38 69 197 174 33 72 89 66 155 182 72 26 196 200 199 98 69 114 101 131 91 173 66 132 56 45 135 58 5 169 117 108 20 20 60 93 152 87 148 91 25 13 138 88 151 127 83 177 56 23 82 81 50 13 88 94 178 39 85 37
184 42 146 179 70 68 87 61 130 5 191 136 146 186 84 37 34 0 181 21 84 166 167 169 61 81 129 131 72 200 46 89 52 125 127 123 115 175 48 112 151 47 178 6 39 82 176 52 171 47 73 37 84 196 121 112 113 12 146 128 102 11
69 41 172 172 53 113 175 57 51 57 89 167 67 63 81 164 121 195 82 183 168 107 142 4 108 68 152 170 111 7 114 81 3 103 133 37 178 11 45 182 93 111 37 146 13 127 175 169 43 36 43 84 107 5 120 62 47 49 98 53 172 108
60 155 85 29 139 12 116 17 71 96 105 187 73 125 152 182 111 78 115 44 86 161 164 198 182 143 82 93 80 18 92 33 67 63 4 94 113 106 63 161 168 196 6 125 37 135 43 87 28 120 7 85 90 75 162 126 96 65 35 46 92 181
79 67 11 112 170 128 178 12 181 140 129 175 197 1 53 32 1 102 114 29 91 120 103 26 25 154 103 179 112 124 145 199 164 100 96 200 87 170 199 115 55 163 138 87 39 151 42 3 38 77 160 176 19 34 95 157 85 162 144 172 34 105
44 108 81 125 175 106 1 101 100 163 137 122 107 9 184 117 139 99 121 116 128 5 79 133 177 129 85 172 42 142 76 58 187 12 152 23 190 60 45 25 144 54 18 23 151 101 114 59 66 39 56 139 92 197 128 159 159 138 148 48 2 75
174 161 118 8 3 171 27 72 190 148 171 182 33 69 169 104 166 50 14 40 179 120 102 98 3 166 122 161 16 150 51 110 187 199 23 35 63 87 140 66 59 175 37 118 64 186 61 155 95 193 186 131 141 192 195 113 43 175 46 166 175 106
161 10 35 46 24 126 0 104 175 156 77 187 170 70 111 163 6 58 148 179 45 22 21 172 134 27 92 51 35 188 78 117 94 161 100 114 40 9 55 180 71 130 138 91 181 75 172 143 104 111 78 142 96 123 59 43 94 43 179 101 145 78
77 48 28 130 81 73 154 90 146 192 161 174 34 64 38 47 169 173 49 59 177 95 97 118 170 60 195 128 144 169 111 153 145 22 200 118 80 74 147 118 61 32 28 93 114 125 119 0 1 45 187 119 129 81 27 163 63 198 48 192 38 158
6 70 102 25 168 54 51 117 77 130 127 74 126 114 135 115 167 117 10 75 137 146 144 93 90 53 30 99 51 142 3 71 44 1 14 84 51 71 58 191 182 58 33 24 163 184 34 193 161 178 28 49 2 22 7 148 41 133 200 34 23 164
119 190 103 85 74 44 93 143 76 163 11 16 77 122 156 70 173 101 16 124 132 136 161 160 113 75 55 61 12 16 123 33 127 150 189 115 45 187 27 84 158 47 76 78 88 98 59 75 71 12 175 47 48 20 111 146 81 124 144 39 177 173
67 102 183 88 18 22 177 70 3 172 90 154 91 152 170 131 104 176 56 152 15 181 135 113 91 151 197 51 94 44 175 65 176 35 160 44 161 26 100 52 127 24 80 34 178 74 44 13 66 62 6 57 176 131 197 173 191 25 45 110 39 26
101 124 84 35 96 5 53 176 22 21 198 137 148 153 161 23 142 134 146 65 5 105 133 76 124 81 157 46 5 183 96 152 127 134 180 26 98 135 15 76 181 79 69 29 108 114 139 136 143 125 53 40 166 177 48 80 92 108 185 162 52 76
95 141 111 71 43 95 113 96 5 119 31 76 63 197 94 154 59 139 40 12 18 76 152 104 16 31 108 99 165 141 34 172 109 101 46 13 142 105 103 140 160 178 149 189 116 177 6 16 83 13 185 97 133 41 30 185 113 155 59 97 68 77
154 148 140 160 170 22 49 67 197 58 34 96 65 53 56 145 108 95 31 151 20 65 194 52 136 7 137 16 24 157 78 175 97 177 164 153 191 169 195 137 180 191 44 170 4 196 139 43 21 57 23 22 39 198 38 13 20 11 131 87 172 90
158 123 113 110 24 41 76 105 191 168 200 19 28 119 28 198 105 189 29 3 194 169 96 154 112 160 173 162 145 104 193 18 116 133 2 91 146 59 62 50 137 76 121 54 78 49 167 55 185 169 174 141 103 81 4 91 107 171 24 96 6 105
181 140 112 74 177 26 91 47 73 30 192 137 18 154 124 59 64 175 162 63 134 182 52 153 12 138 166 171 21 49 46 137 140 93 0 176 100 17 186 40 156 81 53 63 6 117 162 116 187 193 147 96 186 195 119 61 181 94 86 107 111 43
147 199 176 89 141 53 172 58 156 40 65 197 122 87 84 12 94 195 99 187 95 143 133 84 4 48 122 168 16 44 14 114 57 57 110 198 127 104 28 4 190 112 165 9 2 193 76 113 12 151 48 175 80 137 96 130 3 18 33 44 108 177
117 85 25 193 141 145 180 121 137 173 9 180 194 154 83 64 194 90 104 59 168 199 68 75 53 107 132 69 177 28 88 174 130 83 191 63 153 64 25 138 73 33 120 132 32 121 158 158 136 110 116 34 17 67 134 63 179 134 177 101 43 175
193 115 1 136 102 24 182 2 11 127 173 169 69 142 31 49 52 119 93 57 124 153 96 155 157 89 140 191 161 29 113 178 179 66 200 36 16 83 59 117 13 107 36 79 93 45 168 97 122 69 121 39 151 78 191 144 45 103 63 72 76 39
141 183 78 104 57 111 93 198 186 55 100 97 135 136 50 126 75 18 48 17 18 132 139 174 106 69 22 156 8 85 158 58 86 17 50 43 157 47 180 76 153 185 188 20 135 138 165 60 139 149 73 175 68 0 20 171 159 131 42 91 5 131
69 160 143 150 65 137 133 184 180 14 16 65 152 187 190 13 172 35 108 37 138 5 191 155 141 78 194 73 64 8 171 29 5 84 60 100 97 193 16 27 180 125 194 124 49 19 95 88 97 114 77 169 54 176 7 177 20 81 157 75 29 69
99 144 191 117 78 122 190 135 86 146 158 103 128 89 56 190 7 47 176 89 16 80 70 162 144 77 120 52 76 25 63 123 145 178 3 153 65 153 84 173 42 123 97 179 198 148 182 109 134 82 70 146 52 143 196 137 54 73 47 168 75 188
182 187 144 85 176 114 114 46 153 90 89 46 98 31 182 84 39 45 194 123 197 131 49 187 123 159 26 176 12 189 31 153 13 56 146 85 193 98 102 67 116 90 135 199 188 124 190 137 58 122 74 193 170 160 108 161 2 191 105 134 85 78
86 48 26 86 68 56 16 18 198 165 80 69 194 182 82 102 40 154 102 147 33 187 106 135 129 27 78 116 103 34 106 123 185 118 81 117 16 100 109 178 145 42 124 150 71 175 196 6 104 110 64 89 55 78 138 168 105 125 89 92 196 120
47 129 98 141 123 165 110 155 102 96 73 95 168 13 38 191 108 17 186 158 195 71 171 187 197 59 184 63 114 80 46 168 149 45 56 146 12 158 156 59 98 170 20 155 63 79 174 143 18 171 136 0 104 27 187 52 186 103 99 197 28 126
16 189 131 194 174 70 170 125 148 124 74 107 4 94 76 196 158 129 157 114 62 36 98 106 129 67 78 66 89 176 132 162 95 141 82 149 103 44 98 15 158 156 115 0 144 158 14 177 107 19 39 127 35 153 40 107 100 121 161 121 94 43
97 158 63 60 50 6 53 98 79 72 59 35 80 81 68 26 105 159 76 115 52 103 32 106 131 70 95 124 43 185 180 29 170 5 155 163 128 22 45 81 139 55 52 43 66 140 19 178 119 24 192 80 81 5 126 35 41 116 194 177 83 119
40 171 44 105 177 77 63 89 137 90 42 69 55 176 33 136 47 15 163 90 8 53 15 193 73 135 85 134 69 144 71 10 62 60 193 142 36 197 169 34 17 124 50 166 7 181 6 138 83 43 145 70 99 176 178 87 72 133 141 175 98 98
4 61 54 37 62 171 149 125 196 172 99 122 83 122 106 158 107 56 45 14 160 119 0 43 90 28 94 171 173 191 35 128 69 141 73 174 44 38 78 90 7 71 38 138 82 131 123 29 179 137 180 6 53 132 49 18 146 102 92 26 170 9
70 170 85 81 131 103 112 116 96 0 194 6 144 98 190 101 127 124 118 188 144 79 127 135 85 79 192 58 101 100 44 22 110 109 191 102 25 45 128 59 12 149 92 81 197 130 31 42 169 8 171 194 82 125 83 177 169 175 43 79 170 185
0 154 146 129 157 22 111 57 194 49 32 125 187 13 189 125 187 67 187 181 76 134 97 2 138 87 70 121 87 7 178 178 114 188 166 169 1 97 89 164 36 197 127 86 94 111 40 6 100 36 125 65 136 166 46 149 35 114 133 33 162 115
1 79 174 116 113 175 69 12 109 131 159 28 31 144 27 180 166 107 53 145 162 118 10 8 80 194 110 48 13 190 155 113 158 168 78 198 174 3 3 0 79 1 49 27 32 42 1 158 193 25 90 70 95 125 119 109 109 84 123 85 193 108
147 139 116 152 125 79 200 129 105 40 116 72 53 176 2 117 159 137 199 188 168 89 106 163 61 120 38 125 97 18 90 68 197 176 199 100 126 176 111 53 174 134 140 141 7 174 182 77 157 117 164 62 121 13 169 10 18 52 133 140 35 98
142 120 92 16 128 141 71 88 93 167 130 194 21 32 96 44 102 45 186 80 109 193 10 174 163 84 64 91 29 190 91 138 96 19 97 124 56 186 192 193 10 145 144 182 8 31 19 170 50 42 26 170 135 106 27 112 17 179 91 68 101 66
121 185 98 132 11 120 190 151 86 37 185 137 126 38 193 170 98 7 188 179 78 190 18 1 146 65 192 19 4 4 96 189 136 162 61 20 123 158 52 163 67 115 198 96 158 196 75 160 165 143 112 42 41 110 4 16 60 156 176 13 136 91
14 12 42 65 153 76 52 172 53 111 73 173 125 40 183 60 34 98 198 127 111 123 18 136 164 42 178 55 32 181 121 99 199 33 76 65 120 175 68 60 77 134 36 27 139 163 88 19 54 39 56 110 112 119 6 32 168 79 154 198 78 137
