83
38 177 170 40 76 164 13 52 172 46 87 167 45 153 66 185 196 28 18 108 111 62 0 14 184 168 128 48 178 164 84 191 71 153 176 42 161 186 114 121 117 60 76 4 143 196 80 1 78 99 186 177 155 57 161 183 80 174 2 27 159 24 97 96 9 185 49 77 45 163 183 173 64 79 76 131 151 93 121 130 47 127 155
116 28 39 120 102 95 45 173 152 174 5 55 135 71 66 21 13 66 15 60 193 192 43 188 63 54 139 90 52 193 162 94 138 145 184 76 192 98 32 196 125 185 129 159 14 29 38 190 168 12 193 142 72 132 186 83 120 58 21 187 10 53 190 144 83 121 141 28 13 128 128 196 79 78 13 169 136 4 11 119 141 81 13
8 23 12 138 165 26 70 81 159 104 48 82 137 31 81 156 22 110 148 183 84 0 63 141 111 70 34 199 42 93 155 88 28 191 159 153 186 94 25 161 114 134 176 60 133 133 38 6 72 103 10 100 164 131 38 61 176 141 182 98 170 149 78 138 182 5 43 64 53 38 74 138 106 164 18 163 62 40 27 94 27 47 10
160 183 40 127 60 68 90 64 191 34 41 199 125 71 18 9 1 90 154 105 59 180 52 117 52 107 13 4 186 64 19 109 87 90 165 8 191 81 1 2 106 68 26 58 61 121 167 53 84 103 11 73 100 191 189 113 21 184 101 52 152 20 39 56 8 161 179 167 160 1 165 72 24 118 125 143 76 43 58 59 65 39 39
66 74 141 95 115 93 65 6 27 190 122 175 38 26 3 87 69 139 63 152 37 168 99 37 171 174 35 29 141 48 121 196 24 84 79 145 148 109 155 137 117 146 39 194 140 64 2 165 7 22 128 100 102 23 162 35 83 58 78 180 92 189 138 182 177 114 24 65 175 117 141 100 121 194 125 86 172 94 23 157 34 101 144
165 172 145 47 59 125 21 198 65 145 146 167 95 60 108 197 25 145 142 189 97 34 69 183 84 180 166 54 177 114 70 25 80 23 106 198 33 94 168 41 122 89 159 60 155 82 30 17 125 107 71 59 120 77 22 144 14 168 139 12 45 190 126 132 121 69 49 86 185 20 148 152 191 188 181 93 139 130 58 180 134 119 5
183 87 196 146 121 16 35 185 148 188 96 185 67 34 194 37 142 62 169 72 197 120 183 48 30 195 76 53 175 7 81 114 10 123 31 54 157 156 80 72 32 197 189 185 136 59 66 70 131 120 101 2 38 193 23 54 70 169 22 74 63 82 150 55 96 100 134 133 193 140 63 116 66 33 98 152 128 119 76 52 130 133 39
80 13 69 85 200 104 95 79 34 187 123 128 34 42 70 99 107 38 195 143 80 125 186 36 129 98 73 80 88 31 39 16 184 189 51 194 126 3 106 76 174 190 122 199 65 199 109 191 79 125 134 16 103 45 86 87 18 67 134 130 156 78 93 165 30 14 102 27 41 25 169 83 145 37 64 177 158 32 8 65 125 56 36
165 189 36 28 143 143 32 134 111 160 107 117 8 37 120 100 184 112 4 178 48 46 54 63 154 42 97 20 82 86 8 65 52 93 126 15 157 161 83 64 18 195 21 170 41 130 27 80 44 149 2 110 31 101 128 174 50 192 160 131 82 24 140 114 118 175 16 190 111 137 105 17 98 127 176 105 179 40 6 29 129 9 89
175 89 171 153 28 148 177 158 188 79 114 167 85 10 77 139 123 23 109 128 164 103 94 23 149 60 172 70 160 1 134 182 163 80 149 107 166 136 39 58 78 160 119 102 98 146 15 111 177 170 16 81 55 95 198 187 143 120 95 1 56 68 9 52 91 30 124 146 65 129 91 63 188 140 113 133 164 4 92 94 89 54 191
149 181 124 147 10 197 190 94 119 141 48 8 198 146 101 70 29 193 171 104 66 76 38 97 103 174 109 111 53 173 170 89 34 194 194 125 100 79 115 89 10 119 187 186 93 79 141 186 56 37 41 105 18 121 81 189 23 134 140 64 68 100 130 112 97 133 194 14 58 5 41 29 12 6 122 60 65 30 142 108 48 120 128
158 57 74 70 3 143 4 53 89 126 19 172 63 199 169 66 62 101 136 196 139 92 184 85 197 82 23 49 7 141 150 139 193 71 161 79 152 48 186 32 184 136 166 104 80 136 48 63 10 173 196 197 67 136 68 21 189 117 133 9 125 44 147 106 43 134 19 199 169 48 49 83 87 62 85 127 149 107 57 34 79 164 24
42 36 59 147 4 165 104 27 4 123 180 43 183 99 61 121 30 155 128 126 61 79 66 178 116 20 143 183 83 121 17 125 27 69 102 3 12 82 170 60 33 108 57 12 36 117 110 163 29 133 46 82 125 59 31 150 57 137 78 46 65 3 161 10 114 134 128 146 179 74 110 73 181 153 20 197 126 123 177 43 121 66 167
51 118 156 194 83 191 59 84 125 9 112 184 49 68 87 42 174 84 159 94 135 109 174 84 25 55 113 47 124 27 8 110 199 35 104 160 178 42 186 136 116 17 173 92 189 14 128 145 97 175 179 110 122 83 142 38 171 97 35 94 53 14 159 82 104 123 151 44 24 158 176 145 151 123 93 92 76 119 145 86 186 36 95
141 21 46 122 39 118 36 118 35 22 101 95 91 76 157 1 62 135 34 84 161 45 197 55 125 18 196 149 70 13 80 56 59 100 4 133 71 56 176 129 50 152 6 192 0 24 36 168 180 136 55 91 167 10 18 188 78 164 191 134 117 57 109 66 154 170 44 8 34 118 29 186 84 141 154 6 143 180 163 50 26 97 116
196 168 47 127 188 1 178 121 63 101 34 167 179 95 115 63 82 66 12 105 173 182 4 41 118 199 36 37 16 151 111 7 174 150 74 179 51 170 74 144 147 148 100 126 106 22 194 90 156 115 73 106 119 94 81 129 155 28 158 113 16 116 196 19 97 55 140 32 21 66 191 18 105 172 156 196 121 195 80 59 110 47 97
110 128 22 62 133 93 59 13 177 93 151 187 49 73 185 11 91 36 115 148 99 186 17 164 39 96 55 177 31 145 180 114 174 20 185 74 2 19 61 200 73 24 44 151 56 114 60 6 56 194 43 92 94 59 8 81 132 186 46 55 69 91 103 120 112 12 13 82 135 114 196 181 7 129 6 183 104 154 104 146 156 9 28
29 128 151 85 195 92 26 123 65 129 161 108 199 166 130 10 152 137 173 151 80 22 175 15 177 89 58 62 188 6 146 190 130 78 80 8 15 192 126 20 139 117 79 55 147 77 5 109 32 43 196 20 124 118 86 161 130 138 149 42 43 100 190 44 31 0 91 63 184 103 81 100 54 27 141 39 18 104 128 0 14 169 119
50 80 72 193 9 25 149 52 4 46 42 28 31 21 91 7 177 36 11 59 17 188 2 37 186 184 23 70 119 182 47 182 182 136 148 158 90 158 149 90 51 147 186 133 69 200 63 40 8 13 59 177 58 49 74 97 12 110 17 24 173 173 193 119 16 138 185 57 49 86 26 74 94 15 146 155 84 19 194 83 115 83 45
4 55 192 158 161 41 1 56 27 0 20 115 137 188 42 123 131 88 106 177 194 42 177 72 156 189 0 155 192 162 101 170 168 151 134 63 192 153 153 105 129 171 48 115 12 174 92 176 127 18 76 197 124 196 52 66 87 125 189 88 127 53 148 82 175 110 17 35 112 39 164 96 146 192 181 39 164 72 192 57 175 150 186
176 160 6 65 24 124 95 173 127 88 40 85 131 183 173 82 42 99 7 143 141 1 139 141 198 2 138 182 40 183 125 109 76 65 130 147 200 150 128 70 5 30 177 40 85 105 193 115 191 48 37 85 5 96 151 172 115 21 128 90 175 3 183 124 108 69 105 124 1 2 160 115 38 24 56 87 117 150 38 184 46 154 115
39 196 126 184 186 153 25 107 170 174 115 45 149 17 39 181 96 152 166 105 151 3 48 126 151 45 157 20 87 118 149 119 125 98 23 192 47 181 135 80 72 161 190 16 144 66 57 77 45 16 129 200 56 108 28 61 198 168 47 91 71 82 24 38 122 172 95 154 47 39 126 2 135 68 143 109 97 125 113 156 26 30 90
45 126 195 75 34 160 53 1 112 93 23 161 178 171 162 140 113 90 132 18 138 168 41 123 94 44 117 44 182 9 118 30 137 95 23 186 137 103 29 53 30 199 72 100 172 111 47 101 120 24 120 142 98 11 74 192 188 67 19 137 81 78 133 162 115 44 93 58 164 116 8 31 27 146 112 142 58 145 198 52 28 184 52
62 79 171 133 3 34 153 143 125 155 133 6 74 114 106 74 196 12 35 69 52 180 188 193 49 194 190 63 56 145 42 98 158 116 54 154 51 1 45 1 151 197 179 24 10 155 34 72 146 113 163 119 149 160 70 83 82 115 77 80 56 78 147 22 84 98 42 89 124 135 44 181 173 168 175 153 79 103 198 146 7 116 86
65 45 100 115 107 0 157 121 196 151 177 122 152 175 22 59 137 93 55 163 194 50 23 157 5 143 40 146 196 156 91 7 77 91 174 42 131 171 109 98 29 146 141 192 49 35 163 85 189 51 164 46 187 94 57 175 183 80 124 29 39 147 52 143 155 83 7 158 168 13 138 173 154 93 124 192 130 30 70 133 120 138 150
6 163 49 108 1 27 157 198 45 7 156 107 15 9 138 57 10 194 122 181 63 158 194 57 113 118 161 141 58 147 15 112 175 75 133 64 129 175 100 163 154 80 25 15 59 3 163 40 44 120 65 134 109 151 119 118 136 9 22 78 41 39 55 78 174 183 132 126 88 172 157 135 181 83 128 77 73 162 191 44 1 104 184
198 138 43 185 66 101 165 170 49 34 21 68 194 184 71 158 29 196 158 199 87 18 33 18 83 187 58 143 20 51 27 186 83 74 57 105 99 43 92 195 6 152 90 144 94 20 6 24 104 200 168 113 114 2 30 77 122 35 112 176 124 121 139 95 149 156 12 73 96 104 25 193 2 188 53 15 119 150 153 156 138 21 144
2 195 52 15 27 54 160 66 33 171 150 91 54 76 116 108 175 23 163 88 3 162 72 7 97 101 94 41 40 115 185 160 77 175 170 48 63 143 170 45 136 181 104 79 149 57 126 143 171 5 7 88 181 124 132 87 16 80 50 130 35 110 130 19 154 89 95 13 126 13 165 166 148 166 2 2 102 189 86 85 45 53 148
128 129 184 82 106 51 153 133 44 2 118 14 96 186 51 125 43 118 65 23 136 181 189 45 57 106 178 60 23 120 186 181 106 8 161 138 194 182 5 5 173 35 40 183 77 44 69 180 59 99 161 156 68 19 189 155 77 107 100 60 182 87 129 155 81 37 9 8 144 105 22 143 0 190 1 152 50 31 140 68 17 155 66
156 177 177 152 173 172 87 59 57 81 8 153 37 199 29 61 127 158 98 56 177 22 87 121 28 5 147 27 183 94 108 129 51 130 165 19 51 89 40 162 48 184 9 147 35 200 104 117 183 83 125 104 26 0 82 125 125 14 136 79 113 4 3 64 178 138 115 133 142 124 4 138 133 78 87 189 179 186 53 96 125 144 189
142 51 49 77 158 185 0 180 14 28 29 117 5 100 145 170 101 83 54 187 172 75 191 20 76 57 165 174 148 10 36 80 51 116 154 61 5 154 79 120 31 178 160 10 74 124 81 7 157 0 148 87 100 83 44 100 102 170 181 198 19 184 82 196 33 93 70 22 75 53 21 19 61 131 51 3 66 141 21 120 25 127 121
89 93 16 38 84 192 179 146 141 108 59 114 118 69 108 94 198 158 92 191 175 36 34 68 36 83 124 48 12 108 75 82 163 191 57 102 94 1 155 174 162 161 157 118 121 50 59 21 10 130 47 3 132 131 106 53 3 145 144 160 77 98 89 99 58 175 10 107 19 42 175 17 4 171 197 186 31 133 36 156 20 182 161
87 26 111 138 174 160 192 66 137 5 145 66 169 23 28 143 58 42 129 135 43 133 156 148 17 47 125 91 87 160 191 144 71 53 175 33 49 180 25 179 124 7 146 119 40 148 154 97 128 150 183 125 148 55 47 194 21 197 86 100 125 54 63 115 105 87 28 109 130 114 188 18 15 82 183 94 91 63 169 187 69 74 48
80 190 141 122 41 108 135 19 102 114 45 147 0 44 100 154 68 82 42 41 116 150 161 146 16 34 105 124 2 182 101 48 157 190 46 194 24 68 153 137 89 57 91 181 188 74 130 77 62 196 115 5 122 111 181 178 27 164 38 108 194 140 44 152 104 71 187 95 127 75 89 49 17 43 47 182 152 10 158 161 35 130 101
108 130 126 160 200 79 14 152 188 197 32 129 120 94 180 8 80 178 121 80 108 128 58 40 89 170 61 194 147 156 168 125 17 134 38 84 18 109 113 95 121 38 144 118 41 144 34 198 163 194 38 70 51 175 24 98 45 37 4 3 117 198 163 117 4 54 36 3 197 147 10 195 85 149 122 132 33 65 196 52 42 107 96
48 165 49 79 128 43 184 87 161 48 82 101 154 20 58 14 83 175 86 62 159 82 42 89 48 79 34 102 157 146 149 32 161 152 80 188 73 117 64 132 82 115 141 6 181 71 43 62 128 141 55 194 95 6 137 167 102 63 27 45 40 14 154 142 181 79 191 116 106 167 153 55 80 59 27 179 73 181 23 17 67 178 89
114 20 36 181 167 83 157 119 137 0 81 25 162 25 46 143 87 111 4 90 67 57 88 200 51 178 15 119 66 13 94 64 127 27 32 51 192 92 109 174 168 45 45 67 114 68 13 2 10 173 31 111 176 4 156 185 112 170 62 128 95 2 48 73 86 30 171 148 69 102 114 7 152 145 86 34 61 51 1 66 64 60 43
141 115 68 166 35 39 89 11 3 41 84 111 100 175 187 115 165 51 65 81 14 116 147 78 47 124 10 200 92 136 6 159 18 170 23 87 41 129 189 58 32 144 122 114 83 77 158 156 9 168 149 159 87 199 37 98 146 159 12 83 159 135 168 137 96 182 143 89 190 178 177 115 7 6 107 131 160 173 141 22 177 152 182
15 66 112 116 86 87 35 17 49 78 73 132 191 6 194 191 179 50 29 84 98 77 72 27 158 137 152 79 166 72 61 159 188 200 177 180 29 128 11 104 108 148 186 94 133 143 78 26 41 162 122 145 197 64 153 76 149 69 118 8 69 0 116 103 118 159 72 128 199 161 199 72 154 45 140 11 33 48 45 115 155 117 94
11 193 150 8 169 178 113 134 164 29 152 130 17 151 115 89 94 176 110 137 57 44 30 140 51 119 73 105 120 144 65 22 90 41 110 2 62 197 121 106 127 195 64 78 16 40 132 175 152 19 188 122 123 132 9 193 126 64 81 13 121 132 136 165 177 194 110 169 139 31 175 42 99 112 121 117 180 18 157 69 195 183 148
121 90 32 151 105 52 123 194 5 192 178 17 65 55 79 122 83 149 18 194 35 142 171 37 168 46 24 145 190 38 91 30 156 31 56 3 149 196 85 38 3 61 5 139 124 101 169 14 64 71 122 12 125 167 137 99 38 23 148 186 122 102 73 127 140 57 55 28 77 173 79 136 83 8 30 71 55 135 51 3 182 120 132
74 8 84 144 123 67 131 62 22 141 113 53 3 6 117 121 79 13 8 49 116 121 38 91 57 9 128 170 154 32 173 76 77 200 141 164 155 0 80 84 120 188 110 178 115 132 183 153 57 75 117 71 23 24 163 157 105 26 111 51 75 175 1 57 78 131 62 110 73 78 85 144 49 23 68 53 2 58 190 106 30 186 133
139 79 39 30 70 57 128 140 107 8 16 0 25 12 92 163 92 156 151 82 153 123 40 40 90 84 41 98 84 157 54 195 106 90 194 161 195 0 147 53 146 72 115 191 155 153 68 187 125 46 107 88 57 200 176 175 135 182 134 7 117 112 25 98 75 94 79 198 4 200 32 98 137 200 157 68 115 118 170 161 42 197 194
147 93 51 141 49 74 158 70 194 198 67 106 63 188 47 14 11 179 35 71 7 87 33 45 126 58 102 168 43 11 72 153 148 160 166 101 132 13 34 183 69 59 110 55 188 0 53 184 16 59 32 146 165 130 26 133 106 125 25 170 72 7 176 101 69 132 88 128 26 109 198 171 180 133 137 193 110 23 95 44 76 48 120
67 145 93 61 76 173 113 123 6 79 71 78 53 185 120 48 158 8 2 192 125 17 36 37 18 175 77 90 117 150 160 85 74 104 86 148 194 111 66 105 137 102 122 29 8 40 32 75 140 67 66 52 7 89 199 70 175 169 80 78 112 125 43 158 115 112 129 161 105 179 44 164 76 6 47 23 107 199 141 56 72 117 176
25 97 39 137 43 192 94 97 126 119 170 14 91 162 18 66 118 13 103 94 74 192 127 155 46 15 69 48 195 198 146 181 72 9 128 67 107 20 167 167 186 196 125 2 85 192 92 91 135 147 48 31 67 88 59 184 168 26 109 168 58 121 54 184 19 50 154 69 178 190 160 38 8 15 173 65 148 27 96 28 152 129 98
54 183 51 97 161 103 178 130 122 118 94 79 108 175 161 94 111 4 166 67 138 149 67 180 11 138 51 153 140 16 17 42 190 123 38 157 101 92 86 9 102 136 79 79 33 135 174 131 114 178 118 75 34 146 48 117 139 160 123 77 165 21 70 97 154 64 22 41 46 145 145 114 127 121 194 198 161 141 41 100 151 131 60
59 186 55 87 190 138 59 119 184 132 131 123 111 40 193 147 3 134 149 56 10 119 119 79 139 3 186 83 105 130 57 99 70 172 78 92 68 45 120 85 60 94 64 64 89 14 7 122 81 41 195 11 126 77 133 113 89 72 16 190 14 191 180 190 199 6 65 179 9 85 61 103 170 19 195 99 12 37 175 1 191 167 127
188 179 122 72 198 53 129 9 76 94 20 127 71 6 44 23 13 183 18 173 15 158 195 19 178 146 82 130 35 105 29 32 140 184 133 16 195 156 25 145 54 0 159 153 190 81 18 164 118 55 111 165 126 0 106 3 104 143 171 111 149 60 169 1 166 89 123 71 8 188 130 60 118 61 45 16 40 100 109 157 174 71 36
46 22 175 149 192 100 43 83 26 165 69 102 144 3 133 122 200 156 5 8 16 147 193 167 197 33 22 187 198 113 140 76 34 71 70 152 149 127 151 132 44 150 161 85 169 198 171 132 37 46 148 148 131 196 61 164 160 164 179 41 200 56 35 167 30 185 11 22 181 138 140 184 9 67 182 143 106 65 142 104 108 72 25
36 135 69 35 10 132 157 37 169 36 93 147 0 148 15 71 25 108 97 151 95 32 94 80 11 133 17 41 38 125 144 56 155 107 11 16 51 180 9 1 74 67 129 186 108 30 188 102 4 69 90 42 40 69 8 168 169 36 116 42 19 176 163 149 200 52 117 39 32 131 3 189 152 80 134 30 149 92 29 89 178 62 148
112 67 181 14 136 144 95 196 180 59 136 61 39 199 10 198 154 77 102 87 181 54 109 144 67 7 90 190 58 169 9 4 75 148 89 173 83 45 77 148 150 51 136 18 42 136 57 53 130 115 131 103 108 83 47 167 54 156 183 93 68 124 173 154 75 98 26 54 92 80 173 133 181 79 23 89 47 24 176 99 133 129 106
190 55 67 158 104 140 104 68 38 168 183 57 161 90 133 14 96 138 188 139 110 88 10 127 65 108 28 75 181 132 50 177 199 121 148 160 194 17 151 68 13 111 1 166 51 37 58 125 117 50 23 16 81 177 23 21 178 183 175 33 164 132 45 162 114 1 60 148 174 99 99 28 107 179 17 29 151 200 169 21 132 175 13
153 76 53 10 128 92 147 119 64 182 136 189 140 106 175 197 90 109 177 170 176 163 80 114 171 67 39 86 23 62 145 173 193 79 29 34 125 160 123 132 142 37 79 73 80 123 93 15 158 66 143 104 195 79 140 120 46 188 199 21 183 93 171 174 158 8 189 191 171 42 168 52 8 54 15 88 15 135 195 48 49 103 186
18 86 82 118 38 28 0 110 8 178 125 64 88 82 115 172 80 110 62 12 181 53 23 148 12 192 92 17 106 92 143 169 79 59 41 66 54 110 198 47 76 61 106 137 102 178 69 21 71 75 119 135 199 1 186 125 152 22 162 162 36 96 23 107 64 136 100 66 105 45 170 200 163 119 133 103 69 187 61 12 1 156 1
137 33 105 152 77 25 32 139 61 133 51 15 196 26 138 181 108 125 150 107 161 163 20 10 15 71 87 111 81 165 127 80 25 92 69 78 142 69 174 71 39 148 11 48 10 100 4 79 114 18 46 99 57 37 60 12 49 133 180 163 123 177 52 134 195 42 11 159 63 37 133 104 48 191 60 13 40 44 59 178 118 74 162
23 112 87 86 51 51 152 116 139 111 18 16 157 162 195 19 50 97 40 147 170 1 61 104 175 172 164 122 15 110 140 71 123 87 128 116 133 9 112 139 14 130 165 49 180 132 148 81 180 191 143 132 181 30 113 9 75 131 194 56 0 123 156 150 166 73 20 188 186 153 119 84 191 43 115 36 177 72 142 189 47 100 127
37 68 148 111 77 93 59 157 132 191 164 50 180 55 182 142 180 137 103 27 1 10 80 87 107 12 189 167 6 103 33 156 134 83 37 78 122 97 79 164 26 129 97 139 130 31 48 190 185 131 42 55 2 50 30 31 67 78 154 107 84 184 33 0 36 23 8 18 200 167 169 128 191 101 99 122 81 6 117 70 20 185 23
56 18 143 27 117 8 35 51 67 147 148 104 54 85 101 53 197 12 147 168 123 92 125 168 82 109 126 1 28 74 84 48 93 127 147 39 141 3 88 195 4 137 39 183 27 67 153 185 120 50 9 188 74 90 37 110 136 9 23 54 123 138 186 39 88 141 145 133 157 139 187 107 195 103 79 69 186 181 153 46 53 56 147
132 111 115 82 5 162 124 138 156 17 146 139 103 98 82 49 46 95 166 160 168 35 113 105 49 18 113 94 96 44 95 101 180 37 11 142 172 156 150 120 19 165 145 120 50 62 164 37 24 189 119 172 41 29 147 195 1 153 82 152 168 144 133 185 165 143 195 150 179 169 145 70 165 195 79 168 185 87 134 126 117 115 91
150 22 5 55 20 101 178 103 164 5 96 85 193 99 24 54 188 23 2 158 48 135 90 152 34 175 124 158 156 119 80 93 12 38 57 40 163 127 125 62 48 3 89 25 166 181 22 105 32 59 173 60 14 119 135 15 47 167 89 103 75 193 200 81 102 164 109 182 44 93 82 37 165 88 55 19 194 108 173 63 66 13 162
95 160 9 79 92 181 115 70 197 65 138 182 137 27 17 55 14 104 97 194 91 9 21 50 135 113 155 59 135 167 23 103 196 80 42 41 52 48 115 169 136 140 171 142 166 152 124 20 197 92 151 44 143 107 152 53 159 133 173 151 24 86 120 45 155 4 161 147 186 79 95 87 33 113 93 54 0 12 121 100 69 179 147
49 86 59 148 198 49 28 182 148 173 57 192 95 147 98 37 22 166 44 35 165 101 32 170 182 146 71 17 4 102 100 34 148 104 119 174 165 62 100 200 75 156 0 34 151 194 162 10 170 180 53 78 82 16 113 99 198 172 161 31 93 188 115 92 22 181 27 109 134 123 100 94 90 33 155 149 134 178 181 102 32 24 88
18 121 161 138 133 34 78 198 174 9 67 197 20 12 3 4 183 24 134 35 131 68 59 144 182 182 105 165 40 113 57 118 194 158 193 180 32 75 18 174 40 34 145 42 115 177 114 103 84 138 76 65 4 123 89 65 63 17 18 189 193 92 176 56 149 165 140 125 0 10 176 111 165 82 117 127 164 75 57 56 102 179 92
145 73 51 40 30 54 185 57 158 94 124 54 167 156 91 175 77 143 186 4 153 24 92 0 165 137 3 52 105 183 97 123 164 194 190 62 68 28 34 64 93 120 4 147 131 136 51 20 195 187 119 47 88 83 172 52 78 166 180 176 76 30 192 149 152 100 198 94 83 192 2 27 17 49 141 32 164 82 36 3 56 135 85
162 165 46 200 65 177 158 95 161 29 14 76 194 131 142 55 0 135 32 85 0 1 181 72 154 69 18 2 186 199 65 94 5 130 68 96 194 72 43 140 102 152 164 169 92 110 51 147 127 152 87 196 52 114 94 20 121 62 195 86 99 152 181 179 46 157 109 110 7 123 70 116 20 4 32 140 30 1 184 60 6 83 141
140 126 6 149 116 180 52 133 81 93 157 31 150 2 136 37 102 72 5 167 102 165 82 56 200 181 5 199 84 158 99 73 178 7 27 83 76 135 15 79 107 105 80 193 57 189 189 197 130 55 8 76 128 62 144 39 8 189 46 56 50 20 185 198 72 135 110 123 107 182 70 33 44 66 34 54 47 95 111 121 3 13 18
18 3 95 188 66 114 30 173 50 74 156 81 107 19 128 159 187 192 31 149 88 8 119 135 37 158 33 92 116 82 31 153 83 182 51 143 142 29 18 64 176 156 16 124 45 118 53 46 66 161 194 145 95 55 66 77 152 33 100 164 104 187 179 191 184 52 65 174 126 190 19 8 81 168 158 78 37 49 163 105 39 67 148
178 164 102 148 115 190 137 92 160 32 119 74 93 122 69 120 95 187 188 45 46 168 157 185 35 59 196 142 170 39 77 128 130 125 133 71 157 71 89 41 75 178 75 9 13 37 138 35 32 186 197 76 157 183 63 128 170 162 51 103 91 23 177 34 67 45 142 47 136 114 200 51 112 140 83 80 10 40 53 173 174 103 71
140 3 183 38 182 69 120 8 54 134 85 54 48 108 4 88 141 154 128 113 144 9 166 72 114 70 53 72 148 170 199 5 174 120 89 75 32 123 75 57 158 20 159 154 6 49 20 65 8 199 0 170 27 117 156 170 134 195 41 106 98 194 37 149 126 14 88 192 155 146 107 1 200 163 20 154 121 27 190 161 138 172 19
54 49 128 84 150 46 75 199 1 99 53 150 38 1 166 193 95 183 186 196 196 187 166 114 119 170 75 110 89 96 86 181 99 200 10 104 65 137 152 29 64 165 124 61 196 180 197 108 144 188 123 109 3 162 143 119 19 82 3 133 83 147 51 119 45 77 155 186 53 150 158 155 46 42 66 53 108 4 11 36 154 166 57
99 50 4 159 86 73 80 106 178 192 47 162 81 125 86 177 107 61 35 122 155 161 25 29 185 101 177 190 167 146 5 130 44 170 142 11 142 97 134 26 165 130 91 149 191 130 176 4 169 85 56 150 99 132 57 141 163 164 87 118 70 146 3 14 115 162 31 101 120 76 186 138 147 46 164 88 23 109 89 38 50 105 154
127 105 77 171 19 65 106 65 50 152 194 9 182 102 49 67 113 163 13 53 19 108 18 132 145 77 105 129 27 63 33 116 158 80 154 0 0 186 72 46 121 188 23 86 88 47 98 193 52 9 124 102 159 146 123 148 195 46 39 124 69 167 170 119 87 133 81 110 94 19 76 45 76 52 103 145 160 122 14 105 161 35 117
102 40 58 166 161 86 39 106 2 55 20 10 137 104 128 71 13 186 113 2 21 149 191 134 26 67 79 7 73 189 170 186 84 59 65 74 11 57 57 48 189 79 163 119 175 127 97 67 54 150 52 75 57 113 191 58 126 53 79 23 170 109 154 98 39 184 185 157 101 11 116 104 37 196 198 135 149 192 148 128 0 76 185
157 78 136 133 52 198 5 37 173 19 182 104 107 179 29 191 3 39 181 54 125 115 31 119 114 185 184 20 191 122 114 7 161 2 181 114 143 78 4 100 38 164 157 54 45 86 104 184 5 146 155 26 170 40 58 174 81 42 99 105 125 65 197 136 132 91 26 190 189 152 169 189 110 166 5 147 108 197 54 82 79 37 49
95 74 9 85 121 147 165 37 28 159 84 103 30 42 143 178 169 9 65 165 100 194 88 137 156 97 58 68 184 127 76 164 103 141 16 200 52 159 177 154 62 122 82 139 108 22 46 115 157 194 185 156 46 164 92 79 39 13 23 41 163 144 63 36 81 98 42 50 36 9 178 167 83 11 160 133 49 4 78 150 12 137 102
44 43 43 39 31 25 106 17 170 31 149 178 195 90 38 74 118 45 143 26 95 84 190 23 46 5 185 35 45 119 94 64 3 63 31 148 17 128 82 151 125 0 19 62 151 87 10 140 154 39 84 28 74 84 82 0 120 15 53 68 75 73 77 75 176 25 163 186 116 57 177 86 142 93 124 165 94 114 187 100 178 98 197
108 137 164 169 1 50 196 29 142 19 59 142 115 77 182 102 30 117 94 133 118 57 188 183 144 8 17 29 26 74 81 38 107 128 102 54 103 132 34 156 173 170 60 108 71 86 52 68 149 169 28 93 30 196 74 162 113 151 200 18 162 86 82 131 124 117 65 45 175 19 36 148 133 92 28 24 133 142 124 111 60 113 90
62 30 6 163 72 183 168 127 197 130 79 172 180 192 108 159 94 147 168 33 51 73 36 17 30 195 153 26 4 61 31 60 25 139 56 95 96 68 199 162 104 185 58 150 38 68 195 173 80 143 47 55 158 122 193 125 55 71 102 19 148 58 71 105 39 79 149 49 180 139 98 154 76 16 16 186 97 189 120 120 50 155 192
65 35 8 152 27 178 162 38 25 111 177 159 22 42 4 67 24 147 107 38 125 94 166 172 40 67 104 68 187 74 195 117 13 189 4 11 88 182 28 82 74 44 117 62 101 193 51 39 95 122 61 73 6 101 26 103 111 191 31 35 96 70 69 153 41 25 165 6 186 62 91 189 152 187 111 44 63 172 99 50 158 146 148
74 4 90 99 93 144 50 40 124 28 149 84 68 33 48 78 78 159 70 107 117 37 60 104 66 149 103 56 50 78 75 140 146 1 126 7 175 26 166 38 34 151 27 194 164 139 74 51 112 51 165 9 24 132 158 76 18 72 84 154 145 131 116 170 176 40 179 15 38 150 168 197 176 96 79 106 141 133 172 15 47 11 111
27 121 141 127 177 187 108 48 21 96 60 50 52 84 93 156 32 98 193 150 68 14 136 148 44 42 76 89 68 157 128 40 80 126 194 94 108 58 79 98 27 25 35 10 140 91 14 8 148 91 92 63 144 166 29 119 109 66 96 143 117 124 104 82 143 63 175 184 105 110 164 195 188 38 128 32 116 131 138 19 190 41 18
94 49 83 115 194 21 14 108 116 141 90 37 120 55 121 186 130 24 192 53 66 5 7 183 34 77 192 186 75 103 36 83 97 20 134 132 180 43 132 145 40 56 154 181 102 63 58 153 100 136 200 192 93 90 1 193 59 132 113 166 51 28 2 173 142 66 182 89 160 12 108 200 57 168 159 119 184 163 104 115 149 142 111
