58
125 9 119 167 96 81 142 104 112 71 14 112 101 176 102 150 119 168 173 150 133 85 35 89 165 42 120 102 170 109 174 185 144 123 1 186 16 4 97 23 164 2 119 152 65 174 79 190 84 50 45 63 103 37 148 89 138 159
152 136 180 187 198 56 60 157 0 142 85 156 102 139 2 97 76 53 50 165 35 10 149 195 55 103 56 61 9 124 163 149 10 128 18 18 141 35 133 102 117 136 110 144 146 43 112 165 28 152 127 190 73 83 138 140 142 200
175 14 30 142 58 56 113 15 169 81 156 103 57 172 34 39 103 90 22 23 30 154 114 52 105 123 69 114 6 114 121 55 110 32 33 139 185 130 119 81 20 158 80 62 76 14 23 140 197 185 128 198 41 4 100 123 20 136
7 1 79 176 144 108 90 76 39 59 178 148 34 50 75 166 167 35 162 125 32 9 160 164 64 186 133 144 148 160 33 118 63 114 39 173 13 145 70 12 50 42 8 68 197 75 73 131 82 5 160 116 158 161 68 25 169 15
77 167 31 189 117 134 14 171 31 182 156 106 95 75 142 142 137 164 148 104 182 33 32 124 147 160 143 82 91 106 175 83 133 14 133 111 23 20 167 169 96 135 28 118 79 47 125 17 122 59 15 141 123 95 105 84 56 138
8 21 119 84 86 117 195 157 132 96 3 166 185 115 109 190 178 90 188 170 23 19 29 70 117 70 66 84 82 140 78 71 179 128 200 28 14 142 67 147 29 22 111 114 95 120 127 132 46 51 153 51 145 40 14 181 51 157
86 129 151 103 53 190 6 166 31 154 101 146 94 21 17 136 59 81 27 95 82 65 113 154 93 15 40 174 123 100 59 129 124 180 94 106 160 9 105 119 127 140 172 162 114 191 32 95 82 196 76 149 154 7 44 188 131 59
153 134 164 165 90 47 155 162 182 125 37 46 101 190 179 16 87 42 126 125 167 98 133 118 107 4 96 91 140 126 147 122 85 52 11 191 54 76 184 38 157 39 77 48 112 129 71 111 135 77 53 133 1 83 129 187 179 28
94 134 151 51 154 40 196 190 104 80 29 182 144 60 152 109 134 84 148 123 69 115 31 186 103 141 166 64 61 48 82 43 15 32 107 87 95 51 26 150 10 139 192 61 128 54 91 50 193 191 199 187 6 107 0 11 187 105
182 180 13 90 179 154 88 150 124 167 63 105 133 38 166 175 54 44 52 22 47 183 56 4 13 161 56 176 66 17 180 35 76 58 21 101 168 91 187 131 131 183 22 110 182 195 153 94 42 85 130 179 31 191 102 96 104 155
94 87 39 136 107 64 177 15 175 184 3 84 195 106 41 200 34 112 81 74 65 174 171 106 13 95 58 196 172 171 124 122 136 50 7 36 97 51 65 85 37 160 3 126 74 20 17 161 24 86 98 9 74 154 91 198 138 82
33 51 169 23 50 68 78 176 26 173 27 145 149 32 59 44 89 72 79 167 25 74 159 177 156 56 162 169 49 97 4 150 71 152 42 113 117 27 65 137 33 72 69 174 17 139 86 97 52 63 161 66 96 71 116 140 30 14
80 20 113 114 92 99 85 38 190 55 198 49 53 15 194 109 113 199 193 116 91 92 142 123 179 154 185 98 99 71 165 36 49 38 33 5 79 4 0 110 93 154 51 192 115 138 31 152 145 120 65 3 104 97 191 174 188 7
121 71 180 151 49 185 83 117 182 122 106 90 119 92 195 68 23 139 65 136 161 9 108 96 183 188 40 89 140 40 198 125 93 168 180 128 174 115 40 119 103 121 178 171 182 20 26 33 126 4 38 63 38 50 145 128 77 54
140 152 145 130 66 150 131 194 9 32 54 155 91 59 149 121 62 119 31 171 199 198 180 52 147 175 167 100 92 174 117 72 140 110 158 175 60 77 37 126 138 57 127 36 10 129 22 26 31 19 96 124 179 170 63 3 199 27
173 31 118 191 91 85 110 194 70 29 24 37 103 67 118 91 76 197 27 82 59 97 168 44 142 59 134 25 102 153 122 37 59 100 150 132 152 30 159 123 102 68 157 103 31 155 37 95 33 40 181 152 12 90 191 177 167 200
156 158 11 15 7 27 5 115 127 194 91 20 128 23 110 39 83 65 187 167 81 123 19 161 158 13 80 123 19 143 81 172 76 198 157 116 192 144 50 110 184 123 128 159 25 94 196 160 152 117 168 2 117 10 59 64 148 27
9 51 111 160 198 47 178 142 25 12 87 164 167 52 28 128 39 4 149 26 176 117 114 142 75 7 36 18 175 155 56 162 178 200 198 107 173 133 73 191 179 12 108 112 59 77 119 117 180 178 121 192 64 11 11 187 2 19
5 153 95 40 41 6 199 28 196 165 194 42 153 50 171 172 159 37 160 80 70 108 128 174 36 130 26 133 65 111 4 129 146 59 15 101 123 147 38 162 194 158 157 45 114 100 62 72 176 48 6 113 146 29 141 110 71 191
172 193 192 158 145 159 97 35 46 111 38 95 60 64 179 180 182 51 106 142 34 61 132 26 119 95 159 72 30 146 147 46 130 158 187 29 70 55 66 43 20 70 3 4 168 85 82 176 178 55 162 167 87 9 134 151 111 190
153 150 30 28 102 85 115 93 91 135 112 138 41 13 165 13 71 50 35 66 84 199 1 82 131 190 154 143 100 9 24 194 83 171 3 4 79 130 146 195 50 23 86 159 158 33 89 81 116 31 182 158 194 95 131 84 159 12
29 38 198 185 133 61 124 36 124 163 66 190 114 13 92 189 15 106 35 65 57 97 105 59 191 104 17 61 112 48 30 73 91 63 155 185 55 119 136 55 102 57 99 200 106 197 186 167 165 63 24 40 117 164 172 126 187 171
135 11 120 46 75 38 124 114 96 56 61 52 109 27 12 0 29 191 102 21 92 14 18 95 198 160 174 15 194 57 96 54 18 55 23 86 86 99 51 66 200 103 53 54 11 89 52 51 24 148 29 78 183 76 128 167 0 121
41 124 62 0 169 159 22 108 135 30 74 96 108 19 52 183 37 51 149 93 29 0 116 75 91 156 112 141 149 77 100 110 144 8 182 107 32 94 90 96 136 189 20 87 24 70 70 67 64 83 131 21 106 70 165 78 174 142
142 98 182 22 83 95 0 130 38 150 199 57 121 17 103 102 15 39 184 112 27 38 99 20 0 127 27 73 144 199 9 91 102 103 147 42 73 106 53 14 98 48 87 15 129 136 98 125 2 36 11 151 129 44 105 69 86 116
29 146 158 133 23 143 195 20 102 174 119 125 112 58 81 160 74 14 193 100 150 12 82 167 26 15 67 41 135 192 42 4 100 77 76 25 20 149 153 108 16 143 122 119 144 107 74 154 180 145 19 105 7 61 12 86 26 156
3 118 179 182 167 130 111 137 177 181 52 29 83 81 155 86 57 143 65 138 33 14 42 135 171 44 130 91 186 74 76 15 165 195 140 142 146 148 172 19 88 158 26 0 108 181 177 148 68 119 30 90 137 131 98 195 147 18
117 76 34 163 69 110 89 22 105 48 194 143 95 7 51 160 174 76 164 140 72 124 2 69 60 137 66 134 185 143 18 125 91 153 118 84 3 171 62 136 146 75 56 166 104 32 164 54 85 110 79 153 60 80 11 84 120 193
45 41 185 31 199 195 83 39 3 2 97 95 90 3 2 18 95 123 135 89 47 179 79 188 114 107 87 139 100 38 63 64 5 50 34 104 129 95 59 89 182 44 1 188 35 167 154 85 68 127 24 147 200 68 27 62 52 195
62 30 200 33 113 191 41 184 39 174 168 128 13 83 187 159 94 129 139 129 10 74 77 22 102 179 71 138 197 112 14 89 8 196 111 4 109 109 42 12 88 169 114 80 78 28 61 161 44 147 119 184 173 47 63 193 119 78
122 171 90 2 139 36 76 108 10 22 149 74 114 47 166 73 4 29 148 151 193 68 137 11 14 152 141 54 154 156 37 9 19 121 54 8 13 85 0 97 4 159 83 77 95 176 61 73 32 186 17 142 27 18 94 0 184 134
88 122 81 12 65 23 200 49 108 35 144 200 58 5 19 105 182 17 157 162 176 121 90 54 69 83 84 41 108 191 190 123 105 121 54 165 17 152 11 67 28 178 130 193 108 188 33 18 195 190 76 46 147 174 166 116 65 56
134 116 181 32 20 108 196 172 95 31 104 179 186 129 122 162 89 62 183 107 138 131 95 32 39 182 120 169 147 156 13 53 106 79 131 83 84 22 95 135 37 179 159 60 55 46 17 3 139 52 157 10 91 151 171 23 191 128
33 61 111 41 144 48 104 105 38 51 46 62 167 84 193 159 87 101 176 194 45 140 186 4 101 0 178 72 27 183 32 46 128 183 45 32 42 160 156 22 124 164 92 124 21 87 82 116 181 0 73 55 189 189 108 122 63 187
78 141 107 28 175 15 30 84 145 68 62 127 79 54 15 191 129 133 15 164 18 65 104 20 173 65 98 165 125 197 8 125 26 14 148 131 109 49 73 72 2 56 50 39 52 8 102 11 57 23 22 62 0 22 129 144 13 102
105 15 86 108 179 51 170 164 164 189 86 163 43 159 189 81 47 189 156 147 137 40 189 103 185 58 58 69 192 84 142 92 154 88 84 7 69 52 122 69 15 110 100 15 97 6 54 57 94 161 151 106 188 164 198 196 60 4
187 124 78 175 146 116 135 178 122 75 38 156 59 179 79 135 28 139 36 13 14 83 117 197 159 135 84 41 147 144 34 152 171 78 184 173 139 31 75 102 135 177 53 114 24 144 180 1 110 110 20 14 60 126 194 189 168 87
155 160 7 144 152 17 179 76 144 136 39 25 165 60 81 171 47 153 184 68 85 161 27 117 26 150 148 69 31 87 110 62 58 70 159 115 164 129 15 3 0 191 62 134 23 138 137 144 126 59 81 155 85 194 68 93 0 54
52 91 135 83 89 82 177 66 112 121 191 170 25 129 113 168 138 101 6 87 121 189 140 150 80 163 124 73 190 51 156 94 143 24 130 183 159 30 130 117 181 92 67 132 190 52 58 108 40 186 86 126 163 31 3 77 41 188
65 159 134 163 133 56 39 194 84 100 83 149 33 5 147 91 93 186 7 73 17 196 75 192 50 164 182 82 14 101 116 199 156 10 197 28 132 68 135 200 29 42 190 62 55 146 150 143 142 105 75 177 47 189 102 42 120 174
66 200 20 181 95 25 2 128 192 34 94 12 119 192 34 78 98 27 75 109 48 37 79 185 184 47 86 26 44 58 25 123 180 110 195 69 124 182 93 10 151 26 109 97 199 151 77 39 23 167 190 190 87 168 44 75 54 91
104 134 99 95 123 106 19 36 33 105 121 174 63 6 175 144 174 75 8 59 34 133 14 128 33 41 154 67 27 194 117 43 89 41 0 82 169 20 191 30 112 38 176 98 115 48 68 144 18 133 82 98 193 12 97 102 118 127
181 81 79 159 188 75 129 143 189 12 159 168 92 114 29 49 19 70 129 24 184 14 31 154 167 36 182 113 18 86 175 167 151 15 184 59 193 156 96 59 147 86 136 125 181 141 52 106 48 139 127 148 4 181 19 129 188 180
196 142 47 175 135 46 47 149 64 92 198 181 5 78 81 58 187 116 145 99 164 67 6 197 48 140 57 80 20 131 184 41 73 168 79 6 40 24 104 136 145 55 121 196 102 160 9 92 138 167 156 150 64 174 59 10 192 64
52 68 72 179 89 65 180 147 191 49 126 85 165 200 64 51 190 49 129 149 196 104 129 49 73 116 8 157 150 64 140 46 21 5 103 83 40 16 35 96 176 66 191 143 158 193 17 0 45 128 30 77 1 123 121 34 94 182
180 94 75 0 4 92 36 112 144 135 46 28 70 6 114 178 142 97 13 79 152 166 198 43 105 198 97 36 25 47 105 69 52 193 89 30 105 110 31 32 63 166 57 62 76 149 99 23 170 80 75 194 31 75 99 51 93 175
189 3 74 41 139 169 57 56 44 170 150 121 9 31 12 186 120 1 182 55 88 70 159 35 69 4 54 98 2 79 186 87 46 151 198 39 19 193 89 167 84 39 71 115 121 125 100 94 133 166 196 49 119 21 36 115 165 63
188 194 44 106 175 52 191 114 62 50 191 172 40 16 110 10 132 137 175 129 164 173 20 39 97 126 152 78 111 149 80 190 186 1 1 139 110 105 147 152 24 8 19 143 161 92 11 128 136 73 147 122 12 59 69 126 177 180
26 99 198 33 105 138 57 51 52 55 115 166 89 74 155 183 44 198 25 150 136 57 122 161 150 159 166 200 10 11 22 54 141 185 64 85 33 27 193 97 193 67 64 102 116 112 187 3 173 13 160 70 20 45 127 62 85 129
45 54 115 154 161 135 10 62 174 105 119 56 110 66 179 147 199 9 114 33 132 73 4 142 34 126 43 116 115 84 163 87 76 157 19 38 145 7 96 64 78 119 80 79 197 73 84 87 143 180 104 114 149 169 79 24 181 93
110 51 158 174 98 117 178 34 139 96 114 50 152 136 38 79 74 179 122 158 199 62 194 131 170 34 162 153 185 193 73 13 176 143 80 3 3 38 157 113 142 188 79 143 172 167 63 121 10 153 171 29 192 14 53 134 2 193
190 81 113 177 104 176 47 21 96 119 144 38 165 91 177 197 125 168 135 86 60 75 107 132 188 54 67 172 174 31 185 169 172 190 116 154 83 67 139 21 157 84 92 80 71 171 101 48 164 70 150 158 75 152 8 75 194 3
186 155 145 148 37 11 167 35 105 143 158 168 180 144 31 176 47 133 32 167 34 134 40 177 174 156 132 9 74 157 124 82 45 161 37 174 113 38 66 57 83 150 143 179 1 188 87 86 30 108 18 131 78 47 169 194 31 146
96 65 140 34 112 100 195 90 192 133 135 43 6 88 107 36 4 18 4 60 17 30 7 194 46 152 36 84 48 122 41 42 144 75 121 182 66 59 155 102 24 77 187 194 200 15 72 163 43 179 68 105 86 47 138 96 162 29
80 148 57 32 165 49 49 40 175 79 146 112 73 110 169 169 72 53 92 25 36 181 12 67 197 186 164 21 138 179 134 29 101 89 85 129 54 54 87 61 55 39 80 127 115 47 157 80 196 63 176 122 181 113 29 4 148 134
73 61 156 81 124 186 13 79 32 31 50 10 82 65 195 96 180 101 77 142 116 175 110 117 55 45 52 132 19 37 60 89 55 195 121 97 95 164 80 88 179 91 63 141 57 68 101 128 14 44 6 190 177 153 39 98 162 106
30 27 111 200 67 168 30 70 7 112 181 187 172 83 170 55 103 106 125 41 76 184 20 46 107 117 44 140 48 129 118 4 3 194 174 57 192 49 108 47 188 85 51 102 34 198 45 102 178 75 184 155 173 68 90 106 176 42
13 103 90 36 175 100 94 50 84 29 27 41 27 170 3 186 140 67 178 129 117 45 113 124 84 150 17 51 168 139 71 126 183 7 24 110 22 158 162 176 14 30 113 88 1 63 127 145 5 145 158 92 191 22 182 144 31 110
