35
53 172 154 19 35 119 145 191 28 53 37 118 137 200 152 59 19 154 193 49 57 106 184 199 4 97 55 77 114 41 188 161 55 114 78
103 4 29 163 106 117 156 99 118 22 76 35 91 124 64 86 148 160 33 20 115 198 126 162 100 57 24 82 89 70 125 50 43 115 3
169 29 111 119 109 23 32 124 62 165 120 173 191 162 9 80 184 12 190 30 38 175 40 159 40 152 8 87 85 84 68 69 141 149 190
127 154 31 150 154 118 128 59 134 74 62 104 85 26 118 28 168 190 142 134 22 108 93 162 86 20 182 7 63 103 112 186 151 124 137
26 87 172 199 11 18 61 88 41 59 154 181 118 198 131 82 116 161 143 143 83 172 71 190 94 101 80 180 165 6 25 93 23 143 12
62 1 5 70 75 114 130 156 184 94 144 8 190 1 116 67 136 164 117 13 89 160 2 173 178 187 196 77 64 151 81 98 46 74 194
160 193 106 83 5 97 49 39 190 61 96 79 85 67 67 21 136 86 19 123 78 186 37 23 179 17 160 54 47 10 176 121 133 52 25
167 71 160 57 52 58 110 33 130 197 107 154 189 191 127 123 158 181 159 171 74 14 174 80 183 124 67 25 34 39 35 180 51 137 186
180 74 149 33 72 121 144 116 139 124 74 100 96 105 166 129 110 191 5 17 174 61 16 166 72 149 130 74 146 168 136 158 33 172 106
53 79 57 72 200 100 17 148 184 175 97 5 41 10 155 43 164 150 58 32 173 87 150 56 17 157 164 140 100 6 184 121 140 190 76
14 12 5 147 68 41 128 195 95 83 97 75 71 11 84 135 161 132 195 94 141 152 55 21 2 196 164 115 138 199 164 178 181 142 39
60 74 156 91 137 79 61 157 50 122 183 166 45 2 69 127 192 67 51 64 139 144 108 75 162 161 57 152 177 110 116 121 111 17 156
88 98 185 188 25 197 150 97 176 53 171 124 92 19 71 15 161 166 101 68 83 53 140 18 80 173 185 16 67 129 24 188 20 26 157
62 163 119 176 86 161 121 177 56 43 95 116 105 47 186 73 123 154 155 86 157 64 169 106 21 137 63 85 133 131 73 34 12 46 188
59 105 4 24 17 105 136 157 165 191 196 177 98 131 179 78 90 150 49 85 148 84 119 27 72 82 8 76 129 187 149 19 120 156 107
142 108 43 64 74 153 157 38 148 21 83 19 101 54 155 81 150 125 78 11 172 190 144 100 170 90 154 104 12 36 105 42 92 120 178
138 12 29 27 77 109 81 169 88 115 30 22 171 131 78 195 88 49 141 30 169 122 131 159 168 34 53 8 84 184 71 79 110 196 5
152 44 75 99 188 97 8 121 13 132 147 106 187 116 170 137 168 149 84 82 89 45 34 183 69 136 160 21 95 67 163 9 148 16 193
165 8 58 35 164 178 37 185 139 19 170 1 70 123 189 105 44 15 2 176 110 170 163 119 53 192 9 121 51 91 159 54 150 88 196
134 59 21 39 187 86 75 60 41 198 95 187 77 147 146 67 123 146 108 50 121 41 165 195 89 76 174 99 119 37 90 61 7 20 114
113 85 119 128 11 180 115 111 26 160 30 144 163 9 129 186 87 66 142 70 41 174 169 12 144 168 6 1 111 21 24 73 67 132 68
24 183 29 126 184 53 170 21 121 112 200 114 5 39 67 87 174 106 127 161 24 66 82 18 65 175 142 73 139 193 172 191 24 68 64
49 130 13 143 95 57 119 100 67 100 143 4 96 171 129 86 58 54 43 100 20 69 116 163 79 146 145 96 128 27 98 174 196 166 47
22 32 183 167 122 168 198 166 141 6 150 94 97 2 159 23 75 166 118 84 151 78 15 122 7 53 133 149 120 71 177 116 148 119 109
139 118 51 38 70 132 116 190 85 190 83 183 177 42 170 24 9 4 169 130 103 86 105 4 167 146 163 113 69 162 0 28 35 74 33
2 150 119 186 121 51 32 108 148 159 75 37 93 118 28 43 63 32 172 22 13 24 191 180 164 63 151 115 81 8 83 93 133 179 189
107 193 26 101 11 42 13 107 162 107 131 31 40 54 119 121 169 69 90 139 79 13 200 141 24 104 5 68 200 9 109 112 127 174 84
117 168 168 194 132 29 77 17 132 132 39 163 121 58 169 19 85 149 63 86 37 101 8 14 17 38 50 115 90 193 39 53 97 120 39
67 52 8 114 157 19 74 35 197 126 197 93 8 109 115 43 127 56 44 121 79 51 180 123 28 16 10 129 51 24 45 11 139 143 6
193 102 19 96 54 29 153 94 196 111 7 45 142 24 198 50 176 81 71 69 145 100 149 172 82 30 25 130 81 83 113 85 7 171 85
160 179 153 164 30 139 196 156 91 149 80 52 87 81 7 105 164 72 146 108 28 169 193 8 183 184 124 126 116 20 107 83 142 9 158
133 54 11 38 137 105 189 57 160 71 11 90 43 77 108 95 9 113 69 192 162 199 110 168 130 124 184 168 31 187 58 61 164 189 69
122 132 188 129 93 64 39 155 59 167 103 143 24 7 159 75 48 46 158 136 198 140 89 196 147 180 26 9 68 155 145 63 168 54 172
79 157 148 52 46 92 112 10 20 135 39 67 154 161 58 130 7 166 137 156 45 146 182 193 134 95 36 2 164 43 180 26 171 123 93
46 180 187 99 139 36 123 0 188 161 135 39 100 24 42 185 102 81 68 169 147 10 89 56 95 64 200 104 147 7 56 119 122 43 168
