95
179 106 7 193 183 198 197 124 75 189 29 159 114 118 63 58 145 30 189 86 48 77 127 54 60 192 52 100 143 134 183 28 184 58 200 155 13 191 172 42 143 80 168 64 63 27 88 35 148 152 109 50 110 72 18 67 191 121 102 68 70 50 41 2 2 167 46 142 151 86 132 90 91 164 157 133 188 149 64 176 4 173 58 135 152 140 178 81 132 197 23 160 165 0 128
42 70 60 74 187 183 173 54 60 116 150 76 155 136 132 50 38 118 16 34 13 69 35 148 178 184 130 38 46 45 154 66 68 152 167 111 73 137 140 62 99 33 192 28 26 187 62 197 32 166 129 49 86 132 50 8 145 83 135 93 57 38 67 5 66 190 123 138 196 196 69 55 115 169 93 141 73 43 182 117 156 52 106 194 188 135 125 82 87 198 100 81 9 11 61
180 117 92 179 140 42 131 183 63 181 23 28 179 40 154 86 178 157 184 6 189 159 88 152 103 118 113 47 158 58 79 36 84 128 78 34 140 0 82 20 83 156 61 50 66 198 38 100 197 111 197 80 196 172 141 58 175 51 136 15 182 166 146 121 64 120 200 66 95 57 54 131 88 20 71 116 171 47 135 147 53 40 164 165 25 103 120 1 80 30 175 67 52 46 27
58 116 97 36 65 167 191 64 172 112 160 19 194 89 111 77 168 110 71 94 103 25 22 155 138 158 96 2 145 43 144 169 73 177 173 81 180 93 32 68 100 173 36 18 3 85 69 77 21 19 185 158 72 17 86 18 32 154 190 150 98 87 105 9 21 24 183 36 191 186 162 3 18 91 150 108 75 198 175 160 75 196 21 108 192 142 186 66 67 73 129 7 1 115 88
153 187 58 50 21 196 17 157 43 120 185 5 117 39 89 137 89 194 101 60 26 183 21 146 108 136 34 175 28 140 26 101 103 23 115 47 81 44 158 159 51 176 60 56 25 161 48 113 14 198 33 9 55 150 14 63 47 160 8 123 42 59 45 133 100 145 155 93 75 45 129 70 155 83 136 93 103 12 53 166 49 146 120 61 146 56 134 172 158 89 169 27 189 45 108
23 67 136 58 1 19 10 160 163 74 55 169 124 141 50 29 20 85 6 63 123 158 97 186 130 119 38 84 99 101 159 157 31 110 179 88 51 3 144 115 159 181 53 166 12 50 31 188 165 49 120 98 135 125 130 175 110 189 2 147 154 96 192 175 192 24 118 39 145 111 3 118 123 5 164 88 30 71 25 24 47 93 33 25 189 39 150 14 51 135 53 154 97 94 18
36 137 96 181 150 139 173 158 155 71 158 59 114 128 187 130 158 165 132 160 0 27 57 81 61 120 195 91 19 25 102 165 196 173 185 161 8 21 47 188 120 135 168 127 189 63 71 29 157 160 141 127 123 89 2 3 126 154 109 44 14 153 187 147 134 141 48 59 101 122 28 172 149 50 49 94 21 9 168 152 77 188 12 30 127 43 181 145 168 186 176 104 172 129 176
45 90 166 47 173 119 12 109 38 63 116 130 184 51 18 181 162 98 164 184 51 148 155 165 160 125 149 25 2 198 144 40 14 30 22 117 101 134 56 96 66 65 121 64 187 48 50 127 140 22 27 115 113 91 72 47 8 37 11 88 139 14 74 39 54 56 101 195 98 149 85 122 40 53 132 96 124 68 15 193 66 47 50 138 183 192 11 18 161 90 152 188 5 95 18
167 18 53 149 66 186 35 130 88 123 176 92 13 14 157 59 177 139 62 38 169 177 185 80 110 63 170 188 106 186 8 5 190 121 38 3 164 180 64 67 189 79 39 76 6 167 184 168 55 47 149 98 35 134 114 56 113 165 35 138 131 168 24 133 191 22 89 60 150 129 50 79 125 97 104 150 167 175 57 54 49 111 59 23 55 106 55 126 75 140 32 55 99 57 48
175 76 184 164 138 148 159 104 2 183 102 129 179 30 96 151 186 194 181 20 177 164 105 54 184 30 25 101 182 147 196 78 76 41 183 18 59 3 107 36 6 70 94 162 90 180 88 87 8 185 2 109 22 200 197 94 159 193 123 97 171 117 117 198 76 173 84 177 24 93 196 138 190 54 26 93 8 31 67 26 30 185 196 91 139 56 122 69 89 17 198 31 104 88 184
96 156 133 143 27 64 61 75 170 132 155 190 140 168 111 73 77 16 197 10 82 43 132 114 6 28 135 128 98 177 160 158 190 175 170 37 161 93 56 19 105 116 197 187 138 124 200 124 89 100 156 162 115 119 37 114 6 190 199 129 125 22 123 121 156 104 127 177 72 110 138 145 173 98 81 193 179 24 92 23 47 88 27 44 107 47 76 125 78 33 78 9 62 135 90
90 43 37 43 60 2 44 171 110 108 77 81 7 59 151 165 90 195 4 190 7 16 183 164 20 138 65 30 118 57 144 1 90 160 148 192 119 187 146 46 67 25 67 63 59 177 187 144 199 118 191 116 40 197 69 188 184 91 190 143 162 18 194 196 1 2 4 117 47 127 130 196 95 183 85 100 200 4 75 182 184 122 102 78 200 170 38 37 38 34 21 29 177 94 182
49 43 36 198 194 84 149 156 7 96 44 61 135 63 165 174 198 37 159 9 160 76 196 199 107 27 116 185 82 37 129 136 194 134 163 9 24 56 128 61 65 32 77 8 133 138 61 133 153 154 173 109 115 132 158 68 143 164 120 134 34 78 5 197 28 74 27 132 160 144 195 177 91 130 14 5 56 14 163 171 163 62 170 69 175 135 134 131 35 133 100 172 118 200 129
28 91 119 19 67 47 174 106 14 155 102 100 171 193 144 74 143 165 111 28 101 11 14 39 21 44 89 103 22 172 98 7 180 23 124 176 40 40 133 150 139 83 39 102 145 39 44 92 136 93 114 115 158 65 61 125 20 98 165 183 171 162 74 37 128 126 121 169 193 99 108 164 165 65 151 4 161 83 84 174 86 108 36 42 159 107 115 148 187 89 25 182 17 174 2
57 191 77 188 125 188 148 174 106 25 50 12 176 119 181 196 103 130 193 182 56 12 77 97 16 159 118 67 15 108 72 30 145 199 137 14 5 183 171 15 79 144 129 189 189 175 79 156 8 40 49 95 31 61 179 170 179 78 98 157 70 107 110 1 74 13 165 116 165 68 123 156 62 148 154 165 35 173 158 159 72 192 31 124 44 123 55 73 192 173 35 113 176 48 91
124 30 102 131 14 123 156 33 16 191 92 4 122 50 100 187 169 177 108 61 102 123 49 67 54 41 108 8 25 46 189 152 193 78 27 177 139 190 18 100 84 163 59 98 143 134 12 28 117 71 147 55 184 167 181 22 116 59 152 78 114 175 23 189 182 54 114 133 168 117 79 21 112 116 106 69 180 183 94 164 116 16 153 31 65 96 147 164 140 54 34 157 43 11 12
13 25 13 99 94 173 35 14 176 182 152 54 84 141 59 77 173 191 98 146 56 50 87 80 14 104 34 53 51 95 62 94 9 90 138 14 156 117 157 122 176 134 54 145 128 175 93 34 176 26 28 0 74 197 116 36 151 182 60 144 0 8 59 82 102 43 79 12 37 33 184 195 16 13 81 130 73 8 94 146 67 111 128 84 79 128 165 199 96 151 156 106 29 91 170
176 193 95 29 23 40 28 109 91 118 30 127 188 20 108 122 49 41 127 187 89 3 91 129 187 93 41 190 28 65 133 111 133 24 15 159 79 72 124 148 40 80 129 179 160 27 44 92 152 85 41 92 133 89 185 131 20 137 121 29 116 77 142 20 86 123 177 74 25 118 186 47 84 155 185 128 106 188 190 165 61 91 200 146 191 122 73 69 2 24 86 152 9 128 30
154 78 192 188 22 191 194 172 113 78 113 11 24 187 151 162 17 107 35 195 19 5 146 178 72 191 94 148 60 102 46 110 170 28 66 70 124 107 40 113 185 44 156 83 14 179 55 14 67 85 82 63 9 25 140 16 163 7 49 68 2 147 78 31 25 107 73 47 4 130 58 177 61 128 30 199 107 197 23 71 185 8 85 47 135 30 78 106 105 24 95 64 171 145 182
4 156 114 99 182 145 53 183 173 17 6 161 194 4 17 38 5 62 146 154 4 160 45 192 29 127 141 138 72 65 44 165 41 23 77 130 88 75 7 1 146 48 70 161 89 165 156 190 58 109 21 86 18 41 89 89 24 142 170 112 85 63 160 71 129 158 56 179 73 75 17 24 200 161 176 3 147 98 33 114 10 103 38 15 93 10 172 24 66 63 87 41 197 13 54
47 24 129 61 191 173 26 23 172 99 27 159 182 103 10 109 107 111 172 20 44 49 91 199 93 49 128 6 110 50 27 151 140 93 104 43 197 95 172 167 37 47 189 171 35 151 159 156 64 68 5 38 91 47 146 158 199 118 157 86 89 143 8 152 44 131 122 159 6 66 40 102 182 119 25 143 158 187 2 75 30 111 80 62 183 0 128 88 12 124 138 19 54 5 24
2 118 93 11 26 66 120 87 167 124 131 163 194 158 29 150 167 132 101 150 79 82 163 110 101 107 130 86 95 167 137 75 141 139 162 132 180 25 83 152 107 21 93 54 13 44 45 64 110 192 109 172 79 139 118 185 120 144 97 12 12 28 160 119 174 20 188 184 55 80 130 3 89 18 10 2 91 12 132 97 76 149 79 142 101 132 128 190 89 74 94 131 176 173 71
181 175 62 186 197 152 141 63 40 133 94 105 22 67 95 110 168 128 38 161 105 92 164 128 102 6 83 65 6 83 85 1 124 199 94 16 87 27 78 102 174 56 106 54 11 8 197 69 161 57 10 80 4 16 152 121 68 184 158 131 39 192 142 118 30 133 32 67 78 143 124 82 125 183 149 181 144 9 96 92 59 162 19 33 104 56 176 6 16 47 58 11 131 112 157
23 8 43 96 152 7 47 123 50 76 146 30 197 24 165 84 45 32 58 149 65 191 153 101 111 38 73 188 1 31 114 134 152 132 90 148 63 87 45 17 176 95 194 25 61 1 32 113 175 152 29 93 131 38 30 198 126 132 20 43 12 71 196 17 74 116 39 154 58 122 147 190 119 16 117 157 110 84 106 117 129 190 40 107 200 157 86 144 86 132 26 177 161 125 166
103 138 26 72 163 129 142 60 162 190 97 135 78 162 172 63 95 122 23 158 14 153 100 58 16 23 9 184 5 54 112 129 121 97 119 58 37 114 195 8 167 191 64 25 136 166 163 58 105 99 88 162 88 82 151 79 67 194 2 80 54 44 143 185 171 88 138 7 35 53 59 99 189 176 37 83 61 144 126 171 75 73 117 52 92 135 173 31 177 99 65 133 195 197 95
87 90 45 134 47 51 187 189 45 156 40 13 13 175 131 90 123 145 34 149 139 143 93 152 148 151 32 159 162 127 104 86 109 176 37 149 117 64 132 193 191 21 31 50 20 93 12 17 87 154 190 184 9 149 193 33 42 20 115 15 96 80 138 75 69 91 127 170 92 196 8 105 3 133 54 85 97 97 147 171 185 29 62 191 187 82 91 119 71 88 146 136 121 186 197
149 119 187 181 90 89 170 192 181 64 26 100 70 103 58 22 77 23 66 3 0 40 114 172 97 129 105 183 67 83 148 146 134 167 33 90 139 49 178 96 110 69 160 183 43 114 197 53 168 76 171 168 35 183 66 162 26 13 34 107 24 146 183 119 60 97 114 82 88 170 28 133 92 79 100 32 168 172 11 77 124 76 76 112 138 10 196 150 79 165 52 86 67 69 61
143 43 110 99 91 194 132 103 44 129 134 9 155 181 78 149 67 98 3 130 147 103 158 170 154 88 86 45 105 2 7 56 181 59 48 80 12 19 4 174 75 8 4 134 64 117 3 150 179 197 154 183 107 107 12 198 74 101 81 73 85 66 30 28 184 144 3 74 125 27 171 88 61 115 95 163 70 157 4 176 188 13 82 134 83 120 1 163 93 73 98 161 98 72 58
18 51 150 51 200 197 167 59 55 200 170 53 83 43 47 110 186 188 136 196 153 57 199 67 132 25 179 111 10 196 177 63 157 175 192 51 45 40 152 148 121 89 60 44 49 113 15 60 81 83 162 186 58 69 186 1 18 58 164 47 78 32 53 99 55 127 176 30 31 11 145 144 137 192 85 175 197 91 197 129 138 179 9 68 121 23 199 60 145 146 168 96 63 51 121
46 159 22 121 94 48 110 185 188 23 61 18 74 104 91 187 197 38 48 12 16 121 120 68 150 114 176 129 51 153 86 80 125 131 187 85 121 13 13 179 195 171 136 65 80 15 17 126 129 106 165 142 12 133 45 24 14 15 76 27 9 141 197 109 3 62 89 16 18 151 64 116 0 21 10 30 8 122 28 60 66 191 70 58 161 117 42 84 46 182 159 5 140 179 112
23 31 20 78 41 175 103 66 64 172 23 145 13 6 37 81 16 148 100 18 17 119 76 194 61 8 32 7 104 1 157 177 185 152 152 31 181 132 117 4 104 98 6 6 7 131 170 116 21 170 122 105 107 108 67 135 22 19 65 167 52 126 58 70 47 83 193 44 30 20 51 117 23 177 40 119 26 134 38 80 100 140 104 102 163 10 111 133 165 16 126 156 37 124 45
140 173 78 32 62 65 124 94 5 52 172 74 193 94 143 101 19 187 32 68 158 157 76 194 192 130 58 37 16 7 17 74 177 167 5 142 80 185 182 91 12 168 133 188 177 99 178 196 4 78 173 98 166 172 159 148 170 106 96 88 164 155 17 177 159 152 190 194 6 0 132 78 80 108 140 94 114 152 37 93 162 94 2 155 94 82 80 13 28 163 62 156 188 165 57
164 180 82 40 137 111 46 13 49 171 93 196 75 126 191 2 181 74 2 18 98 60 165 40 116 11 146 12 131 144 10 83 196 86 198 154 84 43 157 140 121 6 187 107 139 17 32 48 136 34 124 46 196 47 152 88 0 36 109 113 5 82 60 33 182 103 145 41 167 187 110 176 92 99 161 139 111 157 62 111 80 132 49 29 162 85 108 19 70 183 196 82 164 17 16
91 36 176 28 106 8 172 112 3 162 162 138 119 193 107 71 122 147 187 64 68 20 21 37 128 157 104 31 37 138 86 121 121 149 116 5 119 131 11 42 192 163 177 47 38 54 3 61 82 193 186 133 10 83 1 65 152 9 127 66 191 190 132 58 200 188 32 158 183 25 99 96 61 170 5 107 129 49 20 188 60 25 191 3 65 165 84 123 15 160 40 45 134 169 18
30 138 174 82 70 109 88 93 142 8 29 133 20 19 158 189 54 197 65 123 36 158 101 140 132 7 70 34 97 86 175 195 104 121 54 163 59 74 98 4 51 193 31 136 194 37 46 20 125 156 39 45 125 110 130 43 34 140 112 173 134 150 73 17 177 48 3 95 188 144 17 80 4 78 191 153 177 33 89 115 11 144 190 117 141 107 164 83 106 123 119 47 121 82 108
46 148 131 151 100 34 12 21 194 41 29 64 135 65 26 99 125 6 145 2 43 78 111 196 41 190 143 185 98 7 182 148 136 137 168 42 154 117 83 65 119 46 91 4 119 181 52 56 157 31 79 86 132 56 129 151 102 78 115 12 29 128 106 24 168 172 171 81 197 116 78 77 106 81 8 154 141 27 101 91 164 108 87 197 22 117 97 66 97 154 141 70 157 114 38
93 99 65 153 132 80 169 105 77 0 93 21 88 184 28 126 71 35 192 196 14 141 14 161 82 41 21 193 111 115 168 65 143 163 56 105 67 169 64 196 166 68 76 32 120 122 12 199 199 128 198 167 80 169 125 129 71 183 110 82 200 48 28 51 175 59 132 171 33 154 30 31 4 1 182 150 130 6 47 10 65 32 23 171 186 72 54 99 84 152 33 183 121 115 28
185 49 54 132 17 198 3 120 87 35 152 196 43 143 83 31 10 113 61 185 169 37 74 32 143 44 130 66 140 125 60 86 98 21 160 79 124 30 16 9 129 127 124 112 64 131 132 52 16 159 72 120 117 91 12 122 104 183 158 69 1 192 49 34 148 84 49 166 16 77 9 59 72 67 117 76 71 124 13 5 124 50 86 64 76 93 22 117 82 4 129 174 109 153 42
13 40 73 166 174 195 26 132 170 84 45 69 140 103 155 142 158 90 195 70 73 158 25 80 136 22 94 138 40 88 44 149 95 136 53 88 89 21 141 49 53 51 195 136 60 80 116 67 91 141 103 193 169 64 164 131 121 81 160 171 161 73 92 40 186 8 95 1 182 53 2 197 173 18 25 99 67 100 78 189 27 19 174 152 66 169 30 75 129 114 110 29 54 104 95
85 128 73 104 5 138 106 9 23 113 148 90 154 54 87 161 186 30 25 194 30 58 1 8 31 26 165 68 50 5 179 194 37 80 187 154 155 16 147 50 64 196 116 170 134 107 68 143 150 35 28 119 85 190 16 143 15 13 191 104 55 59 149 125 50 103 82 138 128 177 124 85 153 111 190 17 40 160 122 26 146 75 195 15 197 82 150 72 53 26 129 183 138 66 80
136 130 20 174 59 196 72 13 200 94 139 133 3 161 138 140 56 3 82 3 27 165 31 171 117 30 27 107 86 141 70 158 81 177 154 24 148 34 133 186 79 131 8 193 34 2 79 96 155 130 101 39 103 191 130 84 140 13 191 9 186 35 75 32 154 105 172 79 182 175 162 149 59 107 185 20 103 172 128 126 132 140 11 12 153 84 179 78 74 33 165 46 98 53 117
103 36 99 115 173 139 67 62 123 14 152 25 174 106 158 101 37 154 19 13 192 64 45 146 28 76 154 20 118 177 92 185 105 24 76 51 188 22 49 10 143 118 81 51 5 162 192 17 98 7 144 98 85 49 49 40 12 82 114 111 94 85 2 104 125 166 143 165 122 150 26 78 125 37 190 101 78 197 98 146 28 7 113 129 25 153 68 93 98 88 26 129 5 35 77
193 96 126 76 70 166 104 103 1 155 98 112 148 150 6 96 127 146 129 13 192 185 120 33 19 102 160 68 53 175 151 196 169 41 126 141 43 49 123 23 169 153 85 97 21 115 54 11 67 46 7 13 161 51 119 181 118 24 132 130 56 132 76 50 73 79 45 179 56 98 116 174 163 146 32 175 24 155 188 48 192 63 149 50 37 19 183 10 89 197 58 17 164 184 129
162 19 87 190 119 11 174 197 134 18 150 72 194 134 53 166 58 122 170 197 168 38 181 69 34 151 82 37 24 61 97 19 194 60 7 132 129 21 185 149 164 102 64 110 187 80 28 72 83 159 165 134 110 104 69 4 78 134 112 142 25 78 87 125 40 87 113 34 176 127 119 47 168 122 77 17 139 60 22 167 140 23 194 89 99 48 74 46 40 30 180 81 159 125 188
148 179 58 9 190 9 51 129 154 107 181 92 100 58 145 29 43 114 121 142 25 143 41 43 119 189 112 164 128 10 8 70 10 191 127 124 165 115 105 28 132 77 30 103 4 191 8 13 31 10 28 162 7 127 123 110 85 199 14 76 37 109 66 162 153 37 5 143 187 29 195 154 80 99 48 159 200 47 78 147 70 80 47 55 148 3 76 192 101 91 122 31 31 111 89
40 172 147 54 20 145 161 46 88 140 84 174 198 125 27 192 157 144 183 94 185 109 11 78 41 58 147 143 195 7 75 181 146 122 131 9 151 3 184 44 68 88 72 44 191 164 158 19 110 170 70 132 200 200 156 63 71 63 47 142 187 18 139 110 163 83 91 146 27 57 123 113 47 40 56 178 137 122 58 130 75 74 138 19 36 181 29 60 146 54 79 178 112 91 62
88 27 12 141 137 139 42 74 52 17 197 56 163 170 95 105 79 28 67 110 79 15 142 154 141 192 100 125 173 103 159 73 117 195 186 109 62 31 153 194 52 146 126 119 96 5 96 194 137 127 4 196 74 119 127 123 31 145 167 135 136 0 140 54 159 1 195 24 43 123 94 113 3 101 151 46 79 44 47 153 132 70 30 184 49 140 128 44 162 89 46 92 156 160 152
133 191 26 9 98 11 169 75 147 183 172 40 122 59 7 114 171 42 120 192 49 72 5 175 73 89 113 125 51 192 135 143 28 177 200 191 9 138 164 59 25 182 129 37 184 39 17 87 173 171 95 89 151 28 16 69 13 55 139 116 192 13 164 200 12 91 35 106 132 77 175 151 88 180 13 44 199 190 144 39 108 198 10 44 147 62 110 128 62 28 123 117 92 116 75
107 115 66 183 142 28 134 103 93 44 77 10 54 13 150 9 10 73 46 156 18 20 151 185 185 154 25 152 32 2 110 145 152 16 114 105 153 86 54 167 163 162 117 188 70 200 62 49 86 7 186 142 76 31 54 17 129 140 90 147 113 155 193 106 191 113 35 150 101 78 169 19 46 29 97 113 84 47 9 133 78 103 28 64 81 198 161 185 27 158 163 125 150 87 180
57 47 86 176 53 159 77 0 92 73 17 32 123 130 176 195 33 31 22 68 148 107 83 110 198 102 82 48 190 127 155 188 98 69 193 27 21 124 9 200 87 67 6 41 121 96 121 184 30 57 24 57 128 44 1 15 125 102 152 106 49 13 109 67 40 185 91 174 31 200 83 123 178 22 133 177 58 37 104 74 82 146 58 70 93 51 21 185 85 103 36 120 192 115 95
10 122 69 21 189 115 178 146 184 39 96 174 80 48 185 118 182 72 118 21 47 104 189 11 185 128 178 59 21 192 37 128 65 131 32 64 91 26 25 150 158 82 130 5 26 150 45 42 123 5 195 76 129 106 149 141 112 123 27 183 71 71 186 28 131 148 197 46 75 94 78 176 189 27 112 60 10 180 95 120 137 20 46 30 4 190 195 185 187 90 165 36 155 135 63
51 155 39 114 75 4 198 78 70 189 17 43 39 194 129 11 42 57 75 185 122 103 24 53 148 78 200 67 66 31 65 121 155 103 122 80 157 19 27 163 55 8 66 113 63 48 101 199 163 55 109 82 59 142 23 159 102 104 55 166 45 124 174 138 149 80 105 35 109 70 68 86 153 164 91 176 89 66 169 199 129 0 183 176 58 149 197 151 28 160 20 13 123 61 101
196 25 32 160 167 9 99 21 6 151 155 94 72 200 91 21 130 33 116 36 54 166 94 110 116 123 187 144 169 131 131 164 8 198 65 1 110 97 164 126 95 42 173 188 63 200 107 67 53 114 23 59 64 92 117 138 195 141 10 123 72 101 37 115 156 5 200 184 163 83 134 10 74 70 11 173 167 93 146 67 14 93 76 4 7 76 36 121 135 115 112 25 46 94 89
36 48 185 28 121 117 191 163 7 103 82 198 135 19 84 178 48 113 134 50 149 152 140 143 39 106 51 77 55 70 194 32 32 59 150 114 9 170 169 111 123 165 166 95 60 198 182 143 132 62 28 99 72 116 123 179 53 196 94 98 102 139 65 181 29 94 68 44 4 133 195 17 34 91 150 182 150 70 6 31 182 77 160 91 177 39 135 70 95 109 195 75 26 13 8
1 161 99 48 192 42 132 47 150 57 172 75 119 86 70 198 7 168 19 4 157 77 118 111 166 27 24 67 125 69 63 168 24 35 129 3 45 32 118 70 4 176 151 64 1 41 173 164 37 200 175 117 185 137 63 37 22 64 95 156 64 170 54 25 109 118 134 134 64 166 55 155 67 1 122 60 150 89 55 185 56 172 24 58 24 103 107 142 11 43 175 78 184 161 159
176 36 168 101 57 103 5 188 91 82 128 153 38 198 30 120 169 88 114 10 142 153 154 164 59 106 52 0 83 114 25 44 68 25 121 33 18 177 137 154 175 23 100 55 58 177 183 74 178 104 166 150 107 127 194 148 84 13 170 58 90 183 89 27 170 174 5 139 119 187 144 67 200 87 42 31 192 149 126 89 2 133 131 87 197 65 73 152 176 158 77 125 79 180 120
28 191 119 157 19 182 56 78 21 30 140 144 51 175 160 169 100 129 41 88 153 11 42 6 160 35 71 121 29 160 110 181 187 51 73 30 183 176 66 151 190 186 155 32 189 173 181 149 136 89 193 71 182 161 173 36 53 15 193 75 55 66 96 78 187 172 0 174 88 188 4 0 182 74 115 76 35 78 83 186 8 7 104 190 118 112 200 52 129 78 199 12 68 105 182
70 75 27 151 120 58 134 83 64 105 152 130 37 87 169 139 191 63 115 157 37 97 146 162 168 33 115 198 35 192 184 39 22 91 103 22 73 192 125 29 58 198 138 109 101 149 19 150 84 180 102 43 122 20 78 80 157 125 147 174 41 109 103 163 13 96 25 67 4 172 13 73 195 178 12 118 173 3 74 111 181 155 103 155 112 155 11 142 22 89 26 165 149 61 107
36 163 140 149 40 6 163 130 164 146 86 5 111 27 12 72 43 11 56 76 24 54 193 30 172 39 179 63 149 51 4 114 127 29 142 98 162 96 5 9 128 156 6 4 146 128 95 30 180 169 170 192 143 196 136 25 26 26 172 163 195 16 58 45 15 199 32 83 78 28 169 154 175 63 11 59 10 6 142 145 118 182 55 88 10 125 87 57 139 57 167 47 27 177 113
39 184 76 114 8 172 164 189 164 82 29 139 154 94 61 163 65 92 46 88 96 47 63 107 37 122 17 97 180 125 19 123 148 106 117 122 2 88 11 97 171 29 155 165 58 53 129 68 98 72 190 179 136 107 183 19 89 17 91 29 2 59 168 82 72 104 160 35 69 194 158 178 75 142 50 150 63 164 120 139 31 187 71 140 117 111 190 119 150 93 147 170 109 84 172
57 81 88 101 175 166 62 188 185 178 143 69 129 7 164 190 142 128 36 149 194 122 89 25 113 144 98 2 142 26 128 11 98 10 0 50 46 196 21 139 173 5 51 77 128 101 45 70 68 181 41 154 77 68 77 20 128 94 163 171 118 73 145 47 158 120 113 99 37 151 94 112 119 109 58 145 135 12 72 32 197 31 72 200 136 100 149 2 188 172 21 60 155 180 87
7 39 74 125 198 134 187 148 93 141 170 121 192 114 184 164 142 31 137 62 70 159 101 168 149 198 170 2 44 189 98 95 190 89 113 51 157 44 150 21 122 58 172 107 154 145 19 65 112 176 89 88 101 78 26 142 138 178 158 63 184 8 140 198 37 162 200 83 183 26 34 102 182 7 149 37 79 114 142 183 4 88 65 166 52 97 20 96 34 195 92 30 48 86 18
79 122 55 93 59 70 123 44 54 96 100 61 37 193 136 87 154 27 103 110 161 99 33 36 186 90 53 77 85 93 29 193 137 164 137 129 184 97 91 195 99 185 127 34 74 125 52 16 134 33 122 139 104 100 51 182 51 173 141 154 151 147 109 63 144 9 68 78 169 77 198 5 189 34 105 102 143 130 176 175 50 34 163 44 137 64 173 125 46 39 67 84 103 20 81
45 74 50 68 41 66 59 175 57 153 178 170 72 39 21 41 98 148 13 137 115 9 46 172 126 111 101 196 68 135 158 122 188 199 147 65 28 177 77 74 51 131 167 145 168 141 170 107 190 197 139 3 179 10 123 62 76 138 64 24 90 93 91 41 81 174 186 62 33 67 1 99 154 128 8 168 61 166 91 7 193 21 142 61 119 0 142 52 195 68 90 21 36 64 13
145 83 175 61 155 184 91 182 147 175 67 184 17 136 126 147 169 200 194 184 73 102 0 158 23 73 101 74 65 115 52 43 66 14 46 145 136 198 139 5 195 88 187 4 78 151 61 192 33 88 73 62 198 77 142 118 77 25 68 92 197 193 60 139 145 194 99 39 178 158 51 152 31 113 1 182 180 161 71 173 146 5 4 145 90 6 97 38 20 131 187 4 166 2 6
50 11 190 189 50 77 132 93 187 92 36 7 71 99 30 15 190 142 164 91 76 138 172 35 12 79 39 89 23 34 166 198 90 152 87 3 72 46 71 44 38 39 83 157 35 15 56 121 15 28 123 200 27 84 5 31 12 164 97 74 33 51 185 149 54 77 137 15 157 146 87 154 37 152 153 49 174 184 11 172 188 195 141 41 144 117 28 90 200 13 46 83 59 125 191
67 114 83 66 101 164 151 162 86 39 159 173 11 110 110 51 190 123 56 28 35 38 124 158 4 98 28 120 28 137 118 47 70 149 119 7 5 90 191 166 180 6 122 158 2 131 122 167 2 179 34 147 66 40 40 46 52 71 163 139 159 190 4 76 57 37 64 83 200 2 156 93 4 136 4 132 158 93 13 75 19 188 148 124 200 46 69 7 71 70 109 60 135 157 156
74 111 67 196 25 171 179 142 108 117 94 119 101 186 2 124 7 146 124 124 121 130 125 107 126 54 164 124 25 135 194 146 195 179 103 42 66 182 121 86 27 76 192 117 57 85 24 119 9 199 106 156 18 9 138 169 69 112 120 128 173 21 84 56 59 119 106 153 134 110 164 71 133 83 97 81 135 81 102 51 54 70 99 175 100 99 182 92 90 107 83 154 70 116 188
49 177 69 79 48 69 151 120 37 78 7 1 176 38 191 110 44 8 87 83 103 2 164 82 48 80 40 52 102 157 83 51 153 183 155 191 117 190 200 102 182 26 25 12 47 111 81 198 62 71 105 73 22 156 177 112 60 6 127 18 192 21 98 110 29 136 97 191 189 71 103 116 130 14 127 55 113 39 48 89 96 151 153 98 175 75 134 151 112 105 190 101 50 19 27
157 29 184 74 194 161 95 80 182 117 129 132 0 9 9 165 67 56 146 101 78 62 143 41 68 126 10 197 76 161 128 140 144 181 115 121 195 19 152 70 149 99 187 159 106 80 29 109 64 144 19 177 22 31 47 175 49 18 70 134 141 60 86 54 163 67 53 200 120 185 107 53 157 190 138 189 7 106 145 75 187 95 14 81 35 45 154 64 90 183 153 100 93 134 79
49 70 177 94 19 111 79 18 55 120 37 127 26 49 41 158 193 34 74 85 109 69 117 38 142 127 93 28 64 132 51 98 197 69 66 123 190 6 105 8 119 156 53 182 126 159 195 119 170 20 156 127 146 174 114 97 10 38 169 91 173 57 146 181 64 152 179 29 93 171 8 7 112 55 105 198 114 156 90 9 139 150 191 29 124 197 96 42 105 65 109 30 200 191 49
158 14 81 80 151 9 21 109 17 63 150 20 190 142 66 77 170 133 137 2 90 153 92 183 66 97 2 170 194 167 108 71 197 180 111 29 11 170 68 9 161 60 18 53 197 162 76 110 99 122 53 94 104 2 110 51 178 39 139 86 121 39 79 133 93 177 9 153 74 167 117 141 54 77 1 119 51 79 31 95 88 100 123 62 126 85 162 38 121 171 92 8 168 61 114
174 23 5 11 133 93 158 101 116 122 199 17 49 66 169 179 171 64 165 95 197 80 193 86 51 5 136 74 78 45 19 115 155 172 20 32 33 146 151 87 35 150 23 199 16 105 55 159 15 178 179 91 20 73 18 198 0 147 170 185 165 9 156 165 189 122 22 160 180 86 88 92 160 115 38 102 56 90 26 188 6 117 3 167 45 166 115 110 41 1 153 40 152 116 122
195 21 193 63 46 1 16 88 42 94 11 177 137 162 34 190 93 114 44 184 153 134 8 99 178 164 2 62 15 146 118 105 138 86 165 9 106 25 190 119 19 72 77 106 96 129 169 137 38 6 173 70 189 16 17 64 194 78 133 107 150 82 168 166 132 191 127 31 45 78 92 153 106 82 0 71 131 100 183 137 122 152 198 92 84 49 97 141 177 48 2 192 2 71 8
4 193 166 157 177 169 20 80 27 127 177 34 64 143 69 187 4 149 105 49 63 184 157 77 169 34 183 172 23 183 83 28 167 161 31 148 69 111 102 61 131 72 56 135 188 16 186 103 131 169 75 93 116 85 68 108 128 109 19 171 144 168 31 62 85 40 176 125 143 107 45 128 79 50 99 88 200 2 183 21 29 68 66 102 9 47 153 101 43 117 199 149 57 32 46
164 42 34 113 34 147 99 108 96 77 57 180 170 114 71 21 124 7 196 96 190 63 73 44 112 169 35 63 10 137 181 136 193 134 145 112 96 34 155 193 103 35 84 151 139 119 186 153 97 163 88 1 115 19 68 86 156 13 70 137 174 2 106 45 139 36 7 118 180 49 194 50 168 1 187 114 164 171 127 136 137 199 69 125 108 102 180 179 95 112 167 37 198 80 161
115 102 126 86 1 188 135 94 157 10 45 114 128 117 59 117 30 8 136 137 179 103 58 169 150 169 71 78 45 138 74 110 63 99 66 141 186 34 81 12 188 176 167 9 187 140 185 99 68 114 144 192 64 145 100 17 159 109 85 54 188 20 65 63 79 118 4 164 132 12 9 163 119 126 140 181 4 187 188 31 115 107 45 65 4 86 154 189 79 182 41 47 168 89 8
97 86 118 171 147 90 114 12 176 176 52 109 150 151 181 63 122 189 56 180 136 94 79 81 23 105 108 64 102 170 72 192 104 181 65 24 61 195 38 136 142 159 125 149 52 27 79 193 47 123 65 28 64 170 120 121 156 174 90 84 82 131 38 74 8 130 63 169 28 96 51 30 184 177 123 75 156 34 145 49 93 175 134 150 11 10 190 73 132 198 60 186 40 46 83
91 103 83 93 54 134 112 182 77 14 22 143 114 126 164 20 160 123 90 27 171 70 149 125 91 12 47 147 49 62 57 52 52 162 174 79 30 49 190 133 167 21 143 13 140 176 2 122 2 93 157 179 99 144 48 119 179 85 153 129 37 84 17 75 57 51 31 120 122 55 152 56 34 180 77 187 173 130 143 161 91 150 150 153 41 46 53 109 174 157 22 160 4 17 56
131 177 192 31 184 82 30 88 113 200 96 196 161 115 192 157 15 148 104 109 104 157 104 5 125 177 50 13 140 109 81 82 30 14 81 20 14 119 142 190 179 21 118 58 133 194 90 116 45 0 30 51 132 109 107 37 140 2 9 154 157 70 74 158 187 68 161 107 55 73 22 66 159 127 131 47 44 130 142 0 12 122 86 137 61 73 56 43 135 84 5 28 25 67 46
107 88 199 99 111 61 173 186 29 16 164 143 113 140 61 9 193 54 121 119 74 192 27 105 154 95 113 144 195 63 176 20 48 105 10 162 167 186 125 198 74 155 119 199 109 200 124 138 83 3 56 81 37 118 187 13 170 169 17 42 188 92 65 137 33 98 146 72 122 150 183 126 101 98 125 193 186 44 87 11 95 168 168 180 108 63 41 68 61 95 90 74 26 31 125
168 5 199 173 28 17 142 177 104 197 147 77 156 20 74 72 8 192 124 176 185 196 196 123 80 162 38 3 4 157 63 133 14 132 193 188 148 89 91 61 122 60 126 48 61 178 173 46 96 172 89 96 55 47 79 139 101 134 100 73 173 183 103 5 188 47 172 107 48 129 198 198 166 33 140 160 48 18 174 140 118 17 128 137 145 179 19 21 2 154 54 141 46 14 54
72 63 171 192 8 171 81 125 195 168 66 50 30 124 111 128 51 109 15 47 59 80 21 38 38 193 3 94 142 82 184 1 157 190 115 63 76 94 116 164 175 77 17 139 15 198 169 7 71 65 100 148 120 88 89 119 152 96 159 48 108 9 5 116 193 89 13 171 81 69 67 68 176 171 117 197 140 66 70 28 52 118 107 118 113 33 166 50 115 12 100 19 89 124 94
38 125 104 182 107 40 49 33 141 177 181 194 10 17 168 184 53 104 102 70 126 50 120 131 25 193 135 88 1 175 122 8 80 71 81 183 99 138 24 104 175 83 8 174 123 21 76 157 64 112 127 10 87 55 108 160 119 97 197 183 91 45 83 64 42 78 51 199 173 182 191 33 89 139 82 184 137 26 69 60 139 60 129 152 75 29 0 145 157 136 144 104 75 136 56
70 121 22 36 9 76 7 67 113 97 69 176 84 148 74 174 38 90 27 1 120 151 39 135 78 25 169 51 140 151 8 149 54 144 122 194 71 128 68 198 148 195 183 38 179 35 95 21 21 53 45 122 93 175 5 171 123 103 71 5 39 105 121 80 183 199 137 138 103 16 114 40 95 108 200 12 118 74 179 139 132 92 42 135 3 33 21 146 185 49 54 19 103 78 139
35 107 28 72 189 138 3 196 137 134 49 87 181 185 74 7 63 57 166 8 140 165 48 95 124 12 140 20 13 10 146 146 101 156 84 33 95 55 178 26 195 61 9 87 148 176 19 4 61 15 150 14 9 167 112 59 96 13 155 115 117 116 177 67 113 11 186 61 161 162 46 195 97 182 151 93 16 158 55 57 41 77 111 41 54 129 24 191 41 168 180 144 23 145 97
70 110 6 78 32 52 108 93 127 54 79 170 70 13 83 106 119 54 103 96 159 126 8 12 94 20 143 31 159 188 134 132 177 37 37 101 182 93 111 102 159 69 177 186 154 148 64 19 160 164 193 119 154 67 90 6 17 191 43 183 134 25 6 124 200 20 171 54 85 19 29 131 161 5 121 28 51 80 98 161 111 69 181 20 93 135 0 124 167 7 182 50 134 112 71
175 121 67 87 48 196 18 21 179 10 158 93 121 27 152 49 110 166 99 5 64 11 136 4 0 176 177 127 15 134 4 75 169 147 161 198 149 188 65 196 136 132 141 190 122 2 67 128 35 6 192 12 114 27 36 9 64 112 155 38 49 88 4 110 135 0 156 93 121 3 85 18 111 17 1 191 92 83 10 183 159 170 119 163 69 62 176 172 142 48 182 177 2 134 147
37 73 62 15 115 75 119 27 54 93 139 200 107 79 45 161 77 96 74 78 60 83 79 172 170 40 114 5 41 171 16 139 114 64 174 6 4 79 199 97 121 9 114 76 179 183 28 200 62 159 63 68 3 170 135 166 167 24 136 109 18 77 86 34 79 86 186 54 168 130 4 101 124 135 189 164 89 18 167 120 134 53 162 17 79 4 188 132 112 55 87 74 158 124 1
4 183 10 7 108 181 68 65 120 139 122 191 30 182 147 194 49 55 100 74 95 67 147 138 180 125 144 141 89 30 177 197 197 172 167 14 142 151 121 14 18 71 41 150 195 26 88 166 84 196 89 139 28 37 136 52 59 92 140 73 17 2 166 144 93 98 142 73 152 121 158 125 167 146 139 78 18 129 144 49 28 85 78 71 197 79 1 5 181 62 65 18 167 11 148
198 156 138 46 115 171 168 164 53 100 109 26 143 92 87 101 79 27 192 81 39 128 68 104 129 151 117 21 196 162 65 76 79 102 145 194 147 150 24 189 73 144 73 21 126 180 198 126 199 88 115 169 108 99 139 61 159 152 126 124 81 27 36 123 84 120 12 24 129 117 144 56 99 114 126 123 126 141 127 40 22 11 103 129 42 30 168 46 104 168 28 47 185 169 110
40 169 136 193 67 8 139 0 156 56 182 34 136 75 138 171 113 179 25 171 127 101 140 200 97 81 72 136 119 98 128 123 7 2 77 74 125 48 189 48 11 170 72 148 145 101 60 93 200 190 4 84 11 27 126 102 123 158 83 47 129 81 105 190 30 124 99 75 135 50 95 101 196 11 90 51 11 18 38 55 64 13 92 61 94 140 41 183 38 117 86 93 35 11 70
48 58 167 137 50 100 107 111 141 20 163 189 97 90 181 74 40 180 38 26 80 170 50 87 33 123 162 37 118 82 37 85 129 32 86 190 83 155 67 52 135 187 6 145 31 6 25 112 56 164 85 122 116 84 161 75 24 71 101 123 116 165 96 179 16 33 178 70 92 3 139 4 142 89 85 81 91 18 35 38 130 127 169 13 32 66 200 89 185 66 71 164 98 51 110
71 143 140 24 127 31 19 104 111 127 44 119 193 173 173 169 49 13 188 155 65 78 53 177 70 46 66 142 81 161 47 175 58 55 54 91 18 20 85 6 1 196 167 87 136 137 10 185 130 119 81 21 12 171 21 87 41 147 29 148 174 142 159 200 166 23 38 158 151 59 140 148 119 98 197 130 100 42 3 43 52 11 144 149 173 185 104 161 118 74 175 0 117 141 87
81 38 124 145 149 100 55 90 158 64 21 148 22 37 94 138 93 97 139 28 158 161 3 123 167 63 26 193 157 155 15 162 188 71 10 87 64 180 159 84 23 60 19 52 142 160 81 147 76 178 149 110 54 46 57 198 12 5 181 80 98 31 26 50 75 196 195 72 87 118 151 54 71 34 112 87 16 91 68 26 81 58 58 6 112 174 112 170 112 109 72 179 171 21 158
