47
84 197 169 59 198 159 98 61 65 177 191 176 122 95 55 64 49 95 11 103 163 141 88 177 6 123 71 86 51 9 15 42 12 192 175 102 170 146 54 161 66 44 109 23 181 124 197
178 25 95 148 111 151 91 117 27 57 172 44 193 39 76 171 150 184 176 25 3 131 122 194 196 60 93 198 109 78 98 181 68 193 135 153 168 23 22 91 104 4 94 133 107 78 50
61 2 150 118 5 56 199 183 5 26 191 152 0 28 166 108 106 23 66 162 3 127 154 169 141 63 34 7 33 95 166 60 88 106 113 200 86 160 29 150 31 28 191 94 86 96 2
141 198 141 124 54 119 112 127 98 134 35 141 106 45 134 94 54 5 112 128 13 179 108 28 163 21 82 65 69 136 46 94 197 78 104 26 2 40 73 123 171 43 163 168 190 102 1
95 52 188 135 196 179 128 173 136 19 3 183 69 132 168 173 8 34 66 103 60 93 47 52 147 167 167 184 2 131 188 62 62 149 103 184 141 32 37 100 37 10 185 151 51 174 63
87 151 154 93 24 81 184 61 106 12 142 160 126 174 134 75 126 137 19 164 99 67 46 92 29 181 115 66 93 147 127 136 31 141 129 70 170 171 131 4 90 150 4 105 67 18 77
92 86 39 109 80 193 126 152 86 81 58 53 17 177 102 83 103 112 140 183 100 9 58 197 123 7 174 47 27 134 199 113 142 77 33 146 77 113 192 89 163 116 145 31 176 92 50
62 115 102 195 194 130 76 190 29 172 29 63 98 188 71 147 27 147 62 97 39 8 170 54 104 23 75 64 120 38 127 93 20 32 156 147 82 87 99 77 55 14 173 199 104 45 196
68 175 34 189 114 17 55 25 154 69 97 133 135 67 70 114 100 123 137 183 135 139 96 133 102 29 2 80 123 74 174 106 10 16 199 54 56 54 67 139 8 142 31 126 104 112 164
156 106 138 28 45 194 23 97 69 183 73 44 177 194 149 139 129 39 128 184 105 97 70 39 167 142 50 30 103 39 56 11 177 91 174 168 17 100 119 166 44 16 120 95 116 102 149
42 150 4 67 79 153 131 36 116 198 37 190 151 25 136 125 176 172 116 77 160 98 132 147 26 42 199 112 180 25 175 129 166 199 174 128 100 11 38 91 125 114 152 118 60 45 193
36 70 37 195 51 191 17 96 35 158 53 82 85 161 67 153 5 170 6 82 176 181 27 9 41 85 15 33 102 62 59 8 116 101 159 200 73 62 105 140 152 96 191 43 154 67 194
144 172 132 61 7 43 139 21 148 175 128 78 63 165 59 34 166 182 49 12 117 183 197 14 88 90 17 156 11 142 93 167 114 97 154 124 79 62 143 149 63 187 104 156 129 132 58
197 174 196 188 68 80 141 43 145 5 75 41 137 21 181 32 179 14 169 196 166 133 189 153 198 22 88 23 125 37 191 98 156 85 16 38 12 68 177 130 72 134 141 146 129 193 1
140 59 32 183 18 101 78 120 52 181 6 43 151 8 65 129 13 75 188 150 100 13 182 10 144 30 61 145 152 36 115 27 154 60 5 120 128 42 94 106 76 117 179 102 71 135 173
68 85 55 101 89 1 23 103 130 173 46 21 86 174 150 181 2 134 158 8 114 28 182 18 73 126 117 91 80 67 133 188 33 135 66 55 79 149 24 185 12 90 143 71 148 35 57
24 16 168 135 13 134 186 140 169 160 73 107 128 89 183 17 82 165 50 133 174 109 42 128 193 147 20 177 172 134 176 23 51 2 120 85 198 48 72 166 88 25 184 65 185 91 11
162 32 167 142 97 115 86 115 104 175 54 128 189 25 177 113 13 112 59 76 182 189 90 83 167 73 7 17 45 89 34 149 109 55 187 30 124 113 7 139 145 50 164 140 30 100 138
106 108 162 159 132 66 7 193 112 142 73 81 70 0 113 89 116 101 129 51 41 182 160 137 194 69 95 30 183 147 183 65 120 184 119 187 86 98 91 142 22 141 45 114 24 91 86
141 155 143 141 109 156 184 63 23 76 99 48 131 19 62 185 134 147 2 117 93 16 156 140 133 105 165 36 156 117 50 192 118 85 78 146 28 140 25 12 60 124 106 13 11 168 67
59 102 36 98 80 63 57 41 167 183 106 89 103 99 136 21 42 32 71 171 118 162 91 50 56 63 47 199 98 136 102 151 176 131 16 63 139 52 132 14 139 129 107 52 75 108 2
178 95 158 130 69 25 122 193 64 0 107 62 39 150 88 62 120 186 104 153 36 63 96 64 31 111 37 52 99 67 112 64 22 200 9 146 146 190 109 177 4 116 179 187 180 95 100
157 49 154 58 158 145 148 164 74 75 111 169 27 68 151 151 123 24 70 171 81 155 29 81 186 64 44 103 61 163 199 151 71 51 138 46 124 91 106 122 14 167 14 25 79 53 199
124 198 14 85 155 50 119 78 76 128 74 26 75 146 137 71 32 143 69 168 113 182 53 166 2 162 104 30 4 82 93 95 25 148 115 193 74 41 142 122 184 192 179 31 24 176 97
11 144 52 24 119 39 26 88 122 155 38 44 45 144 180 89 140 50 99 84 3 129 130 148 88 146 129 113 13 138 21 0 17 85 104 55 81 37 48 12 31 160 162 141 27 4 27
100 100 30 193 132 197 159 192 132 71 8 139 125 98 54 88 167 50 187 160 100 120 157 174 162 196 143 49 106 167 8 6 101 92 77 187 62 105 9 62 20 22 35 121 30 14 42
133 81 22 47 93 144 167 83 176 51 10 24 130 172 116 94 176 160 3 89 152 40 111 125 48 120 17 107 135 93 71 87 180 60 183 185 159 63 138 16 118 95 133 68 44 143 176
131 148 185 23 8 101 12 161 26 69 66 21 178 105 160 76 8 177 171 179 85 138 76 33 96 106 11 119 179 67 67 51 189 185 106 134 26 196 34 78 43 60 138 188 155 169 67
21 13 164 53 191 156 16 177 172 117 68 19 178 181 34 123 40 196 130 182 114 168 78 165 159 92 24 136 90 51 159 142 25 42 1 134 155 145 116 94 54 151 64 118 24 81 194
44 189 180 193 171 23 121 94 10 162 6 102 189 56 68 55 27 125 186 32 8 27 145 196 72 59 163 83 153 168 147 30 19 33 183 10 80 59 194 170 18 115 48 104 127 1 166
31 18 78 154 61 52 68 165 41 103 79 87 195 41 56 81 67 39 42 126 105 48 138 61 100 67 92 15 166 82 32 76 43 166 145 108 146 195 98 42 199 194 11 83 24 138 72
25 18 40 136 111 64 12 49 191 159 199 49 31 158 21 142 159 82 120 80 153 85 110 116 135 23 5 166 138 75 144 36 169 39 114 41 133 18 110 106 57 66 130 194 82 79 60
175 174 99 59 154 62 125 121 18 99 200 42 132 94 170 200 169 170 79 62 120 133 11 109 158 142 177 117 158 49 174 174 4 18 81 59 94 56 153 53 117 8 192 107 42 71 90
25 171 162 19 120 3 12 168 68 123 153 116 138 26 88 175 7 113 107 2 4 79 51 136 26 12 47 96 148 178 74 39 81 174 15 92 170 114 41 185 93 4 135 79 147 164 22
63 98 1 159 20 162 21 120 3 68 14 137 120 86 165 11 130 74 145 189 164 175 108 159 130 93 71 188 18 75 63 86 57 164 198 93 116 176 45 33 193 133 70 196 138 102 168
26 76 33 115 174 125 6 13 52 103 79 6 136 135 63 62 150 99 56 130 180 69 196 136 177 170 194 11 112 36 127 124 188 172 123 62 121 133 51 89 124 95 96 68 189 149 149
73 135 142 150 154 83 113 25 46 28 134 27 46 148 193 135 85 64 40 153 9 120 79 143 140 85 128 182 87 118 110 35 151 77 154 111 93 159 149 192 75 199 158 141 156 168 8
136 107 111 188 196 89 200 141 46 61 84 50 19 96 117 128 104 132 124 84 56 153 168 181 76 158 169 100 3 181 183 132 148 113 170 191 22 162 153 99 28 194 27 42 97 30 163
79 19 8 193 160 18 48 133 50 65 157 145 98 69 86 33 90 190 101 12 113 7 10 55 178 97 112 186 158 133 36 188 43 37 35 68 88 41 6 122 137 147 167 128 33 113 98
78 96 64 171 69 23 112 3 188 59 182 119 185 95 132 26 23 16 82 167 76 164 158 107 141 61 50 46 112 187 83 143 108 73 20 81 96 79 182 21 170 26 55 106 133 177 29
35 197 157 12 24 52 37 124 157 190 113 82 83 10 36 87 92 172 11 69 67 130 160 40 30 44 66 196 144 197 147 80 32 161 162 19 131 160 120 86 83 1 110 120 172 3 130
178 157 169 93 77 156 178 89 163 46 163 106 176 99 8 63 168 100 123 79 75 132 41 173 1 99 52 186 141 41 187 151 180 127 197 80 72 112 8 48 43 142 28 39 128 101 27
186 95 61 124 62 107 82 146 23 54 74 112 199 48 56 59 53 183 86 10 185 96 24 68 91 156 22 29 133 118 113 2 81 15 91 97 152 90 56 47 6 78 118 48 32 159 140
72 76 29 157 187 46 129 23 81 108 96 121 130 164 106 195 60 173 130 198 69 82 119 9 185 56 136 101 27 105 171 95 189 60 153 134 109 160 82 94 25 91 139 177 38 89 56
163 148 64 73 138 91 188 160 131 71 114 95 164 40 186 63 146 73 79 39 112 173 193 153 100 122 13 21 79 167 171 145 95 170 82 176 110 193 64 195 14 80 66 50 60 111 30
11 80 11 90 197 197 145 77 180 126 195 63 127 103 177 17 81 50 146 147 24 40 19 72 147 53 140 125 16 38 99 126 160 102 29 178 108 108 180 26 39 8 103 150 154 28 136
66 152 142 167 111 159 86 165 24 21 114 138 79 52 104 127 66 5 180 136 30 80 9 119 22 140 178 132 17 135 2 21 164 196 146 46 159 131 189 181 38 141 155 178 171 169 191
