35
133 29 140 135 186 195 130 121 125 112 163 121 42 123 28 126 137 50 78 167 88 176 106 131 127 138 104 10 169 43 200 185 71 149 113
200 45 113 90 45 59 0 6 29 46 71 46 4 156 77 33 108 93 43 200 126 138 34 126 138 106 82 152 62 104 150 148 49 37 28
195 92 188 65 86 72 188 190 131 174 35 127 3 40 46 140 85 119 103 96 168 188 163 80 93 168 81 38 8 10 104 105 6 30 104
169 150 111 46 186 8 54 39 5 143 15 158 142 6 158 54 118 0 146 177 117 105 132 157 132 92 104 2 174 194 36 166 172 154 57
28 200 119 17 124 47 27 25 194 120 195 82 31 88 88 191 132 125 63 74 184 172 28 185 139 78 7 43 83 13 29 119 169 49 69
61 3 23 199 17 175 25 4 187 200 138 14 130 196 158 105 145 186 7 87 45 35 93 49 128 142 35 68 155 167 97 187 108 119 122
124 79 3 24 79 13 6 179 198 74 70 80 171 25 197 124 178 163 49 59 22 85 138 22 30 85 105 9 122 64 115 89 148 47 103
99 165 41 152 103 147 21 106 162 149 57 57 87 71 67 116 171 132 195 191 94 90 115 89 43 152 147 143 45 6 72 90 179 147 187
194 92 114 39 107 82 67 173 189 85 158 83 48 59 107 34 197 91 78 162 70 50 120 198 171 158 61 189 92 105 41 18 190 16 165
196 170 141 27 141 116 139 169 10 113 191 121 134 141 132 126 74 27 165 110 108 187 92 47 176 66 75 20 100 73 178 79 178 37 61
14 48 172 98 1 112 50 119 190 17 10 49 72 50 71 52 171 47 154 35 167 195 119 131 125 81 109 63 99 121 1 129 174 126 189
19 104 149 150 44 126 28 144 63 118 167 61 47 124 93 95 62 0 161 59 1 145 170 5 137 109 183 38 108 4 191 49 77 47 125
74 126 139 39 36 123 197 138 194 22 32 60 28 17 182 148 57 22 111 55 50 40 14 6 151 59 25 1 21 111 18 56 135 86 97
189 116 76 175 150 100 25 51 24 156 62 61 160 125 20 25 170 162 156 31 122 173 18 196 27 76 78 38 74 152 15 51 1 55 150
131 70 141 19 18 40 126 70 90 116 15 171 120 148 102 90 173 86 96 90 20 47 23 152 164 65 93 132 199 52 36 31 91 3 102
138 104 116 66 22 8 25 20 103 29 3 196 187 48 95 67 105 24 172 95 75 31 118 14 86 30 130 51 169 43 127 152 14 184 87
84 184 54 149 20 15 141 175 185 86 100 110 67 77 168 6 51 26 111 181 141 111 21 53 159 191 28 96 87 30 99 81 111 132 85
27 74 142 59 148 108 39 140 138 120 64 12 30 135 55 171 23 52 160 1 105 97 36 148 30 33 78 95 187 8 122 157 28 110 28
81 48 173 70 113 21 90 139 198 99 196 182 192 49 60 102 67 0 9 51 95 137 138 196 191 117 178 47 100 28 40 185 200 196 105
125 130 96 106 193 188 185 47 93 36 92 101 132 62 123 156 109 84 105 127 64 1 8 5 55 18 90 7 20 153 185 44 200 33 164
27 64 186 114 38 74 17 54 101 52 171 175 124 162 134 29 61 164 80 151 156 164 30 29 99 192 48 85 39 43 122 174 80 13 86
49 75 95 156 69 38 53 99 153 105 66 170 171 117 95 72 41 94 89 77 78 70 182 189 8 195 74 162 117 46 138 71 21 152 18
120 154 189 141 76 154 191 143 196 97 67 107 35 200 156 40 168 109 125 47 190 90 1 138 185 195 169 80 49 91 160 17 189 133 19
165 59 154 161 163 127 51 24 169 107 157 82 177 111 122 97 60 39 45 162 70 66 107 60 75 176 170 48 132 31 58 137 127 194 64
184 135 88 148 136 8 57 26 186 28 1 136 54 61 84 186 51 76 82 28 63 166 200 84 65 30 24 50 168 90 195 137 173 111 109
162 160 35 192 172 160 8 96 26 145 161 83 13 87 106 49 43 191 6 31 35 79 21 97 40 59 98 157 4 126 118 69 150 174 15
158 189 38 14 60 51 59 85 168 150 101 123 150 114 166 51 21 66 66 195 195 67 135 174 194 14 50 156 141 57 40 122 185 179 117
167 32 92 120 30 65 142 48 14 158 132 195 32 151 45 122 137 131 156 112 120 126 90 93 94 129 145 126 106 118 168 48 109 159 196
187 115 112 37 71 111 32 45 191 192 124 160 75 96 141 7 117 4 9 97 95 176 114 64 158 2 81 56 47 14 56 125 85 64 7
112 138 94 171 83 164 59 101 54 4 172 106 165 166 52 67 186 196 146 64 87 65 51 167 30 177 145 99 136 53 197 30 142 68 186
113 25 148 95 130 112 183 184 45 164 115 192 87 8 57 114 152 111 106 53 39 17 106 0 148 81 58 130 48 44 127 154 190 54 34
194 155 141 65 110 159 170 114 152 161 175 149 37 137 180 21 90 162 14 1 160 95 174 87 37 45 89 169 135 171 8 39 63 192 155
17 73 98 8 160 187 192 14 164 31 64 76 56 162 12 183 98 193 17 3 194 37 107 171 49 191 26 93 167 144 116 59 105 170 196
91 21 81 187 114 77 97 177 75 126 111 164 59 103 165 184 74 133 142 7 38 175 46 128 186 26 88 10 8 191 179 151 179 176 161
48 127 99 46 27 48 113 117 55 51 155 139 80 54 133 167 61 200 79 186 145 159 164 155 169 67 111 44 112 200 169 47 38 149 112
