26
3 93 78 109 54 135 111 59 195 183 24 176 125 92 164 157 19 82 21 172 103 75 132 195 7 55
178 43 124 181 40 45 3 179 67 16 59 124 149 60 26 9 128 90 34 180 188 86 170 184 151 151
124 159 19 128 114 0 123 150 7 92 1 112 72 130 169 107 135 195 122 159 38 180 92 32 27 12
51 39 188 190 67 161 115 91 92 7 29 165 109 21 70 178 31 2 106 120 94 84 119 108 190 195
47 100 89 38 62 197 186 158 129 37 153 200 93 100 141 6 54 153 72 89 30 24 118 0 149 86
87 143 95 58 50 97 50 89 78 145 156 128 4 7 93 91 135 188 148 50 105 100 35 100 35 169
90 149 49 127 7 91 148 107 138 98 91 182 98 40 130 138 0 51 111 51 118 90 93 45 5 88
81 65 27 141 31 104 29 92 162 120 65 129 116 61 75 127 89 194 113 0 75 116 69 191 44 162
153 44 69 138 158 90 189 142 36 2 63 66 17 87 49 114 193 10 25 43 127 113 77 134 36 189
76 36 167 139 81 159 92 187 69 3 191 181 166 2 85 22 167 110 35 133 115 79 45 144 108 52
131 111 76 46 115 191 74 160 178 143 122 172 45 18 196 48 101 134 125 151 9 37 194 194 49 124
47 177 183 63 198 63 162 141 119 54 172 52 9 47 64 49 150 83 134 70 44 88 124 71 66 84
62 37 112 162 130 90 5 46 57 9 95 51 172 48 15 131 54 142 104 106 93 63 8 162 79 36
196 48 72 84 131 167 124 78 83 100 112 72 65 98 197 3 174 139 36 78 30 130 92 120 155 32
118 172 24 144 171 146 196 16 190 115 33 121 85 198 137 83 32 54 142 147 127 195 72 199 36 1
199 62 40 189 40 90 76 147 54 46 42 143 179 182 36 46 20 96 90 69 97 180 86 169 41 121
32 123 57 137 180 166 101 142 179 125 81 61 103 106 150 169 145 178 113 72 133 96 83 137 38 20
49 199 17 67 15 109 12 38 68 117 88 151 150 102 81 182 183 190 172 20 133 144 107 162 20 96
132 125 53 82 54 12 37 20 156 1 147 192 150 180 88 127 78 166 59 34 37 107 92 39 142 161
177 59 40 179 173 176 48 6 134 62 0 140 169 145 9 20 172 123 142 162 190 154 175 77 173 111
99 78 54 14 181 36 118 76 29 177 97 153 110 27 31 184 55 76 155 22 118 100 92 170 82 159
109 162 124 0 198 95 91 98 12 71 27 99 10 81 112 79 19 14 13 131 107 46 186 69 112 157
63 111 54 82 54 61 190 5 97 4 64 63 154 14 163 128 153 142 22 66 16 144 174 39 0 136
185 88 35 68 29 164 78 68 34 92 174 39 58 152 19 5 72 93 198 197 200 12 41 22 81 179
168 199 10 92 113 27 39 57 98 0 57 166 46 67 173 181 153 63 183 17 108 115 141 157 3 177
2 68 21 20 14 67 95 136 200 37 174 61 108 167 38 93 102 62 197 122 192 84 100 140 145 121
