35
16 86 193 56 6 35 116 152 34 93 166 25 63 14 38 84 80 93 110 193 124 129 169 132 197 135 185 61 104 95 72 148 54 71 6
187 198 167 142 115 83 183 141 27 134 103 30 124 50 140 167 172 84 84 132 91 184 150 84 13 168 132 96 71 65 159 136 188 37 95
108 159 109 168 49 86 170 118 139 155 1 72 132 11 130 188 113 74 71 165 144 186 177 32 163 22 199 200 170 176 16 50 191 2 186
110 135 157 155 57 49 3 186 93 134 18 13 200 12 34 115 13 179 26 134 176 162 87 88 31 126 95 178 140 84 19 139 73 178 91
18 66 58 83 7 119 163 38 63 148 184 118 149 62 172 19 169 110 47 135 81 58 68 20 172 121 19 167 27 83 129 97 39 10 80
197 199 90 23 176 19 149 98 190 174 182 26 148 32 59 83 141 10 17 119 2 199 49 106 90 175 102 25 169 77 188 126 54 146 89
86 64 196 175 5 85 86 154 68 153 112 40 50 191 16 119 89 188 105 73 107 72 166 27 6 45 178 106 10 54 52 24 105 127 53
56 68 174 148 126 75 139 179 176 40 31 26 81 177 155 143 160 37 151 189 106 68 99 134 157 149 76 53 90 194 149 161 89 108 39
49 190 20 189 175 197 103 81 159 182 66 181 101 197 34 171 123 166 34 76 154 188 179 148 184 193 196 85 15 192 114 171 132 51 188
198 66 199 166 134 149 175 59 126 129 145 99 74 157 147 19 7 122 59 137 39 82 128 173 62 16 139 181 154 169 172 0 155 194 167
75 83 73 31 114 49 191 131 130 100 126 152 146 76 53 196 83 187 96 173 38 48 182 94 157 6 153 65 13 130 56 168 133 37 32
195 139 73 130 21 30 83 140 86 116 67 169 136 30 155 111 114 54 53 24 7 126 93 144 141 160 191 195 151 120 28 56 76 31 111
105 170 35 196 128 19 169 145 143 66 35 77 163 151 95 196 24 97 190 3 195 15 181 129 71 68 30 155 57 61 164 198 47 138 91
164 182 123 180 44 166 14 107 103 64 174 37 72 186 61 14 90 191 56 78 112 174 142 148 174 5 13 11 65 69 125 23 127 179 15
104 33 185 158 143 144 162 149 21 65 103 112 120 9 130 41 127 48 164 41 114 180 158 168 146 98 68 120 126 152 164 121 128 193 131
98 113 126 129 191 162 183 17 68 171 138 136 190 136 63 174 15 175 46 40 107 120 148 29 8 25 73 142 79 86 26 13 8 115 105
115 133 34 103 198 100 58 188 124 55 66 197 66 114 140 141 151 166 167 86 85 159 140 78 200 62 105 32 11 48 46 18 30 100 103
25 168 158 99 34 30 15 34 0 161 113 104 96 0 89 45 5 90 39 159 192 35 63 194 192 42 185 16 157 50 43 98 27 34 4
53 182 102 160 0 132 150 86 38 46 28 64 84 134 27 102 27 136 12 54 195 159 54 104 18 96 167 164 168 191 175 9 113 78 42
195 130 182 152 118 159 16 162 135 7 5 31 72 57 92 15 123 119 75 103 164 172 55 184 45 7 185 162 133 62 73 99 165 131 112
132 73 159 42 123 124 21 173 101 44 153 104 46 72 42 122 91 192 118 58 19 16 81 69 26 118 61 130 176 27 191 108 32 154 155
38 133 127 99 114 4 41 113 3 170 17 63 122 112 147 39 48 92 160 161 55 182 98 164 42 68 10 137 82 9 155 75 132 96 97
183 117 166 150 6 126 183 178 33 121 87 22 70 90 26 106 135 86 196 104 85 65 189 8 135 18 52 147 163 177 142 35 100 9 123
164 188 32 10 43 100 64 49 67 78 51 21 23 90 66 53 52 86 20 76 118 165 69 81 127 40 114 140 10 122 184 112 142 149 97
53 169 107 161 95 195 155 101 146 23 166 134 167 182 68 177 76 40 71 173 70 194 27 88 108 125 70 198 52 103 0 70 78 179 82
152 165 19 163 179 132 60 200 148 166 19 104 140 8 10 106 134 180 23 141 47 71 122 95 153 198 156 81 194 131 36 39 3 124 196
162 115 97 32 79 19 139 10 117 72 198 14 11 72 51 142 32 168 80 13 83 38 169 172 124 35 97 160 156 43 175 101 8 131 16
121 118 92 158 200 100 61 62 92 49 160 83 74 19 28 40 103 179 193 64 6 195 162 0 151 180 142 110 10 71 151 118 16 33 191
118 26 168 157 181 70 200 62 156 88 57 13 109 10 135 123 164 128 9 166 73 148 146 109 61 132 30 75 157 35 143 151 138 141 2
113 129 142 126 124 128 59 16 192 111 69 161 91 194 29 103 57 55 189 18 85 80 28 77 197 37 74 22 123 194 40 171 200 38 24
64 54 58 146 9 85 90 82 144 89 60 96 24 113 156 92 91 30 195 54 43 86 58 89 109 122 0 118 35 126 156 35 87 134 73
161 196 53 111 3 26 154 167 189 124 7 123 40 74 49 144 0 114 100 15 194 15 74 9 184 196 38 109 159 74 29 112 40 116 87
11 32 197 49 183 168 103 86 195 164 125 53 147 51 17 8 52 184 59 22 166 57 195 92 42 141 143 109 36 112 42 135 166 49 23
38 8 186 196 164 71 54 23 195 97 62 171 156 155 169 29 171 113 122 113 67 148 172 57 145 131 139 133 62 101 72 14 116 15 186
172 69 26 140 200 23 180 59 12 11 35 179 146 106 80 4 171 139 80 102 83 54 123 43 31 103 93 9 164 109 142 123 153 103 29
