100
74 118 32 122 147 178 174 69 55 48 17 89 123 139 185 43 84 99 73 42 106 104 176 72 29 175 175 151 169 166 9 198 4 181 130 127 157 163 180 47 133 185 152 111 151 107 52 63 104 141 200 61 67 72 118 182 21 94 188 35 87 143 150 109 102 68 198 36 85 81 160 123 199 64 135 57 192 51 106 54 110 59 175 95 30 63 31 41 43 58 2 56 55 75 85 150 79 39 82 4
118 31 17 20 76 148 160 200 96 150 134 37 138 112 81 53 60 164 109 55 109 157 88 128 122 89 165 48 186 164 163 186 154 112 125 129 196 64 63 38 164 191 82 179 175 159 81 173 9 72 79 116 139 1 171 18 9 79 167 78 69 161 59 186 121 20 129 189 117 120 66 116 42 26 10 102 63 108 99 124 134 14 191 172 137 41 122 185 124 123 32 54 57 137 2 88 70 47 62 153
192 95 21 10 99 12 60 122 67 199 109 64 85 146 84 40 43 8 88 154 59 173 140 35 176 198 53 188 191 75 60 154 41 165 6 167 197 21 116 33 140 39 140 79 44 72 76 79 141 86 59 59 106 50 109 180 65 171 167 50 99 186 52 54 14 9 197 79 195 69 104 20 33 190 121 74 145 175 78 171 189 101 178 46 117 186 42 127 93 145 104 90 190 150 116 191 138 86 200 6
17 21 60 199 139 59 137 28 155 178 170 74 18 197 163 174 172 129 21 181 148 157 101 142 28 200 41 121 39 108 81 179 189 177 114 169 134 16 160 183 119 20 10 108 130 104 189 124 45 123 64 71 191 86 37 59 6 104 100 44 130 39 38 7 124 94 19 1 113 110 186 119 83 124 136 0 108 39 82 157 147 191 111 61 67 145 39 194 68 74 38 189 29 26 29 61 121 148 58 167
51 71 114 148 86 147 73 85 118 48 55 77 180 140 156 20 66 66 52 50 91 36 146 94 187 128 47 193 169 117 24 98 137 60 161 61 67 101 43 2 176 28 24 53 124 173 157 12 154 88 161 132 55 38 69 143 85 53 159 87 115 122 182 95 98 47 5 142 165 165 46 181 190 51 8 116 56 25 126 114 82 193 71 81 116 41 122 124 160 104 190 179 108 106 194 76 7 95 2 88
99 82 69 180 179 34 156 34 148 78 174 95 79 83 170 197 185 117 84 52 113 102 73 95 190 170 33 147 158 21 129 19 9 74 40 36 79 28 66 58 126 43 3 22 26 50 58 125 138 162 93 111 61 63 118 4 69 95 141 144 79 132 146 71 1 78 41 109 165 124 37 65 119 162 164 170 81 36 111 115 76 37 5 53 118 33 176 65 149 67 33 196 117 105 98 172 171 196 128 8
20 64 105 13 195 24 108 94 33 181 133 90 35 16 75 124 190 92 153 107 200 177 57 109 196 108 138 95 157 1 33 180 141 67 79 126 12 4 0 181 78 53 121 108 67 164 150 26 58 136 145 133 123 56 7 19 34 114 33 59 138 153 32 184 102 99 115 30 61 108 191 157 86 154 131 149 65 158 139 160 177 87 133 156 170 173 85 58 10 189 53 142 72 19 177 13 171 120 179 141
101 179 184 173 56 10 163 43 145 58 135 105 145 96 190 37 150 104 83 200 130 109 195 104 9 166 137 165 37 53 15 189 27 20 67 61 133 135 148 149 87 93 12 123 79 81 130 196 14 40 95 97 39 163 88 147 130 135 29 82 56 3 118 191 51 52 175 66 101 25 13 190 126 104 57 83 166 61 117 69 91 161 26 90 168 199 24 136 156 66 190 90 106 41 114 143 9 23 193 158
62 149 194 152 0 139 68 12 181 132 82 78 37 125 46 53 33 84 47 143 29 28 32 67 51 34 168 87 71 29 107 176 190 45 126 38 168 175 131 52 87 160 182 38 180 137 73 193 121 10 198 169 97 164 65 95 188 30 73 101 117 125 186 187 32 110 136 118 55 149 156 16 12 40 118 156 55 63 131 101 153 73 141 137 83 108 60 56 47 41 149 199 164 75 27 130 193 173 117 49
44 133 122 112 59 195 67 161 24 128 172 121 190 154 194 187 126 84 82 92 172 181 158 107 37 108 11 184 175 71 117 0 153 156 36 3 133 185 61 4 110 47 82 111 57 198 55 28 99 197 167 12 42 9 75 124 121 179 10 186 60 29 3 173 49 127 35 29 29 125 38 68 90 40 43 135 43 193 192 109 25 54 66 197 21 173 139 44 171 74 6 148 74 88 113 56 29 29 100 48
56 172 198 2 85 166 35 136 176 117 14 8 37 101 115 79 152 27 114 127 115 97 95 198 131 10 142 70 102 167 182 93 136 67 139 28 116 46 15 99 153 179 176 133 181 190 26 70 137 54 147 185 195 99 173 26 68 147 40 155 80 171 22 39 126 193 58 27 98 46 97 28 32 38 133 119 194 27 28 103 64 150 98 171 110 44 131 165 189 190 177 57 53 125 39 200 142 124 28 175
195 115 7 64 19 146 125 86 47 169 124 42 115 116 95 99 51 47 128 49 115 177 15 114 91 114 18 155 26 149 11 177 50 144 122 33 30 66 182 24 111 37 128 31 82 84 62 33 142 169 34 178 27 3 115 8 133 31 155 121 150 144 119 180 198 156 14 200 115 86 45 30 138 82 146 44 107 89 118 92 143 135 99 20 101 198 167 93 165 18 183 14 193 123 83 151 128 45 184 113
83 50 1 31 18 180 186 85 167 54 175 76 89 117 146 176 170 196 114 29 99 87 189 149 48 171 63 195 49 50 150 49 1 102 196 23 27 42 93 39 49 109 171 179 187 164 171 1 132 150 182 116 76 198 79 40 18 108 165 128 86 119 56 56 152 120 85 42 37 163 68 152 139 17 171 132 103 188 145 110 80 78 94 57 104 34 120 128 144 50 66 105 63 116 135 30 134 189 119 15
73 117 45 74 161 3 2 91 33 153 93 122 111 168 173 37 196 103 50 148 145 33 119 100 141 12 0 197 181 0 142 9 137 151 113 85 188 154 86 172 125 82 165 117 28 125 11 54 115 58 175 189 187 158 135 61 5 109 22 68 140 31 42 90 13 102 173 0 31 197 57 70 14 161 185 81 102 157 114 91 19 175 101 91 184 117 24 17 27 62 177 98 104 145 101 151 169 126 54 187
200 100 127 38 172 129 175 13 79 142 119 36 8 175 5 75 36 85 139 41 109 60 179 15 104 124 120 47 5 99 124 37 107 34 50 119 111 97 39 58 72 179 140 4 188 26 89 184 175 181 157 193 3 182 61 80 28 29 142 8 59 131 197 13 73 192 200 195 128 88 1 111 61 47 166 99 20 123 146 98 48 156 85 174 76 157 180 76 169 154 140 120 11 187 1 44 182 49 16 156
23 193 183 16 73 69 7 57 173 4 32 185 110 104 14 135 77 92 103 89 169 78 85 100 193 144 194 79 41 157 67 119 142 140 149 106 55 34 170 127 5 45 89 181 153 27 2 95 134 130 82 118 182 28 38 64 145 22 11 159 73 176 94 82 102 39 168 114 3 191 54 28 43 173 116 16 49 85 192 72 171 112 98 55 151 138 111 147 196 92 45 13 95 148 9 130 78 181 91 46
117 121 179 60 149 105 48 4 188 115 126 154 114 51 83 70 13 127 53 192 170 35 64 143 5 36 46 1 17 28 117 99 68 12 175 135 144 80 195 115 19 9 4 142 120 40 133 163 15 17 154 86 189 115 35 107 71 87 32 182 141 93 147 78 1 144 177 190 84 94 153 114 89 192 65 102 187 197 57 150 148 168 68 102 14 61 75 130 194 151 42 1 51 0 62 137 190 119 41 177
181 172 8 25 86 186 115 118 27 94 149 19 139 163 39 153 73 111 157 192 71 86 178 177 192 181 167 79 149 39 132 167 197 184 22 121 159 27 131 12 45 188 104 93 7 95 168 5 188 122 23 28 34 163 26 29 89 194 199 136 138 75 169 52 26 168 71 51 158 6 184 1 76 43 178 151 176 10 155 181 168 103 138 194 45 0 136 128 174 58 105 92 85 98 153 163 185 57 102 110
31 191 131 79 34 77 81 140 132 180 194 196 104 72 70 110 7 82 62 88 160 34 134 61 18 12 78 57 83 92 40 173 15 93 185 110 97 111 153 199 159 195 81 68 46 84 24 154 196 174 106 76 120 125 184 108 141 159 55 4 166 175 78 137 108 96 66 30 186 60 101 174 74 80 85 106 35 130 186 5 191 7 187 7 184 120 22 95 180 39 137 25 85 146 0 150 116 88 31 181
137 70 18 26 86 167 125 175 97 159 2 11 85 39 155 185 141 4 152 7 183 2 87 145 151 48 134 186 43 126 173 171 17 100 199 105 121 139 138 117 143 99 131 32 139 102 10 159 94 147 140 59 17 172 80 95 20 30 51 96 80 65 142 196 7 59 58 2 155 45 114 27 83 183 191 17 180 149 136 118 0 3 158 199 101 150 132 178 134 157 6 140 68 156 30 37 28 8 189 58
123 55 178 197 24 120 157 158 147 76 147 108 56 101 46 104 52 167 0 33 68 147 99 161 199 35 141 166 100 103 16 119 139 32 117 135 48 25 75 137 186 113 128 49 53 29 136 107 119 3 114 42 28 13 145 99 35 97 77 106 68 100 162 18 99 52 11 61 189 122 198 74 64 138 23 52 126 88 73 134 52 64 175 24 195 89 197 76 122 96 167 173 196 171 86 15 145 87 0 98
153 71 105 197 34 151 3 12 143 38 33 154 46 115 65 156 37 171 37 132 131 158 137 116 139 6 151 178 57 23 193 199 117 18 44 32 154 182 123 125 119 35 194 105 113 93 140 89 20 120 69 139 56 152 118 5 50 108 26 172 125 33 181 5 81 181 36 172 158 68 178 101 97 200 176 155 191 21 195 9 41 114 134 158 155 154 3 27 148 115 104 180 26 188 163 104 15 76 91 145
4 193 81 175 172 55 39 132 45 28 59 121 144 197 109 35 17 81 197 75 83 16 113 34 183 96 97 98 109 78 31 200 64 70 197 113 92 73 84 32 193 40 113 169 49 43 198 170 172 39 80 194 164 116 195 18 148 64 109 180 70 66 20 121 147 14 17 9 155 35 22 122 18 131 62 92 177 44 130 145 127 182 119 19 95 95 125 81 15 58 123 182 12 108 130 95 52 19 177 59
177 182 48 188 20 130 153 59 97 171 8 191 152 84 7 48 195 145 168 114 94 93 41 128 143 105 143 82 136 77 113 74 145 166 2 11 123 188 87 59 14 12 69 1 94 34 0 138 131 61 131 49 126 129 43 71 106 94 195 130 80 18 106 140 150 146 34 122 36 64 84 62 89 177 70 158 141 73 92 159 37 66 171 170 124 117 163 49 107 136 68 72 129 193 163 186 194 198 153 184
114 118 89 41 38 179 54 15 127 107 106 143 16 188 194 47 118 173 116 106 186 117 175 14 29 170 12 128 105 55 3 3 192 187 184 168 152 23 1 148 122 18 22 129 55 137 102 108 200 128 37 62 47 170 165 98 1 80 1 179 63 139 193 161 26 147 10 164 11 62 90 66 40 166 68 84 156 145 83 95 45 154 4 68 50 25 187 158 196 83 115 171 10 60 50 16 192 33 106 7
35 44 152 183 90 159 170 160 64 101 63 37 143 98 100 103 76 76 178 5 69 59 85 83 26 40 32 39 197 114 8 110 5 141 166 138 74 62 122 93 108 117 94 81 172 105 189 145 79 110 106 30 134 76 22 156 83 46 168 113 109 0 86 78 127 165 180 139 137 123 91 106 162 49 119 10 194 81 75 170 70 133 55 151 170 10 192 86 88 37 106 164 158 110 61 195 55 53 110 50
6 144 166 30 108 19 106 109 138 63 66 44 83 162 64 100 32 139 171 40 192 2 179 73 117 193 189 69 48 106 190 133 13 5 11 130 55 48 22 182 12 148 32 20 145 9 18 100 161 49 43 42 93 49 92 39 118 53 155 123 73 68 166 116 54 47 43 118 77 29 190 157 36 168 49 179 161 14 32 35 64 186 51 188 179 78 164 163 69 139 116 8 192 187 42 41 70 143 150 40
55 88 77 134 161 168 55 171 34 199 193 195 128 20 73 146 123 115 39 61 56 168 74 85 122 177 101 168 69 138 52 42 107 30 115 128 144 1 5 105 95 18 123 129 167 122 128 98 164 2 59 6 129 94 90 82 84 62 59 56 145 123 37 165 137 65 69 39 112 189 110 167 99 108 182 51 69 9 136 138 10 194 108 168 7 174 71 76 191 119 94 46 125 188 87 170 63 105 58 189
188 122 151 121 20 124 121 58 188 32 115 188 3 178 185 95 121 122 138 101 113 2 8 78 126 45 62 148 79 115 51 14 133 7 105 114 80 54 25 24 14 122 158 159 5 57 139 85 64 47 11 90 175 10 83 130 54 46 104 164 35 121 5 111 190 190 168 39 157 59 27 165 14 62 138 45 121 35 85 65 8 103 180 169 193 152 30 155 191 22 126 137 70 65 64 90 115 11 169 50
128 144 164 157 17 119 34 148 147 175 27 183 107 112 96 76 50 75 155 133 59 108 53 68 71 37 158 106 116 149 45 87 118 174 171 135 165 190 19 88 162 9 29 67 69 96 37 162 93 155 40 110 89 118 20 188 41 28 194 136 4 81 170 27 88 69 33 9 111 5 63 3 54 193 61 68 165 19 67 199 66 69 25 61 80 197 155 156 110 80 3 11 74 76 19 75 120 184 141 28
141 52 16 35 112 76 154 164 54 49 54 43 127 33 48 58 169 111 130 41 105 164 152 166 60 88 4 110 50 153 191 102 152 70 16 127 2 131 173 19 182 197 73 92 112 181 27 73 44 45 44 53 103 132 98 128 172 135 109 130 77 177 132 72 54 21 0 14 77 158 178 61 196 45 17 65 12 144 136 108 65 0 196 96 99 155 69 19 154 194 73 82 25 62 35 113 141 54 122 22
135 159 45 161 30 142 37 50 81 43 141 11 198 55 156 19 17 55 97 104 0 171 55 179 200 172 40 69 79 170 3 184 36 112 51 132 19 193 134 13 165 27 114 43 73 136 72 23 121 21 24 102 105 28 166 30 112 136 11 198 78 170 59 127 65 195 60 159 59 135 124 70 76 92 190 54 42 15 52 60 124 49 198 48 123 145 89 139 158 98 194 28 55 72 47 54 50 93 2 84
81 98 140 79 143 196 54 101 62 191 120 27 57 128 121 133 163 153 117 52 129 13 23 125 66 7 99 184 159 164 151 118 90 37 31 72 53 180 146 193 171 71 178 103 4 120 0 36 131 157 172 132 121 59 127 167 140 138 176 5 178 113 27 75 33 53 50 165 15 142 52 56 145 198 161 52 172 147 145 196 188 167 181 49 8 38 6 56 124 13 96 147 106 17 75 34 98 95 22 123
178 165 136 105 114 108 103 45 166 164 32 175 199 14 9 171 81 37 200 88 177 58 193 143 34 2 52 110 179 46 186 138 42 22 168 98 64 11 18 133 184 163 140 12 4 180 89 115 99 189 76 130 65 127 141 94 153 105 44 192 181 23 94 44 148 189 103 80 139 134 20 95 161 65 18 64 102 78 179 142 74 167 187 77 194 88 171 105 144 115 121 196 83 130 146 85 191 150 61 134
81 105 192 21 56 19 77 147 96 44 69 106 172 139 130 13 59 121 52 39 177 62 169 11 152 183 8 59 200 16 33 77 106 134 120 76 33 85 67 104 192 55 161 94 173 31 10 55 120 23 17 35 9 143 27 157 9 81 186 16 118 33 101 170 119 87 113 21 152 94 7 4 13 182 181 169 44 9 19 6 146 98 134 164 109 28 200 17 21 178 176 182 15 144 155 116 156 96 32 129
69 35 100 45 63 97 122 65 76 5 156 13 89 41 64 75 149 11 9 10 117 127 51 158 127 187 11 106 118 30 48 114 194 121 191 152 37 50 177 200 192 192 194 91 72 79 149 84 100 12 23 114 188 63 190 62 51 126 155 38 56 5 20 69 47 181 4 121 8 1 77 29 0 46 8 45 9 173 101 99 20 173 158 132 104 96 81 67 97 113 64 15 199 42 176 89 176 194 21 85
113 169 28 82 198 115 70 12 66 193 70 120 130 0 198 77 86 191 54 122 115 120 90 110 99 136 20 66 7 73 12 149 102 108 101 106 8 89 114 88 185 150 199 14 187 190 106 59 77 9 118 134 91 145 91 116 58 119 142 135 17 16 170 98 48 105 186 144 50 159 7 143 170 99 100 95 58 122 153 41 23 76 148 46 121 80 43 118 160 44 154 39 195 118 165 6 118 5 76 164
19 149 14 188 182 68 98 31 9 91 76 177 197 25 6 95 84 78 160 33 113 130 72 129 41 113 123 159 193 98 129 180 54 118 55 33 152 34 26 193 192 33 22 172 11 43 183 140 193 158 96 117 97 185 159 130 191 177 181 81 24 133 109 65 149 48 179 69 38 96 85 145 179 198 55 85 30 30 15 90 3 133 84 66 62 135 36 89 136 86 199 26 169 56 123 56 120 172 172 64
194 186 49 174 83 41 45 45 193 38 34 39 196 4 198 151 89 150 45 197 147 197 26 200 19 40 72 3 180 190 11 154 44 3 156 145 142 199 144 19 199 192 19 135 23 47 77 118 170 44 150 8 65 143 146 50 168 32 165 40 18 57 150 44 88 122 34 58 36 95 132 15 21 138 105 21 111 111 164 101 80 122 0 91 12 193 92 153 129 144 34 26 107 181 199 33 133 147 25 145
37 125 161 90 105 118 67 16 158 65 124 188 169 192 157 70 145 87 61 59 3 92 198 18 162 78 184 16 26 41 51 119 83 92 177 187 196 42 39 64 139 40 173 197 44 137 36 93 173 102 20 129 70 86 21 175 146 121 131 146 143 82 125 62 106 192 94 175 83 184 183 190 6 5 95 11 29 14 168 191 112 122 15 75 74 41 40 181 27 100 163 91 180 147 119 64 197 41 110 160
121 52 155 62 128 140 37 83 74 147 27 182 36 114 161 142 81 20 108 90 122 53 15 99 17 119 108 99 153 50 174 105 100 43 4 145 55 41 74 73 104 130 96 131 106 26 198 86 120 59 45 45 181 64 112 150 192 37 107 102 145 145 100 192 13 103 159 34 147 102 9 170 112 159 73 167 52 42 18 47 142 97 135 148 86 74 131 77 54 80 51 99 196 91 90 151 106 112 153 151
166 4 79 12 172 3 182 69 0 117 128 10 185 183 192 46 45 136 0 110 136 171 0 97 88 7 97 46 35 178 127 78 74 176 149 53 138 189 116 55 70 85 6 25 109 37 62 143 9 200 27 93 175 172 3 124 186 16 21 120 71 98 86 6 51 176 146 17 103 134 31 168 193 79 101 29 187 72 190 170 10 116 132 155 82 89 95 6 107 95 94 90 117 141 143 105 0 155 128 126
172 36 167 42 8 50 137 143 188 15 164 162 104 32 6 19 149 6 124 72 39 62 1 92 4 10 188 37 153 57 151 125 128 51 157 131 98 146 158 61 82 170 133 76 107 139 121 133 110 35 160 37 59 171 34 54 162 194 133 166 168 81 150 193 111 127 119 103 29 25 66 134 144 144 75 105 140 180 196 51 25 61 32 66 24 39 153 184 133 2 54 46 12 174 16 185 113 19 172 80
43 126 175 39 27 44 9 138 152 108 13 134 31 94 188 170 105 175 81 140 197 144 188 25 144 176 158 16 128 179 1 100 141 193 12 34 71 184 38 152 192 96 75 114 49 38 112 39 107 160 47 54 9 48 34 135 21 87 141 187 83 142 194 156 199 139 25 10 141 85 183 18 125 75 70 145 188 78 178 36 20 184 137 67 165 30 96 125 82 5 110 183 141 158 168 189 183 89 84 91
102 47 132 106 91 150 155 119 166 2 86 160 19 94 13 149 64 128 41 103 84 49 21 61 78 7 93 39 148 32 97 162 103 101 152 194 46 146 121 158 66 85 85 91 19 171 72 162 121 150 73 40 44 157 115 145 99 48 76 6 75 72 122 146 163 153 122 90 108 63 185 162 200 35 102 193 83 110 13 199 11 135 99 168 31 36 93 117 190 199 155 70 123 131 57 197 25 141 132 181
24 52 52 185 59 12 167 58 31 10 71 11 92 12 90 5 115 188 175 141 190 131 109 30 146 97 22 196 102 193 58 48 100 85 67 98 119 71 10 90 110 108 88 42 152 186 171 54 158 129 45 152 192 15 121 174 69 70 160 33 100 87 82 168 197 115 149 6 80 131 111 20 21 107 11 26 168 147 46 147 21 6 170 80 193 175 99 109 56 69 198 85 166 129 104 151 140 130 195 113
37 0 175 135 62 160 187 109 111 32 79 184 82 81 132 184 79 114 119 77 40 124 91 189 153 137 56 121 183 113 80 123 194 27 116 177 71 88 106 151 54 176 107 56 29 6 179 173 57 148 37 122 70 1 172 22 36 118 126 33 14 142 31 78 112 10 25 98 134 51 17 95 139 30 77 45 43 93 102 186 180 65 18 97 103 171 81 148 115 39 106 130 97 38 35 12 53 52 2 187
31 196 112 67 75 129 25 114 169 86 159 168 142 11 180 42 147 72 26 20 191 24 79 56 195 74 173 57 152 81 64 126 147 186 36 53 128 140 89 152 152 72 34 0 22 200 26 107 97 72 1 102 77 120 111 153 115 194 25 19 198 137 177 88 113 39 32 27 142 172 1 92 9 37 157 12 52 187 10 105 176 145 90 130 146 101 92 146 190 102 100 75 181 115 137 47 182 183 171 121
18 14 4 105 41 154 52 38 46 131 72 113 43 65 157 98 44 142 73 40 82 151 30 20 140 143 124 3 40 180 124 181 44 61 17 199 9 116 180 28 141 170 99 51 3 168 30 65 42 62 197 56 35 130 125 95 75 88 104 83 171 11 180 84 6 2 48 33 104 76 74 11 169 23 11 92 78 61 71 158 80 49 199 142 187 51 51 10 108 91 3 102 150 36 173 119 170 1 107 45
170 118 75 146 27 97 23 196 181 44 35 75 123 131 107 41 0 84 168 186 61 78 69 120 7 164 128 166 176 82 94 27 6 40 8 176 143 112 51 95 31 170 122 99 94 70 54 76 60 36 170 59 132 121 162 122 171 166 176 103 139 24 29 64 182 161 188 74 55 87 163 136 127 38 102 146 31 119 141 30 90 147 62 64 35 147 80 45 195 77 85 176 146 4 152 167 91 123 13 134
188 88 19 88 98 107 26 178 104 173 48 152 62 200 153 176 156 38 200 29 124 43 37 177 32 189 23 33 3 174 125 126 106 41 176 188 107 118 134 147 132 149 200 66 86 110 26 102 142 152 72 101 95 38 57 72 37 118 184 115 82 66 133 72 106 159 192 114 117 47 179 7 196 186 64 5 104 120 176 160 22 131 91 192 120 158 132 92 83 45 24 186 193 23 138 176 113 150 144 19
17 93 169 42 72 139 79 158 70 70 17 168 44 59 187 13 35 185 176 200 140 80 109 170 150 151 88 144 51 93 98 36 34 39 173 188 151 114 180 167 25 199 143 50 167 8 145 124 9 117 172 185 175 139 79 135 15 193 128 100 177 170 40 62 140 3 20 81 186 195 163 94 29 65 98 75 195 9 28 14 18 156 158 153 125 148 41 57 192 147 84 185 193 98 23 65 111 191 70 82
149 160 170 16 122 107 130 68 168 29 3 67 5 23 136 52 144 63 2 185 150 78 199 18 176 112 44 146 181 184 12 12 57 192 115 80 173 49 195 181 123 149 27 41 182 163 24 148 4 191 157 82 26 48 137 77 104 73 152 45 21 62 5 116 155 58 120 36 78 52 79 63 126 145 7 17 110 24 45 82 144 45 29 10 3 147 22 102 162 55 73 163 79 183 92 121 45 16 31 129
144 34 82 85 22 70 104 59 117 154 90 134 98 2 17 1 182 73 194 73 107 101 73 71 48 196 4 167 110 148 174 180 108 167 153 25 186 25 91 186 98 30 166 143 69 36 145 121 97 180 80 119 117 6 154 53 10 157 117 50 192 57 137 0 37 167 9 198 135 93 89 183 153 150 196 83 181 135 192 38 181 89 88 176 185 197 162 79 57 149 172 57 151 152 84 12 125 111 171 160
199 114 38 85 194 195 66 140 14 40 80 165 64 119 97 44 61 166 10 66 78 162 42 143 165 5 124 192 14 181 5 47 68 188 132 10 122 16 108 25 153 102 190 148 11 173 130 74 115 107 2 8 69 31 110 97 71 20 199 95 17 0 116 149 16 130 189 185 1 61 27 46 37 29 136 103 135 18 30 99 30 189 20 26 79 138 59 57 58 128 177 198 17 164 29 126 23 158 118 89
156 186 19 153 68 12 115 156 99 96 94 139 91 121 50 158 70 0 98 21 107 48 59 154 100 10 120 35 156 136 44 64 61 115 156 110 138 98 108 11 198 157 72 21 10 89 188 111 184 64 60 51 143 135 55 76 21 32 184 108 65 31 49 93 6 146 154 185 75 3 8 107 14 165 10 178 72 73 57 117 36 26 31 153 92 46 11 68 94 195 5 86 142 29 45 110 80 165 46 78
26 117 151 58 154 57 15 120 100 125 134 2 9 162 141 15 110 82 96 15 157 152 68 65 164 46 119 30 196 82 127 80 15 113 113 72 196 12 70 132 13 135 129 136 71 111 52 47 19 199 54 119 125 85 125 159 90 176 63 75 71 138 140 1 99 84 169 182 192 179 142 69 170 36 20 136 82 17 8 44 111 47 193 62 182 12 9 4 108 3 66 116 88 178 1 180 104 127 80 112
158 141 138 25 175 116 64 127 61 48 104 54 6 180 155 51 27 55 95 137 99 129 85 119 184 35 157 182 168 152 8 44 143 22 69 113 147 192 1 30 79 72 196 133 36 161 115 114 159 166 71 127 164 21 188 8 48 104 131 34 69 102 48 81 82 77 163 79 34 19 93 48 14 194 75 63 78 79 139 13 122 138 58 73 163 12 99 53 61 188 123 101 23 74 44 143 12 162 16 100
6 32 20 12 128 165 53 10 60 78 111 191 59 62 73 108 53 56 177 37 43 162 161 197 59 150 128 174 39 2 19 45 114 75 81 183 183 160 162 67 152 131 157 172 83 120 177 64 142 10 191 150 25 33 187 170 174 66 184 121 91 145 88 85 64 88 137 13 27 180 139 51 169 91 183 81 8 45 54 67 163 54 180 167 72 30 170 133 17 10 71 137 143 5 129 42 20 163 143 85
70 69 9 182 79 103 52 52 146 45 88 94 179 160 11 57 166 63 7 123 12 2 109 172 103 109 32 188 154 53 82 195 185 25 39 183 48 94 97 22 63 116 90 53 96 81 128 31 136 184 194 52 18 0 149 153 140 62 147 2 83 26 14 0 150 1 81 55 67 100 127 11 30 3 99 24 55 185 89 130 13 156 184 195 94 98 2 168 180 54 50 153 79 153 4 72 188 123 41 67
161 109 130 142 85 105 101 22 95 139 16 123 121 147 21 3 65 152 35 147 154 3 158 131 0 26 160 35 173 144 173 153 133 155 96 126 169 25 115 184 154 131 94 182 194 84 53 157 39 45 107 66 60 27 108 173 185 41 142 190 2 189 154 166 16 166 138 189 78 172 70 51 150 174 140 60 136 103 173 50 164 170 175 97 7 114 193 110 8 8 145 137 16 60 108 176 97 190 46 118
125 195 114 38 158 157 33 61 7 149 195 113 68 165 160 34 121 70 10 24 21 34 58 27 60 176 167 84 35 42 47 120 51 95 7 83 155 27 85 75 183 144 17 114 149 74 53 43 167 79 77 55 22 106 188 6 178 148 37 32 50 188 119 16 130 57 146 54 78 4 32 165 126 14 14 131 122 7 74 122 119 109 94 117 135 89 17 127 75 97 155 100 200 157 48 10 81 145 156 26
161 55 76 58 122 187 2 34 196 199 35 97 101 114 42 123 188 84 13 126 186 126 6 96 30 140 156 1 139 62 81 197 66 16 33 7 10 103 57 50 112 43 97 23 95 194 143 30 84 147 134 5 129 144 153 153 63 40 95 83 180 127 110 131 105 99 6 162 79 88 24 177 169 46 155 168 128 30 111 168 18 81 146 131 159 2 68 106 118 166 71 162 17 52 45 57 33 106 65 133
181 121 43 10 65 19 30 92 145 152 52 93 23 140 102 105 124 14 100 37 76 181 132 120 197 195 12 193 120 16 11 23 106 47 85 74 196 142 158 99 47 8 35 10 61 64 147 120 51 178 75 1 105 9 4 137 105 120 137 79 154 78 4 162 61 176 40 36 135 25 94 0 126 182 77 135 124 139 157 179 132 160 94 48 107 175 127 192 5 142 56 101 157 50 22 166 8 22 160 15
4 49 156 96 44 57 49 182 66 118 35 3 191 126 31 126 184 122 148 95 81 18 130 122 41 165 145 46 113 77 119 185 52 142 33 185 90 129 168 122 13 98 94 18 51 113 32 34 135 188 45 95 72 61 104 4 120 174 9 117 121 49 143 121 3 87 184 7 34 5 127 49 8 59 84 31 36 157 167 83 38 180 64 51 59 123 171 170 117 150 161 4 173 29 143 165 126 175 98 171
5 99 3 184 144 113 163 195 77 31 58 88 73 67 76 121 161 70 121 149 161 42 56 44 93 16 183 65 165 90 41 23 65 19 11 181 155 7 135 159 57 96 121 60 156 169 79 13 182 21 180 65 189 122 48 105 150 163 114 147 200 180 185 168 81 171 173 133 155 98 77 34 176 152 31 164 93 143 172 69 14 59 87 66 123 93 39 13 122 82 171 43 169 29 53 107 105 75 58 159
102 196 155 183 16 163 147 72 56 131 200 13 60 166 140 83 49 12 16 52 173 59 183 6 81 155 76 191 66 76 176 137 79 66 93 16 76 167 27 1 91 90 84 56 163 58 130 43 55 155 150 0 92 185 14 75 158 154 77 78 22 19 189 187 4 139 90 30 83 72 91 149 180 12 7 98 194 73 19 192 134 80 124 174 70 84 102 131 107 142 157 119 200 138 151 193 181 116 20 51
48 126 87 106 144 39 123 73 113 180 160 13 59 196 138 164 163 20 181 140 87 93 87 148 79 18 12 84 147 105 144 101 168 134 42 88 30 6 158 99 147 196 79 188 16 139 8 22 47 127 13 174 61 157 136 129 4 119 127 90 168 109 134 93 3 178 186 21 50 164 2 82 106 193 71 114 63 35 198 6 100 64 100 148 83 167 39 153 184 24 110 88 56 99 2 109 164 80 3 122
65 199 154 123 193 20 134 104 60 76 189 72 94 110 136 16 2 81 129 190 58 191 102 13 28 132 56 161 110 196 1 145 181 184 132 120 181 147 162 200 184 12 194 150 96 90 195 170 125 191 7 47 165 110 114 19 59 186 167 144 55 180 17 76 186 40 99 46 146 49 156 161 164 33 77 148 139 47 108 41 42 76 153 122 22 91 199 149 3 87 193 103 106 26 87 70 80 3 100 68
122 86 84 8 121 164 76 73 8 123 6 107 181 115 32 96 169 32 192 119 175 146 186 37 139 7 148 138 148 184 182 125 34 87 126 185 68 165 69 119 57 179 81 122 69 19 22 10 181 139 0 9 110 31 88 45 52 57 37 78 69 18 153 120 200 163 20 141 23 141 48 75 194 170 42 174 28 104 192 88 101 141 165 27 113 47 112 78 108 150 80 116 155 99 107 34 163 162 7 196
165 104 173 92 45 4 61 102 109 82 70 116 137 51 19 68 135 130 73 171 124 76 19 28 31 189 20 27 141 200 175 121 56 2 87 137 88 41 136 117 84 141 59 124 63 90 186 195 67 147 6 18 178 86 136 31 97 198 158 18 102 99 83 101 73 41 32 15 95 29 128 20 139 76 110 59 124 88 166 51 86 77 139 107 145 43 89 188 87 188 92 28 158 81 62 143 119 186 19 190
94 77 76 71 78 127 163 49 12 119 82 168 126 55 168 13 173 31 80 76 186 186 129 37 181 111 140 6 51 16 112 105 170 0 84 95 122 102 7 181 87 44 22 66 80 5 27 1 6 30 84 101 168 140 55 56 107 63 160 14 98 69 90 187 172 25 198 158 157 70 69 126 153 4 51 90 30 88 140 153 131 132 43 130 188 31 167 149 50 43 95 67 68 112 53 70 24 127 159 183
9 24 24 89 113 71 122 82 21 25 105 101 194 114 200 184 75 167 86 78 33 96 92 191 123 99 85 153 133 145 64 7 74 29 16 198 169 155 175 70 19 51 75 59 132 116 130 45 107 122 49 123 40 10 127 95 58 122 108 55 197 24 88 73 100 175 125 183 3 97 194 141 44 193 102 17 88 79 21 58 58 131 54 173 16 25 184 189 169 51 31 90 133 142 98 165 24 83 187 198
29 159 10 37 161 130 93 99 61 182 115 161 200 53 85 51 187 75 77 30 161 158 138 141 78 140 1 93 67 31 132 135 8 40 103 156 127 64 150 9 148 146 176 55 24 146 166 126 20 162 31 188 184 163 6 38 122 81 174 99 16 52 186 116 124 157 108 146 181 143 196 78 86 3 44 57 182 42 106 172 159 199 198 65 127 29 5 178 115 92 22 105 107 96 17 39 109 98 139 77
115 5 61 141 56 195 149 24 111 126 163 80 61 94 166 38 148 76 41 53 78 21 149 96 82 63 170 2 118 95 142 35 90 139 175 185 122 189 89 32 82 61 169 200 63 103 199 74 87 57 101 49 153 50 161 17 86 119 171 92 62 82 172 149 21 121 97 38 155 5 153 132 8 59 24 149 7 4 121 169 147 115 91 143 197 140 74 22 193 83 21 104 115 113 109 196 110 194 27 196
55 140 174 106 157 98 104 158 192 88 174 118 40 132 25 50 157 198 146 80 171 139 92 93 181 182 33 47 108 169 169 179 143 57 185 117 39 111 194 64 71 116 173 112 185 94 79 148 142 81 166 32 61 101 0 8 187 0 26 113 124 28 74 18 179 59 119 22 44 127 31 169 44 149 150 59 168 175 75 155 160 80 45 156 165 127 186 141 175 18 178 116 200 100 162 42 88 69 171 66
20 2 45 26 99 61 149 117 24 134 150 61 167 47 142 21 38 132 14 31 92 180 75 191 110 135 83 158 12 169 125 150 128 87 66 164 141 200 50 134 88 48 175 55 63 166 181 44 12 144 122 177 13 32 38 67 145 73 186 136 198 3 106 168 157 42 165 9 47 118 131 183 177 108 50 188 12 4 27 118 78 196 15 51 181 86 185 148 75 103 86 105 100 15 164 71 136 97 189 182
27 190 64 175 150 52 47 83 59 171 168 62 70 158 11 197 25 114 10 103 180 152 7 132 178 5 53 183 172 126 19 157 63 136 129 63 49 36 126 31 94 11 99 27 67 1 133 29 16 93 58 48 175 125 162 150 144 135 83 103 184 183 78 106 138 60 86 193 159 155 82 109 24 58 35 181 87 68 160 182 75 31 187 108 134 138 151 75 119 198 94 138 165 166 52 126 102 194 14 161
73 46 191 110 164 19 54 98 46 85 196 155 142 116 50 72 12 179 112 114 142 67 197 51 108 121 71 26 20 21 4 120 39 150 126 117 76 33 58 2 39 127 156 118 152 72 119 151 5 119 48 53 191 41 172 107 26 119 95 86 20 109 196 133 72 86 65 187 65 38 100 83 176 8 19 154 151 119 70 102 99 122 87 159 189 30 6 110 91 0 96 85 165 13 191 2 71 165 134 24
128 47 20 23 166 154 167 10 111 59 191 75 46 169 51 50 178 1 114 33 184 75 8 46 45 152 85 161 71 159 118 135 143 34 12 146 41 11 157 30 90 16 174 72 75 50 46 129 150 16 81 200 52 11 184 67 102 61 129 17 172 82 162 106 109 20 103 183 16 45 100 73 68 116 155 112 28 186 35 83 144 26 86 46 71 29 101 100 143 2 180 15 117 127 157 15 69 5 112 185
87 120 106 161 152 104 115 45 67 107 92 2 199 142 36 121 194 3 168 167 141 39 22 26 103 174 52 130 20 125 56 49 196 12 93 18 8 30 176 82 50 167 9 23 21 22 27 138 35 21 89 156 87 57 177 103 89 70 198 88 183 41 56 139 48 79 140 113 17 46 134 24 158 156 14 164 61 7 10 2 132 91 66 65 100 99 23 179 48 174 182 40 97 63 62 197 124 111 178 46
103 142 153 94 177 126 191 20 45 162 92 31 50 82 4 11 82 47 0 65 197 160 31 95 191 107 36 127 15 67 55 197 125 163 200 174 107 115 112 22 88 174 0 116 95 66 43 9 148 184 136 130 117 192 68 104 155 188 25 146 77 105 63 175 157 41 136 174 87 192 180 179 1 8 171 126 84 60 101 191 169 46 87 102 44 172 47 186 31 0 130 116 149 199 55 131 51 180 9 98
95 3 167 40 123 121 93 35 36 144 20 152 164 179 199 50 39 128 23 7 32 159 18 123 145 180 42 164 87 171 100 29 132 162 71 139 169 9 51 4 139 37 100 1 197 184 24 124 51 61 144 74 72 33 199 126 31 121 124 83 4 13 69 147 92 98 164 27 100 47 23 124 130 142 167 34 73 176 110 50 104 150 101 173 106 60 42 9 59 112 89 194 32 63 69 100 60 107 6 9
107 5 137 55 149 149 77 197 139 33 97 167 149 199 39 64 48 68 8 118 52 109 126 76 62 6 166 164 191 157 105 198 78 135 178 1 37 130 133 124 8 198 21 147 95 166 157 171 15 117 9 55 72 180 194 144 191 15 156 59 46 187 0 36 161 155 177 160 195 30 46 162 80 168 96 113 106 121 170 161 47 128 80 0 49 139 89 45 80 61 175 186 151 177 17 116 101 80 114 199
189 104 17 51 130 146 124 92 157 200 146 102 3 129 57 79 49 117 190 113 192 178 156 185 168 173 168 6 125 109 62 14 157 23 72 61 185 34 30 128 162 144 19 24 183 94 105 100 152 90 11 136 176 138 167 132 25 109 124 173 176 46 127 161 36 97 67 104 11 83 154 81 78 179 194 47 79 51 77 189 95 150 50 99 184 80 45 82 111 195 100 181 144 38 186 70 110 134 200 96
174 131 129 109 38 40 20 137 145 86 177 62 73 72 39 45 107 6 123 22 83 128 97 27 161 64 172 54 49 91 38 181 113 53 76 28 72 54 31 154 85 71 181 60 103 80 63 127 150 140 99 80 130 9 75 88 103 38 99 78 34 148 90 171 153 192 199 80 77 49 44 143 2 195 171 64 22 24 143 169 179 29 183 15 11 105 44 150 135 47 72 50 126 94 108 159 152 179 59 198
86 53 159 65 145 101 106 113 32 62 143 198 162 108 19 165 142 57 161 36 158 158 99 170 90 92 111 89 13 7 115 177 152 141 82 95 16 90 198 164 160 77 190 193 56 146 177 158 47 65 29 115 16 162 106 123 51 137 177 81 136 30 132 11 6 112 119 103 41 166 141 10 148 38 187 19 43 28 148 26 123 159 64 24 29 64 122 137 167 164 159 13 22 131 115 83 92 137 45 106
187 8 154 3 105 154 77 84 83 51 131 11 104 165 188 0 106 17 190 32 46 117 167 193 155 44 190 74 142 161 20 61 180 46 50 25 174 134 43 85 173 158 169 31 26 128 182 200 189 0 67 146 148 139 10 124 67 190 141 94 118 12 61 134 172 173 171 92 150 155 117 20 101 155 155 72 181 11 192 106 112 140 34 19 104 59 6 8 144 105 41 35 105 43 136 58 76 185 156 64
6 166 125 91 100 189 190 118 103 2 124 69 189 16 38 44 148 168 22 117 154 196 168 140 138 142 68 89 103 162 17 130 38 52 52 140 196 91 112 22 23 78 152 189 160 113 4 30 121 131 181 114 65 3 84 86 174 62 89 11 178 133 76 148 125 10 120 147 116 74 126 43 163 151 95 157 55 159 32 171 37 36 150 114 83 198 4 124 49 99 177 113 20 95 185 27 120 102 8 89
81 17 26 182 28 69 18 104 65 184 174 86 64 127 121 130 49 97 185 45 164 97 45 183 71 138 57 115 3 144 173 139 17 28 41 113 119 144 79 93 193 178 11 70 97 17 26 67 48 95 54 145 67 174 46 143 60 5 10 79 133 195 187 96 10 141 197 44 9 166 137 35 188 24 7 68 29 179 71 107 156 41 8 145 195 163 116 155 189 106 101 153 196 193 2 17 126 148 149 67
189 144 8 18 13 54 27 152 64 76 180 64 80 50 155 26 49 43 119 86 147 149 164 142 184 127 22 55 5 139 32 147 113 35 44 190 124 121 34 112 14 5 75 59 134 74 165 5 88 64 118 57 36 116 114 119 62 27 174 53 129 59 32 159 47 77 165 121 157 199 42 48 103 11 160 11 29 143 61 137 121 83 185 105 194 73 179 98 197 32 22 120 123 168 70 65 29 27 123 1
111 28 185 43 47 14 136 118 188 113 148 16 3 105 133 125 19 41 72 124 146 107 164 127 184 102 5 146 173 185 51 68 144 177 23 21 194 29 171 4 104 96 184 57 89 23 49 14 63 29 28 20 20 12 98 101 162 108 66 120 64 98 137 23 98 78 12 85 57 178 102 77 14 60 51 70 75 14 185 47 56 27 100 59 14 136 193 115 75 82 188 45 65 166 79 117 29 41 59 134
164 123 70 127 136 99 183 73 124 190 131 116 26 110 42 197 164 129 18 138 79 23 7 170 8 73 102 101 88 104 189 28 75 0 87 69 12 78 197 69 104 28 132 127 43 116 111 103 27 110 7 11 93 129 148 125 177 13 29 50 166 148 150 169 32 30 17 80 148 114 41 200 50 6 60 115 139 199 47 173 98 96 149 87 110 86 134 98 177 59 130 12 16 89 105 169 21 159 87 48
77 126 76 77 174 168 66 184 178 59 160 171 133 134 22 2 180 134 174 166 96 45 12 103 46 9 52 75 17 126 167 66 150 169 97 64 179 120 81 28 47 65 163 150 40 144 42 175 4 14 170 33 175 6 126 105 160 59 195 95 143 195 156 20 109 69 15 56 131 122 86 57 10 31 135 75 35 118 30 197 62 10 150 66 91 170 82 15 133 85 102 94 73 144 190 60 156 145 145 178
81 162 70 23 177 27 131 152 22 118 136 162 80 7 24 97 163 18 200 198 37 186 83 56 94 81 29 68 70 13 118 193 83 132 103 39 72 107 66 27 100 114 41 1 95 147 191 113 162 141 30 194 189 69 147 94 90 200 180 73 12 17 124 64 138 57 47 71 164 21 25 165 187 25 109 88 12 116 131 36 99 118 72 72 106 68 82 74 118 24 87 198 18 190 69 49 143 191 61 2
139 40 79 76 101 48 59 70 193 27 29 140 96 102 178 192 5 40 1 41 78 22 143 88 161 130 46 73 4 42 128 171 39 194 199 122 177 10 67 187 5 122 185 41 100 156 75 114 51 78 144 164 79 25 4 182 104 43 30 86 86 20 4 197 36 97 183 86 154 105 94 184 33 111 79 185 196 27 65 192 77 128 0 169 135 182 30 123 40 88 180 93 73 123 12 45 132 42 115 174
131 69 90 143 115 155 65 143 19 38 67 95 179 103 145 106 163 98 57 147 154 74 155 30 162 110 114 104 91 157 160 106 165 50 161 148 109 41 170 96 46 162 186 21 5 6 70 4 159 174 55 27 118 51 87 138 46 132 27 156 76 16 104 76 83 100 113 103 5 103 26 114 48 196 60 170 25 149 114 106 191 27 177 69 126 119 120 136 165 146 153 30 147 65 172 141 4 4 148 152
185 88 14 15 63 51 76 2 29 82 64 193 117 69 141 53 29 122 24 123 13 184 28 17 126 50 97 27 125 41 63 172 63 4 3 7 17 141 112 192 104 41 27 29 37 180 62 16 61 18 5 144 79 176 138 21 92 75 116 6 110 115 103 181 104 188 139 32 124 41 175 133 84 3 41 183 57 191 91 44 37 54 53 49 163 155 46 158 155 174 37 40 82 13 104 144 110 51 23 14
69 194 10 51 33 100 157 2 83 197 198 6 182 65 15 77 132 123 41 88 33 152 129 63 198 115 174 86 54 28 24 56 95 31 194 163 198 38 62 86 20 41 100 26 99 192 22 158 44 60 46 36 107 78 27 141 54 123 113 192 62 121 145 152 168 111 188 75 107 47 11 100 49 28 9 125 102 5 119 106 148 170 22 25 177 190 146 182 59 74 94 38 198 96 48 1 33 73 175 64
114 10 83 125 30 71 137 182 118 30 130 22 161 169 44 187 64 138 30 92 81 54 97 117 174 98 93 23 183 103 197 196 38 155 40 28 181 197 10 126 135 59 71 129 177 143 64 34 95 37 89 97 164 185 162 106 41 174 180 165 157 116 92 112 160 135 179 42 42 167 167 196 86 88 179 131 157 145 33 75 146 42 155 174 185 130 31 59 56 172 179 154 175 51 180 150 25 141 151 199
