12
153 145 155 161 41 122 122 141 85 13 133 170
37 97 37 155 80 156 111 158 94 188 92 162
145 148 4 18 149 129 15 96 128 35 64 164
68 19 0 4 186 199 33 26 145 87 117 194
177 54 200 65 185 194 91 48 115 125 191 154
86 144 53 87 118 150 115 117 43 121 188 95
144 74 146 11 60 196 143 148 81 101 148 182
189 178 1 170 57 154 116 103 145 157 166 57
56 61 100 91 124 127 73 9 120 53 5 141
15 23 48 83 4 178 47 57 79 195 50 89
172 43 149 187 21 18 71 162 47 154 179 150
34 120 80 106 9 178 95 82 115 69 199 83
