48
92 142 29 176 65 121 40 35 170 73 87 90 125 98 168 195 59 170 94 41 97 5 179 131 162 200 42 94 103 67 82 191 137 76 15 179 195 35 15 143 182 142 160 124 101 189 87 69
48 4 89 184 58 105 184 17 21 145 187 138 2 95 159 35 153 129 184 93 71 0 61 71 11 32 180 132 30 70 110 9 145 93 188 125 123 122 178 31 199 64 41 40 182 16 138 182
47 130 17 184 114 0 88 80 23 62 98 76 122 26 187 21 26 144 150 17 71 155 24 82 67 91 119 133 84 167 104 186 186 195 88 10 83 126 137 130 40 163 52 172 53 83 88 174
59 48 37 53 8 33 123 144 163 154 137 104 151 123 12 57 73 92 79 153 105 156 156 24 136 88 52 145 184 18 154 41 8 52 99 196 104 66 64 188 116 172 25 57 130 47 65 20
19 2 69 165 48 26 7 141 151 118 192 95 55 97 158 55 130 58 27 90 163 188 11 154 141 117 16 63 188 61 27 159 93 50 33 176 6 17 91 112 107 157 79 14 35 123 0 127
188 11 75 164 116 144 46 159 13 51 85 153 69 200 100 147 83 195 181 148 169 116 127 39 2 165 46 18 171 35 118 35 112 199 32 123 193 29 190 51 53 152 172 200 166 89 31 3
146 133 14 175 23 175 93 166 26 63 45 39 77 176 198 101 136 175 55 154 56 79 161 18 57 150 164 138 113 167 10 187 21 2 171 83 146 2 84 94 129 23 186 111 42 171 36 52
199 158 91 33 5 25 31 118 182 163 146 138 37 105 190 197 52 1 9 64 139 79 192 179 140 181 65 110 36 108 126 13 107 40 59 90 54 145 55 155 52 69 90 187 99 141 140 149
175 166 0 90 180 91 145 127 125 67 155 135 166 65 80 13 101 128 119 143 116 92 5 107 122 3 143 126 102 163 87 63 35 77 76 187 108 63 40 151 110 48 177 163 120 72 8 133
56 194 92 45 38 21 160 125 2 79 48 161 21 146 188 19 99 184 127 131 81 189 197 13 194 34 19 110 160 46 86 76 5 28 171 106 20 3 135 65 94 98 139 98 84 28 116 158
50 72 1 162 68 124 13 122 28 142 2 13 163 172 165 70 58 44 124 19 92 9 172 36 139 200 171 56 145 121 45 171 139 53 10 189 112 144 50 31 191 61 28 106 129 163 192 148
106 62 58 120 59 162 36 190 176 164 181 62 16 118 72 12 158 57 191 51 75 82 41 173 87 112 186 35 25 157 57 144 106 84 54 62 159 181 26 153 43 111 144 0 83 91 159 171
137 186 51 128 74 195 174 73 125 180 146 122 47 129 148 88 39 98 120 182 169 168 109 147 90 79 34 152 191 184 158 63 60 5 148 59 19 69 144 109 109 26 83 194 116 197 61 100
177 170 53 80 164 170 67 130 76 11 180 143 12 24 33 192 163 170 183 56 95 123 23 124 91 182 147 107 100 11 65 124 162 103 142 96 62 106 76 164 191 38 140 159 179 124 100 134
82 4 32 61 20 164 127 94 107 4 191 32 18 138 52 193 179 133 131 145 146 50 122 73 39 57 33 168 5 185 87 159 169 6 44 80 91 91 121 173 130 29 22 39 4 53 66 151
13 32 53 98 81 155 132 140 126 70 85 6 163 167 89 192 196 70 104 120 132 178 108 32 156 46 174 12 163 23 79 124 158 2 64 147 95 14 140 174 68 38 21 116 63 56 88 67
0 70 55 164 7 85 116 52 178 123 34 152 141 84 49 39 140 185 106 117 120 13 183 170 183 172 30 195 185 99 26 11 50 125 71 109 45 123 92 10 100 42 50 156 132 198 109 9
184 139 120 122 26 173 12 169 129 84 107 98 109 75 143 85 112 63 69 195 176 6 48 177 195 121 96 13 114 16 155 34 131 64 62 189 103 104 196 76 98 73 27 38 145 135 32 78
90 131 113 127 86 128 88 16 14 64 179 8 194 150 152 145 14 22 76 23 19 16 187 116 0 128 70 28 153 123 64 57 22 159 150 80 101 39 78 104 158 184 188 27 37 90 5 146
112 139 148 142 114 169 140 1 182 128 3 97 50 0 165 42 118 109 78 59 111 102 111 104 126 101 94 93 81 177 0 89 165 135 78 88 89 154 129 120 178 153 181 171 181 162 85 78
45 54 14 132 10 88 67 60 78 68 119 93 31 33 88 68 169 54 36 6 29 111 161 167 126 130 20 135 73 10 119 194 147 122 99 53 21 118 175 131 115 178 112 90 66 188 62 174
52 117 11 182 186 67 41 1 66 112 70 178 172 2 44 173 95 118 25 197 144 5 38 131 133 52 23 27 21 185 24 45 64 117 9 178 182 97 192 157 111 18 10 178 8 152 159 23
17 49 42 21 57 131 190 11 156 121 87 200 12 186 83 192 171 31 38 33 179 49 72 112 119 51 136 187 56 91 186 149 106 27 10 62 198 85 154 82 144 85 6 37 58 97 185 88
136 61 193 161 83 91 146 194 105 181 116 77 14 87 57 70 8 117 96 85 155 48 145 121 102 154 116 196 48 2 129 89 134 90 33 94 69 114 195 104 161 96 92 73 15 94 119 44
46 133 41 98 46 111 104 58 31 172 200 101 103 102 142 142 105 134 37 173 67 195 13 136 21 11 19 44 198 146 11 31 45 94 137 118 180 139 182 28 123 26 94 19 130 7 155 66
84 161 66 11 87 57 114 13 120 101 181 72 124 58 6 54 96 114 121 117 200 86 89 76 182 5 31 55 190 37 63 82 79 140 167 131 133 89 16 133 46 146 181 114 29 59 106 177
170 155 20 53 11 160 6 165 162 7 129 0 185 168 148 173 30 2 14 9 10 162 66 6 74 27 106 103 56 180 107 166 110 153 43 22 150 13 35 17 145 164 131 106 160 199 19 159
132 178 197 34 71 72 87 111 14 181 99 3 13 75 174 3 98 34 166 7 167 8 44 23 84 53 141 130 43 62 199 20 143 36 0 96 67 126 105 75 12 17 146 152 32 1 187 188
193 179 104 9 187 5 14 149 198 56 68 30 98 10 37 59 73 72 90 12 62 92 187 82 45 14 165 200 191 83 123 4 183 163 155 45 160 93 188 87 71 9 99 111 88 101 49 84
26 196 118 172 61 143 141 128 76 108 71 67 97 111 175 169 103 34 173 129 42 36 174 109 58 141 139 117 43 129 55 84 73 51 39 122 75 5 176 2 148 111 132 37 109 130 148 96
102 166 155 138 130 190 136 15 2 91 59 190 133 52 162 21 81 154 194 99 102 19 26 77 47 199 147 3 115 69 2 27 86 125 159 174 49 79 54 18 165 67 58 104 189 15 176 80
123 7 0 160 114 7 104 41 50 78 84 81 172 175 136 69 13 155 149 77 86 184 54 98 1 17 183 18 101 68 164 155 82 140 142 2 161 57 56 38 67 19 54 147 125 12 68 170
195 63 52 155 75 9 155 119 189 161 50 126 112 196 64 73 155 117 91 149 172 3 79 39 136 154 50 45 36 138 109 197 39 162 125 88 200 200 25 125 72 7 94 33 100 148 172 28
102 82 94 168 103 171 85 191 175 91 192 136 18 57 72 195 113 54 29 79 55 65 149 164 155 94 93 9 102 200 145 81 91 10 17 43 191 139 63 27 123 48 116 140 117 40 33 84
193 55 21 114 128 131 116 138 166 15 117 152 61 165 97 185 57 65 99 178 193 180 85 164 38 139 92 51 181 97 199 155 78 106 4 132 114 86 77 181 119 50 89 83 119 198 85 43
67 37 156 46 190 88 138 39 154 140 58 198 90 53 26 171 51 187 6 124 76 95 198 29 195 133 39 189 88 127 114 106 80 141 106 188 195 107 146 90 168 47 107 167 13 55 53 23
163 68 193 64 11 134 93 156 160 98 149 81 4 19 46 12 40 53 146 75 124 37 46 40 23 10 165 121 183 108 185 165 148 166 41 90 193 64 39 95 11 163 158 120 90 76 95 7
153 101 5 0 115 14 58 28 161 163 83 171 22 63 71 169 18 156 8 4 18 106 178 154 67 109 130 119 156 106 61 137 128 21 85 160 11 6 14 62 115 147 107 33 17 22 36 124
164 200 102 22 23 15 131 35 89 47 101 112 49 172 126 8 63 32 21 44 115 110 34 138 69 34 130 167 133 167 145 28 81 50 159 118 45 172 7 191 94 93 141 1 6 31 77 29
81 97 29 188 23 194 12 69 41 108 167 46 122 29 130 2 47 53 106 98 81 94 74 83 192 35 109 68 58 115 26 144 22 61 50 20 185 61 97 139 150 48 21 189 34 49 54 93
136 142 135 37 2 22 145 163 164 168 69 83 83 20 199 175 82 177 98 72 160 39 10 195 55 141 199 36 57 8 69 190 163 158 150 170 0 38 77 107 138 76 194 147 178 35 55 195
72 84 49 152 80 117 91 153 5 149 5 182 99 46 116 189 185 103 90 81 153 198 67 138 3 166 53 148 18 177 16 186 124 114 169 134 155 88 42 167 101 175 175 95 178 122 93 78
13 165 153 22 44 7 20 135 159 164 5 129 103 120 96 189 100 24 75 83 134 168 29 190 97 17 53 148 195 111 51 98 166 123 79 75 169 188 146 189 105 166 155 174 97 133 150 167
36 134 103 99 110 68 30 108 52 181 61 178 13 164 191 108 55 60 50 29 175 116 109 58 37 20 58 134 118 57 169 26 13 132 181 86 8 93 100 67 110 17 194 144 150 186 170 110
110 70 73 185 72 24 98 160 124 88 72 63 8 100 92 109 34 192 57 188 175 110 24 82 111 184 7 104 26 122 177 110 43 189 168 46 181 186 9 44 99 6 110 67 170 33 130 85
100 44 46 54 12 95 125 154 144 120 79 106 94 170 77 118 107 194 7 82 136 180 46 96 0 174 27 180 195 95 53 80 96 192 90 46 99 137 87 173 165 31 25 189 19 154 52 46
185 18 66 127 176 107 75 110 58 159 45 22 19 0 33 29 42 15 40 96 7 56 149 42 20 82 16 103 84 144 199 79 65 60 40 44 180 112 21 20 131 24 175 44 16 75 118 33
12 68 16 199 100 140 183 160 14 38 173 28 194 76 27 93 42 19 144 45 117 5 63 127 127 134 95 190 196 168 29 71 152 63 134 21 88 12 154 177 178 11 39 199 187 8 79 18
