71
129 12 3 58 187 187 127 157 193 53 174 35 123 187 127 36 156 190 165 63 103 68 191 185 45 80 44 106 10 60 24 175 43 18 83 110 45 1 62 35 183 185 78 184 27 145 168 145 55 78 42 108 44 37 81 131 116 71 80 57 105 87 143 68 4 82 190 195 149 183 158
130 4 167 161 121 110 176 90 198 125 97 11 157 2 141 78 36 179 190 54 81 191 139 91 94 34 195 50 94 51 145 0 132 53 38 27 169 159 183 54 47 102 59 186 45 20 33 194 170 8 68 74 31 136 151 174 29 153 70 165 43 147 107 30 14 73 47 120 108 39 118
113 184 91 92 183 116 2 131 95 128 97 81 69 40 109 25 33 19 120 75 33 86 104 44 97 17 184 191 33 78 188 104 7 162 35 94 194 115 57 55 4 83 173 3 41 22 149 27 142 98 174 145 116 28 65 40 169 35 109 144 119 74 157 76 98 69 161 80 143 167 25
167 19 80 38 44 59 0 135 9 178 48 49 59 130 123 27 13 198 158 104 57 112 144 103 57 138 50 132 75 95 10 166 18 64 12 96 43 98 102 85 73 87 148 134 166 181 112 83 59 118 140 149 66 188 80 24 16 183 59 52 102 102 20 79 69 56 186 142 167 142 96
167 14 69 169 44 113 173 173 121 84 23 18 182 78 72 162 92 73 143 2 85 87 134 52 77 48 53 34 127 67 194 166 2 131 4 85 29 8 155 150 20 60 178 9 152 13 56 125 128 154 138 35 32 70 33 31 58 74 22 110 51 4 149 162 15 89 143 65 36 103 25
107 40 57 181 128 196 49 159 163 49 166 11 191 81 123 108 29 168 74 182 51 27 79 188 18 57 60 136 148 66 130 22 162 185 8 3 8 156 158 147 176 153 167 198 53 12 115 73 58 78 176 28 119 198 93 15 64 41 10 167 32 87 127 81 87 85 96 36 158 38 147
19 11 177 127 161 118 67 192 138 132 141 194 95 191 190 169 169 93 95 39 133 164 139 113 164 53 36 66 119 26 104 150 32 139 138 3 172 3 125 76 89 40 68 152 16 192 192 107 58 0 183 104 78 30 69 145 83 97 179 83 138 187 65 57 121 56 9 19 9 107 1
3 76 76 111 173 13 82 72 189 159 109 139 24 121 179 58 89 119 100 179 65 100 21 72 121 81 71 90 195 193 155 171 119 1 0 27 40 68 192 175 180 181 80 164 159 22 77 66 8 93 111 68 38 159 66 148 105 186 38 181 13 0 56 17 179 104 7 128 112 124 134
97 66 194 154 121 42 94 181 47 79 181 121 127 1 88 133 88 110 200 16 63 57 148 176 165 200 24 5 59 146 62 55 53 64 133 33 133 176 14 130 196 188 42 120 110 81 181 183 31 122 184 54 35 136 161 118 198 135 194 64 44 89 150 166 140 27 129 146 70 181 193
54 129 166 158 124 36 150 5 194 51 112 25 169 113 175 169 193 50 44 25 162 12 60 87 27 172 121 1 78 90 132 67 145 111 60 131 97 173 93 65 94 134 15 125 78 43 178 29 81 142 158 170 124 104 114 0 120 83 174 50 154 43 32 60 161 111 62 69 141 99 93
63 174 166 9 25 151 196 15 179 199 15 100 173 47 141 139 69 68 138 18 95 141 140 68 87 112 104 142 140 117 3 161 161 178 116 100 16 62 131 28 91 117 179 88 159 196 71 135 163 177 142 29 12 107 67 128 42 113 136 55 1 166 46 141 143 19 135 14 193 170 166
52 175 24 179 26 136 199 18 42 76 127 20 167 26 135 19 178 1 91 42 146 79 137 144 0 124 157 10 112 106 77 18 111 104 51 132 190 85 36 26 100 73 3 2 67 0 130 177 56 173 119 174 21 119 105 39 28 148 3 95 170 55 200 77 160 177 109 59 176 9 95
102 45 61 4 199 150 101 94 100 65 173 35 142 14 132 1 9 45 180 184 22 175 181 121 28 45 145 33 167 54 180 169 146 29 85 148 180 1 0 102 21 140 8 62 98 106 49 147 30 113 11 104 22 78 123 11 63 73 20 132 156 130 97 84 26 22 97 138 110 16 132
189 107 154 94 74 99 4 159 24 159 80 5 44 28 46 50 57 197 19 58 24 160 148 41 114 163 166 138 77 149 42 87 63 177 144 167 49 57 138 40 168 153 51 193 158 48 189 182 200 90 27 51 175 143 140 106 15 70 25 117 187 45 56 139 83 172 14 49 18 12 147
37 88 150 102 162 24 99 50 109 126 168 75 2 84 89 128 130 114 80 130 84 77 198 181 84 6 17 139 193 7 152 191 24 30 160 127 135 175 35 74 197 124 84 3 72 102 35 154 28 161 100 32 123 100 113 182 122 23 40 142 31 87 129 15 63 39 153 7 122 83 8
40 146 16 176 99 133 2 78 5 102 183 179 118 59 114 180 127 132 28 123 140 99 32 102 172 156 27 158 130 37 40 100 87 165 174 143 113 121 135 82 178 76 135 8 180 95 95 89 124 93 20 63 20 142 154 184 182 127 54 147 187 144 58 32 52 114 35 27 14 18 0
145 32 116 50 6 126 177 7 146 49 94 174 59 24 5 79 170 137 91 87 42 164 176 127 141 35 31 156 22 168 47 37 31 6 34 34 165 110 114 123 200 9 31 95 111 175 77 102 62 134 30 72 51 48 36 11 199 105 118 170 3 189 98 102 5 67 47 79 188 175 41
173 89 71 39 72 120 81 0 187 158 137 151 15 139 48 159 54 200 123 57 173 177 127 11 12 180 39 161 123 19 19 71 177 157 132 168 161 54 199 73 24 121 125 115 3 117 162 24 190 22 52 129 164 190 193 68 33 96 30 29 103 192 170 41 112 143 183 90 23 178 114
194 27 73 127 99 25 44 185 84 3 192 47 76 13 15 110 20 70 45 193 129 188 96 134 103 120 35 168 32 181 60 165 110 149 71 129 32 177 165 185 161 146 104 79 110 114 88 198 66 5 40 137 143 105 200 118 148 14 186 144 172 66 25 102 144 12 31 131 64 16 132
136 68 128 79 14 129 179 92 178 68 114 5 78 92 191 38 159 62 18 3 143 97 75 102 101 70 69 78 26 199 56 18 175 122 59 3 200 0 121 7 117 184 64 143 195 107 73 20 110 56 34 164 163 78 118 106 111 76 184 3 25 139 39 49 125 164 44 130 59 83 82
49 30 49 49 137 18 144 194 20 182 175 178 43 39 89 58 18 105 197 88 77 47 134 166 138 8 15 93 119 96 158 134 108 163 183 41 90 72 117 137 27 13 21 66 152 53 26 159 61 140 123 175 136 104 7 39 73 186 94 163 186 76 71 91 178 132 79 2 172 77 34
184 39 163 117 99 39 18 189 197 92 197 171 94 12 145 0 94 5 85 144 194 49 150 63 82 14 180 101 156 172 78 84 171 157 15 67 116 107 105 180 119 165 126 101 65 130 14 60 81 164 11 178 149 171 154 26 131 193 160 165 173 5 31 125 92 106 187 24 184 62 103
183 131 16 174 200 43 24 192 96 76 126 69 55 138 146 100 131 101 71 144 180 30 171 117 185 174 120 197 103 190 89 52 152 176 53 137 31 200 179 23 112 122 172 21 32 74 192 27 82 115 23 178 27 81 59 76 58 149 65 198 52 167 75 161 48 104 103 49 21 53 146
159 135 111 200 73 194 35 154 16 67 75 39 157 40 40 134 114 169 188 136 98 93 165 52 73 1 63 29 113 4 40 51 148 46 100 92 151 9 128 141 143 181 115 132 182 138 17 105 193 55 78 24 55 58 81 35 151 84 189 129 154 3 45 182 113 170 152 162 34 183 0
154 139 19 151 1 179 168 181 123 140 92 21 38 20 45 70 41 50 30 98 178 10 135 181 2 104 14 119 195 128 75 84 62 37 141 31 33 160 8 91 87 85 178 90 121 93 14 37 16 106 33 6 118 155 171 191 128 24 54 31 192 72 16 48 187 94 88 8 34 61 153
79 22 200 187 104 149 74 148 52 85 64 197 114 60 194 186 13 26 106 11 88 50 43 116 187 87 12 77 56 168 3 43 103 74 123 165 151 95 48 102 199 194 132 76 7 76 2 78 16 9 193 83 185 56 127 14 104 22 39 129 6 192 142 38 114 24 137 82 25 95 72
111 154 66 124 9 11 105 189 92 112 194 62 119 58 175 92 179 143 55 27 110 76 92 176 18 12 167 97 176 52 78 69 75 107 129 61 163 49 186 192 73 103 1 9 52 17 22 148 62 168 93 93 114 152 163 195 3 90 12 170 17 109 161 118 136 23 186 191 143 31 65
93 163 160 163 13 49 139 42 59 48 30 156 139 67 64 106 70 14 123 105 197 103 162 88 159 147 107 18 191 114 114 179 106 66 88 166 158 156 36 5 186 134 88 58 153 121 64 187 30 45 108 78 176 195 97 139 182 70 77 106 53 137 35 15 148 140 105 123 15 89 135
141 88 56 177 177 198 199 84 153 109 8 97 169 32 70 125 32 18 23 180 38 10 13 167 33 44 30 31 45 114 93 133 8 175 122 176 132 42 89 172 168 50 52 145 188 66 197 67 44 176 82 113 9 162 89 73 110 192 166 123 89 86 125 81 155 130 197 97 101 105 33
36 152 78 169 81 37 152 198 29 7 66 9 110 148 16 35 20 163 3 121 61 50 182 73 91 153 104 46 116 169 11 97 53 70 80 174 25 177 179 1 111 28 7 178 122 192 186 142 165 68 15 56 20 7 37 152 68 17 14 63 99 25 100 77 35 70 8 24 103 83 161
40 72 27 99 40 63 1 43 107 135 67 70 166 150 94 39 172 139 109 1 116 180 14 64 13 176 112 159 79 108 86 39 187 95 14 30 149 135 152 25 101 27 29 5 137 143 48 77 170 121 121 53 39 114 91 52 136 110 137 70 197 51 7 37 125 53 112 117 52 21 147
80 180 145 84 152 68 39 101 163 123 44 101 10 114 112 6 81 179 8 126 117 14 128 198 86 46 142 149 162 65 8 132 41 85 62 127 104 137 200 159 145 54 170 94 47 30 151 80 196 11 147 108 152 118 176 122 35 194 160 20 40 113 128 14 33 4 60 121 102 128 99
28 162 92 177 8 185 29 168 118 10 129 61 165 49 37 87 119 100 32 35 181 62 156 22 11 64 125 103 43 34 102 161 14 7 155 79 110 130 84 165 121 62 186 93 117 70 26 35 112 139 186 155 41 86 117 52 97 1 10 45 5 17 110 33 72 173 12 135 2 192 38
192 141 55 42 132 14 157 166 95 70 144 50 176 156 42 194 140 32 141 63 80 110 92 114 55 193 86 178 183 21 170 163 139 131 200 10 67 64 7 111 35 44 130 187 18 56 200 165 50 84 115 194 117 137 26 93 180 196 63 154 99 13 0 117 147 114 7 155 104 106 107
91 28 146 45 102 67 58 124 98 165 120 81 63 23 187 121 122 117 39 57 198 84 177 184 18 119 87 138 155 10 11 151 130 23 28 184 1 110 196 80 75 44 181 56 9 108 141 12 0 102 159 59 177 177 186 118 135 117 185 169 162 192 17 53 121 14 92 37 107 111 129
88 129 151 175 99 37 65 37 61 44 10 66 54 57 147 188 65 79 140 194 99 12 83 147 22 177 16 85 153 41 166 72 102 192 91 73 139 169 189 24 7 73 186 198 42 23 200 13 96 101 90 104 25 4 10 179 137 192 90 0 187 200 189 60 117 70 82 56 154 122 83
76 169 136 8 127 129 118 6 82 39 124 16 11 173 145 162 107 99 107 50 194 67 116 43 118 179 70 32 4 87 160 24 166 108 167 123 62 119 33 85 108 192 134 49 129 100 95 143 60 61 113 185 10 6 28 37 125 134 145 137 71 90 6 92 195 199 124 175 163 36 30
79 185 17 2 118 41 198 195 94 164 1 18 145 101 70 107 124 91 4 61 68 119 182 16 124 195 118 41 127 158 36 29 115 113 39 10 66 138 38 191 80 26 101 73 29 38 65 119 118 41 174 157 110 124 62 75 72 178 147 79 40 96 61 149 21 99 91 0 56 73 64
143 0 74 180 34 103 21 125 176 18 137 23 119 99 91 90 90 21 69 164 61 114 32 6 158 9 34 4 59 123 153 145 120 58 52 198 180 174 178 113 59 61 86 6 179 109 175 53 5 191 73 172 28 71 45 174 1 28 198 150 53 107 57 188 113 144 177 61 163 85 138
44 190 3 152 65 178 86 41 107 162 155 142 183 19 63 67 106 96 34 196 66 120 11 76 150 88 36 73 28 140 151 132 144 0 83 166 10 156 131 125 47 139 106 110 90 42 52 34 138 94 1 62 107 137 31 99 61 141 178 45 66 84 55 110 150 160 100 152 45 63 32
83 56 20 125 65 62 153 194 98 197 129 141 179 139 20 172 32 96 99 174 77 180 172 90 157 3 91 108 110 177 92 36 51 121 26 90 193 151 186 34 120 166 192 68 94 31 27 105 53 114 134 159 48 39 23 107 26 129 184 198 160 186 21 163 130 17 9 186 92 30 25
39 129 21 162 80 46 169 22 169 177 77 189 183 23 81 71 114 142 62 185 191 127 175 101 28 11 14 85 179 177 37 130 95 172 157 155 132 14 10 181 137 175 55 180 91 191 120 82 29 129 74 69 114 110 76 159 144 86 94 148 97 64 120 170 26 38 145 25 62 73 74
191 10 113 131 168 140 11 146 185 7 131 124 189 115 141 12 7 66 71 93 54 111 66 155 199 6 133 126 170 184 96 127 187 8 123 97 155 176 39 98 120 141 0 102 9 88 140 81 159 7 24 80 37 54 114 8 174 119 129 101 39 199 120 194 193 0 161 55 151 131 3
10 37 15 3 20 98 143 35 7 90 106 128 112 2 18 68 70 195 153 24 173 90 26 97 132 174 42 126 16 21 165 149 186 98 96 52 142 183 28 24 184 162 147 190 54 164 175 53 95 108 71 15 147 7 196 191 30 33 23 186 190 118 78 95 140 84 196 137 62 187 54
190 113 174 56 109 76 53 123 137 8 89 23 35 11 112 139 77 75 99 150 74 146 114 80 135 20 5 199 162 159 85 177 124 188 53 138 32 140 78 114 3 152 16 131 115 33 187 9 37 187 115 78 98 2 95 191 17 53 172 13 138 170 29 68 109 125 103 10 84 104 11
164 165 120 104 157 198 129 34 94 192 109 70 73 102 177 73 125 172 198 44 21 57 165 0 181 95 69 20 185 135 50 72 140 158 126 84 4 8 22 164 129 186 82 181 75 75 15 189 47 49 195 30 153 91 3 126 19 62 181 46 199 24 101 163 15 181 165 36 119 197 183
128 100 68 183 175 9 130 31 178 170 25 122 14 67 72 182 152 47 28 72 37 137 144 37 85 63 82 181 51 193 79 131 133 163 88 16 104 96 129 33 98 2 61 26 90 173 56 35 94 25 89 65 61 112 86 117 148 95 157 4 61 118 40 127 29 121 143 139 180 121 76
180 24 92 184 139 29 34 52 131 186 31 192 180 151 138 121 70 49 173 70 169 153 163 182 87 62 90 194 119 48 10 62 29 171 94 183 7 80 93 163 108 186 40 76 200 70 193 5 93 23 34 17 189 163 137 142 64 151 186 79 120 15 3 18 165 133 139 178 40 28 36
71 197 25 138 179 0 105 91 38 78 104 102 5 78 119 68 120 182 88 119 143 177 106 173 17 110 160 38 39 95 94 46 140 113 38 56 53 70 171 16 162 41 49 66 88 147 97 193 59 134 124 92 121 12 190 98 166 54 25 106 25 26 24 147 120 8 125 91 11 16 193
34 12 24 33 106 83 153 168 196 176 82 16 126 172 174 14 155 138 25 33 7 11 41 158 31 198 105 190 118 37 93 121 74 129 103 19 23 49 0 163 166 102 125 154 53 128 132 4 101 76 174 37 10 41 82 170 71 146 180 126 61 35 169 128 168 132 41 20 193 193 6
41 23 134 50 36 22 35 19 97 114 153 159 192 155 193 178 58 31 190 90 38 60 160 61 61 35 56 190 112 182 149 27 56 142 190 82 179 32 153 15 192 1 123 96 59 77 110 26 139 63 199 35 113 172 197 70 198 175 105 159 64 115 198 184 49 143 22 34 90 154 117
99 102 99 168 173 142 6 155 99 77 198 38 2 175 43 145 42 39 191 41 116 94 106 167 66 9 139 76 178 193 178 197 123 49 158 111 108 172 133 15 38 35 149 93 17 79 92 123 156 197 142 154 13 50 34 198 167 34 44 66 74 28 179 84 76 46 56 140 38 99 43
64 30 160 67 40 193 167 128 110 135 197 43 179 157 46 89 181 45 181 134 55 106 6 87 159 163 84 58 127 5 158 162 30 39 126 92 186 148 172 181 5 113 184 70 117 116 6 122 40 64 95 196 150 179 24 131 31 10 156 85 7 101 147 134 105 34 130 191 1 119 128
185 29 120 27 43 19 114 66 185 63 176 80 131 14 59 172 153 89 37 174 131 186 112 143 170 63 116 127 38 107 83 33 89 9 67 171 192 132 196 90 101 58 153 67 168 5 94 5 141 15 19 144 162 191 39 108 58 161 146 181 5 117 62 104 111 113 140 93 2 48 173
115 98 182 143 74 100 26 170 32 125 53 88 195 84 164 161 160 22 153 25 63 193 37 175 114 70 107 113 63 197 109 196 107 107 194 85 7 40 66 52 8 164 162 131 177 98 47 80 172 8 98 189 74 143 175 20 198 171 182 157 93 76 35 188 175 119 109 128 98 142 71
104 54 28 4 161 62 27 20 27 111 71 5 92 111 185 70 35 37 145 28 92 116 103 160 43 195 42 69 89 114 78 133 91 29 56 120 82 194 196 52 34 168 198 196 170 182 79 100 93 41 62 199 165 40 83 39 60 153 107 170 60 71 141 147 15 162 145 183 178 189 51
123 200 113 92 95 112 81 160 184 34 90 83 169 151 184 33 169 85 98 180 110 189 160 121 166 68 166 109 89 60 90 194 108 14 74 39 110 105 195 77 136 10 165 20 178 36 21 170 110 33 62 53 19 14 18 185 192 69 10 134 170 114 71 36 10 70 46 17 66 2 135
139 72 94 47 19 187 0 53 36 134 154 8 151 100 116 62 157 80 159 107 197 18 4 101 40 115 112 128 77 193 98 65 132 145 129 41 119 0 176 85 189 11 13 25 56 109 61 101 134 155 45 118 197 15 170 124 86 53 172 182 31 9 139 31 3 158 25 155 0 176 60
133 148 29 138 138 5 34 108 189 118 68 125 150 169 182 5 99 87 116 78 38 85 72 17 192 31 122 47 59 5 148 107 199 182 192 145 14 3 147 66 88 141 49 194 66 187 199 70 1 197 54 165 46 68 159 56 192 189 29 185 129 6 73 59 62 74 125 124 182 55 173
120 9 24 176 182 166 147 103 125 19 15 77 68 148 71 117 8 129 22 114 35 109 9 171 142 137 91 131 181 10 154 89 151 42 82 25 29 13 22 15 37 175 143 24 80 174 199 150 21 136 6 30 69 141 169 168 108 159 182 68 133 128 127 112 65 155 79 2 175 112 163
199 127 150 89 133 4 51 130 61 103 23 78 175 77 136 35 158 141 188 64 140 132 151 147 107 134 8 82 183 82 127 120 135 22 187 88 35 99 177 18 117 159 114 3 53 3 105 147 59 76 154 28 123 176 170 16 157 130 197 121 110 198 117 42 137 129 38 80 70 11 158
34 161 74 39 21 91 167 127 182 59 133 185 28 97 199 158 89 93 35 59 52 169 119 79 38 139 85 38 10 140 51 15 15 19 145 40 172 9 177 178 87 117 197 39 169 196 75 151 96 166 109 88 47 78 147 57 2 41 104 161 48 74 111 5 67 151 105 116 148 145 92
158 158 162 144 110 97 138 34 179 163 102 159 18 84 59 86 5 116 20 56 16 78 99 92 92 173 139 180 140 137 78 176 157 154 122 141 77 54 102 128 50 116 158 75 134 19 98 39 51 56 114 95 68 128 143 158 34 101 185 70 106 19 9 19 129 49 121 190 18 111 149
159 45 163 144 87 43 72 180 92 18 8 67 26 160 188 63 144 28 67 174 5 51 118 38 44 24 134 6 18 170 130 33 102 150 92 60 43 189 177 48 190 164 19 15 79 190 22 182 170 16 178 91 133 158 49 131 178 72 143 190 170 178 45 148 104 1 195 66 65 118 35
22 77 184 174 39 53 146 28 89 151 17 198 48 23 24 58 56 38 35 162 172 113 26 6 175 138 23 187 62 181 86 120 127 198 70 2 62 62 31 134 61 118 141 93 13 83 83 28 116 136 184 85 86 41 114 130 173 137 22 17 72 11 87 40 73 88 195 132 2 63 147
11 128 115 51 156 118 117 25 76 175 186 101 153 69 144 120 21 158 64 71 125 126 137 59 172 32 142 156 154 67 123 5 17 94 186 190 153 78 3 45 5 99 99 26 129 3 131 75 4 107 38 162 146 145 5 119 140 93 146 33 70 31 121 153 184 56 7 60 57 94 13
3 137 132 111 127 134 184 136 3 78 138 94 126 98 91 193 149 179 103 132 155 192 195 138 14 42 129 15 95 87 111 141 183 43 98 32 128 86 121 118 8 81 60 192 26 95 89 151 101 187 4 18 2 199 185 12 199 149 33 58 16 129 78 8 129 191 7 6 138 40 43
154 164 172 42 46 142 180 149 25 13 100 167 116 154 142 162 138 143 78 68 4 120 130 100 71 70 22 138 64 62 76 199 1 81 165 98 43 95 15 31 100 115 126 138 193 61 79 26 82 149 76 148 196 194 2 179 58 109 129 102 184 5 52 151 174 141 116 79 26 106 60
66 81 71 147 131 109 152 191 36 153 27 119 175 42 90 24 163 24 87 186 96 51 113 196 46 63 7 143 5 22 87 81 85 55 53 6 11 93 48 165 68 11 122 43 4 68 160 50 82 3 129 141 55 115 43 70 127 35 182 187 22 104 195 185 161 89 167 140 1 164 74
94 144 113 13 122 88 56 17 93 19 90 116 139 139 125 130 190 29 54 163 184 109 59 77 22 57 66 1 63 132 178 87 33 180 29 161 44 47 107 172 147 44 183 16 46 93 167 180 81 113 181 31 169 19 2 57 36 120 44 8 112 169 93 34 200 143 95 34 159 165 100
21 28 161 133 144 79 48 7 132 36 74 43 9 134 137 11 172 41 80 109 6 123 144 22 159 84 110 168 9 200 188 49 143 41 167 68 135 115 93 155 124 59 151 58 147 62 159 76 111 75 175 148 192 10 176 118 48 164 99 194 26 174 146 16 162 30 88 5 185 94 135
