90
146 193 20 79 145 49 14 198 112 110 54 109 179 100 120 154 163 92 29 133 195 72 87 57 89 187 171 117 39 108 199 99 153 132 155 63 90 122 9 198 142 125 144 180 38 81 147 8 50 100 34 103 126 158 174 99 53 32 126 130 18 18 183 109 54 192 160 43 102 160 160 71 80 178 161 58 66 11 83 7 108 122 170 57 12 72 152 6 166 147
81 55 60 34 79 69 126 103 64 121 169 115 157 186 130 41 71 5 148 172 168 20 68 84 196 168 74 180 45 135 18 54 124 101 88 134 56 14 140 183 80 117 42 3 146 3 38 5 132 138 4 148 5 89 165 144 107 44 0 20 194 31 180 147 51 143 108 56 67 43 45 75 16 106 76 2 79 74 162 81 59 85 164 15 189 183 80 14 151 48
191 88 22 157 27 191 162 149 166 66 91 198 21 70 190 161 100 178 54 43 34 88 143 111 9 96 119 83 96 76 125 91 145 197 129 34 56 159 163 75 103 88 17 111 43 69 19 61 54 31 131 48 57 164 114 96 176 115 33 188 106 25 79 13 150 50 54 2 75 42 97 27 137 54 122 59 10 127 129 64 78 128 139 143 170 50 169 26 52 135
63 46 1 171 122 133 178 4 117 73 84 48 29 153 152 193 59 111 151 4 38 32 158 18 7 20 16 163 105 124 21 80 43 8 40 58 164 29 146 63 63 62 69 108 63 4 166 194 30 46 48 166 139 120 109 116 62 38 147 95 34 117 4 149 63 47 39 36 174 60 184 52 182 176 157 180 17 41 179 101 118 194 125 103 60 191 191 57 67 160
4 76 24 69 151 178 125 200 35 38 166 177 93 28 72 75 103 158 96 163 13 160 29 25 108 76 49 171 161 81 75 94 54 172 130 3 83 110 143 177 92 67 148 155 87 141 174 63 31 38 168 42 67 108 158 58 145 190 73 187 157 79 135 183 155 115 12 127 136 127 156 0 85 91 155 136 63 142 135 162 89 18 48 150 119 180 50 154 50 51
38 65 54 24 70 151 107 13 135 20 131 142 28 114 113 154 160 130 105 45 167 89 121 12 156 166 53 0 98 128 84 162 71 119 27 125 51 25 16 106 132 195 196 110 165 53 33 186 9 137 156 132 193 48 55 123 44 155 37 185 193 191 116 117 156 199 27 129 40 134 53 27 14 61 69 160 12 174 78 97 98 43 199 11 98 182 120 101 43 2
37 198 126 135 75 182 38 70 119 139 155 196 55 128 25 19 162 149 107 162 119 170 9 44 157 182 155 181 174 92 59 91 96 60 98 16 72 31 126 90 22 23 88 93 77 14 76 10 40 116 33 77 160 103 34 25 174 21 52 35 64 128 167 75 74 11 186 174 62 112 91 80 169 94 122 131 88 159 175 6 101 164 126 69 106 105 137 45 186 104
182 84 12 93 196 47 58 116 39 182 37 26 171 109 102 62 24 8 42 129 12 179 98 121 93 114 7 195 155 61 178 33 149 122 154 169 157 0 150 70 188 184 45 153 1 186 185 109 71 163 92 59 2 25 9 135 170 143 41 9 64 123 113 141 12 50 48 103 115 99 107 128 2 24 24 0 154 194 104 74 48 102 78 84 149 101 172 28 176 114
120 17 3 28 188 144 47 75 1 76 11 14 154 153 99 151 90 27 50 101 155 144 82 1 67 52 59 186 49 183 184 196 139 115 79 101 18 188 78 184 101 13 33 103 79 173 198 173 77 198 77 160 161 198 128 174 126 144 125 138 164 96 26 23 21 39 58 111 109 190 156 114 20 132 61 1 155 145 186 40 39 101 29 25 52 59 170 25 119 149
81 89 174 25 23 183 40 147 153 47 91 195 30 85 127 143 148 9 63 27 12 90 116 135 185 143 124 145 2 128 50 80 184 4 131 60 156 71 20 11 86 86 103 11 124 193 107 126 106 87 139 109 31 149 34 184 67 89 168 13 5 25 62 108 128 71 88 162 103 110 90 119 99 82 119 66 128 144 12 194 123 181 105 4 66 62 30 169 167 180
152 90 167 90 179 110 58 32 171 113 131 132 58 170 180 19 175 194 81 113 138 112 133 162 155 81 37 53 29 100 172 90 106 185 133 155 192 2 46 106 138 56 189 16 168 21 125 52 71 46 156 85 16 134 121 125 118 162 195 4 35 198 20 3 145 51 158 43 22 62 44 96 54 59 110 3 133 88 16 190 53 51 149 148 47 158 134 12 15 161
156 11 72 169 112 134 94 200 82 83 190 162 106 192 121 155 85 156 80 134 130 187 124 24 69 129 22 28 199 181 58 123 183 9 199 174 200 68 166 114 118 73 159 38 144 110 3 170 93 1 75 46 121 45 63 64 91 107 131 152 23 197 84 69 125 39 103 149 123 5 23 55 196 140 7 197 144 26 22 175 197 96 62 7 176 41 44 29 157 47
178 57 20 137 78 114 155 63 147 17 102 25 46 137 59 14 193 119 12 54 11 87 171 141 84 19 117 58 127 179 123 58 50 5 78 143 50 195 176 180 13 94 143 200 78 160 124 109 60 175 197 42 125 62 75 27 91 104 25 46 5 55 138 17 55 37 187 42 183 75 99 121 197 178 12 107 88 19 113 181 39 96 130 5 171 65 168 45 132 13
193 15 93 125 171 81 155 188 18 95 76 108 135 37 27 116 38 33 50 55 163 55 172 145 121 24 197 52 50 3 187 90 141 86 35 10 22 82 135 42 68 85 0 52 107 44 97 80 90 134 15 150 107 26 157 7 178 195 41 72 155 147 57 75 59 156 29 119 141 128 2 108 57 162 140 44 49 109 75 30 145 121 143 120 81 44 180 105 45 48
95 177 193 162 173 127 127 155 42 182 142 25 127 78 26 122 23 105 166 108 92 176 88 192 197 23 123 27 36 19 69 198 199 80 36 104 80 145 147 119 116 135 11 92 193 48 130 109 155 101 40 118 99 0 195 181 108 157 44 127 120 107 87 158 134 151 180 76 5 50 129 46 134 31 156 28 152 0 172 162 125 112 53 26 183 59 87 195 15 194
94 90 47 120 152 126 165 109 151 86 48 62 95 197 132 41 136 120 80 14 85 140 126 9 152 119 41 17 85 75 101 15 155 60 145 38 166 71 21 155 57 161 11 54 6 103 45 71 183 11 78 173 167 31 33 134 85 95 41 196 55 143 19 175 128 175 41 111 104 26 190 125 187 116 52 4 157 180 73 192 10 116 114 191 33 59 72 86 66 49
125 133 28 118 95 185 137 43 63 28 164 125 162 45 146 152 32 86 166 0 188 124 88 42 51 19 105 33 61 195 90 72 91 113 125 50 114 174 96 134 194 26 118 137 32 39 87 110 191 153 105 44 109 116 126 103 156 49 55 186 23 138 149 101 67 169 10 34 111 155 57 52 176 30 25 18 62 146 85 68 80 186 163 37 70 5 138 107 29 95
103 15 160 12 141 85 5 124 90 93 67 119 57 138 158 89 81 46 165 130 30 189 149 62 75 174 132 74 133 105 187 61 87 115 17 14 101 7 171 121 86 15 89 72 194 151 140 106 86 59 128 100 90 172 54 163 36 77 25 199 45 166 167 30 174 148 91 124 17 96 108 105 188 109 63 14 109 87 22 68 23 47 114 172 80 155 87 5 189 101
164 29 83 138 179 76 0 88 17 99 99 49 139 182 143 145 174 151 138 52 148 200 194 61 63 198 125 9 41 125 166 98 74 172 199 67 39 107 76 75 40 20 128 127 0 186 147 75 115 104 164 122 33 48 4 100 121 106 42 160 97 2 13 172 25 148 35 157 161 138 166 93 131 76 136 42 99 155 90 99 162 192 154 6 163 149 15 55 50 167
24 65 137 125 23 10 94 45 30 20 142 108 102 160 163 23 148 199 178 77 170 73 21 200 64 44 43 137 131 92 54 50 186 168 20 88 166 108 179 190 87 138 2 193 116 85 186 98 26 140 178 71 16 165 105 148 198 113 43 195 184 80 166 14 115 142 143 51 34 1 32 123 32 16 158 113 115 112 101 148 176 170 29 100 104 17 167 56 165 147
144 139 98 80 78 69 58 149 11 180 174 79 172 133 80 157 135 169 112 43 196 157 200 151 81 55 27 92 25 57 5 161 133 160 192 56 118 188 183 174 97 103 141 47 141 130 114 154 95 108 173 6 1 98 149 63 109 53 104 64 84 109 121 12 114 48 47 25 163 97 78 122 121 28 47 72 42 25 86 163 140 13 155 132 148 20 102 52 54 187
50 62 174 73 199 4 194 174 14 46 139 0 63 147 96 49 85 130 52 162 187 119 36 185 161 37 25 158 113 71 171 73 132 185 11 195 58 180 174 193 120 55 126 85 93 58 171 112 55 8 3 97 62 146 87 6 116 173 64 50 156 129 162 68 127 79 142 107 52 181 13 110 20 0 51 119 60 129 151 107 13 141 191 20 51 125 30 36 106 166
127 192 69 140 43 97 197 142 122 80 97 169 83 33 157 74 41 53 177 171 45 44 50 124 50 32 95 163 175 181 9 65 119 129 144 83 69 199 52 25 1 177 98 5 43 178 158 130 11 37 177 20 64 78 147 4 131 29 104 173 20 51 75 65 117 178 144 18 55 72 18 4 101 83 120 181 112 134 6 197 78 196 97 115 85 23 84 54 22 143
12 26 27 175 42 32 194 91 22 160 170 3 44 160 27 187 105 73 151 49 128 112 168 26 157 86 130 137 177 130 120 73 143 2 78 92 33 88 67 132 188 19 189 48 30 72 96 14 109 200 66 64 150 89 2 55 151 70 150 94 62 25 176 140 155 197 97 83 140 24 68 137 52 160 30 136 33 135 168 173 118 21 161 48 109 98 40 40 138 74
143 174 118 177 51 109 46 16 116 4 106 101 15 45 127 2 63 156 98 74 168 88 159 131 15 118 41 157 171 100 76 13 140 158 132 22 107 187 63 200 81 41 154 136 172 151 42 123 94 6 105 148 181 50 17 166 52 63 171 127 4 35 91 153 44 174 15 52 68 131 198 39 78 7 123 191 197 0 113 4 23 27 142 168 37 169 143 143 163 89
198 6 101 37 44 85 173 105 10 23 106 66 137 169 145 199 147 195 75 156 182 163 184 81 175 173 193 12 125 40 71 177 46 114 78 119 18 32 6 165 81 142 134 86 161 7 114 11 47 97 192 24 84 187 73 86 77 169 188 189 104 29 50 76 48 89 150 111 31 28 145 134 195 143 90 66 113 123 66 150 161 130 84 117 13 83 105 7 82 59
32 153 25 192 74 128 191 9 60 119 14 121 122 133 166 156 58 37 84 82 174 111 33 114 56 170 188 182 159 169 146 192 140 144 44 192 76 63 181 4 151 33 188 19 27 24 155 95 170 30 64 103 57 138 172 119 161 195 81 185 66 169 166 199 18 107 146 185 80 33 168 186 112 77 103 35 154 70 197 100 71 67 136 95 87 164 10 97 125 149
194 100 50 70 88 172 62 161 98 93 32 115 81 157 98 100 149 18 151 106 29 189 197 4 105 132 108 157 87 39 15 145 107 172 119 9 76 192 116 159 150 65 42 108 98 74 134 113 145 163 149 73 0 185 110 30 152 88 137 130 164 12 147 76 108 10 58 194 129 20 95 130 167 148 44 83 21 50 198 44 176 72 74 73 186 98 73 101 89 9
33 168 190 113 185 46 46 84 46 45 84 25 1 136 52 21 118 94 111 65 161 25 120 95 190 53 100 58 75 185 137 57 22 136 150 138 21 194 138 172 163 126 1 61 185 121 25 102 162 132 147 133 99 188 188 55 33 51 56 84 22 22 92 64 195 5 32 85 64 170 154 28 74 111 61 154 95 42 52 163 158 179 76 77 91 101 159 110 61 22
12 4 6 58 111 168 27 25 139 175 142 164 107 67 142 36 6 44 72 128 31 180 166 143 71 61 82 70 44 54 108 43 126 135 36 42 84 180 152 156 88 18 159 6 150 144 133 192 26 28 77 148 83 147 65 147 103 163 65 168 93 165 138 19 125 99 29 167 134 31 4 72 63 31 169 131 120 90 73 111 169 189 190 180 106 48 111 198 6 90
131 162 158 40 62 74 135 127 98 80 69 39 137 34 129 149 151 59 195 170 191 54 70 163 188 6 191 66 16 73 128 189 181 122 19 71 19 172 175 70 110 82 59 10 92 37 138 127 107 157 194 144 1 111 146 136 188 6 79 66 164 140 66 149 199 73 194 10 153 14 85 97 166 42 193 60 119 159 119 151 138 0 62 177 127 75 44 8 64 128
126 46 62 52 70 28 81 24 118 195 165 102 19 115 187 119 157 199 88 193 147 131 189 144 126 139 68 95 199 144 104 70 18 137 8 78 27 142 100 29 0 94 120 27 161 103 127 156 76 77 51 99 189 40 19 95 106 174 1 28 92 135 68 109 131 67 110 169 109 190 97 71 163 64 6 158 12 4 148 178 161 188 38 89 97 200 179 101 156 130
19 178 96 167 64 0 173 55 57 100 36 183 144 64 94 16 69 142 0 154 79 183 184 112 141 32 52 91 116 44 97 65 197 96 149 176 108 124 183 14 124 84 87 194 33 42 65 6 149 156 88 68 165 82 12 111 164 5 107 146 156 32 125 16 182 144 149 49 6 71 174 176 160 144 50 86 131 200 5 171 14 38 44 98 76 135 149 55 71 54
35 90 83 91 87 124 42 166 102 134 117 161 62 10 117 180 177 90 68 129 136 20 192 88 62 140 154 25 120 24 127 68 127 38 97 182 160 187 33 200 190 102 142 147 182 188 101 189 69 108 172 74 53 144 182 38 101 105 123 81 197 165 156 109 171 171 199 174 179 30 188 45 30 103 117 196 37 185 147 23 80 78 55 50 110 106 76 2 91 124
53 87 81 55 114 87 79 189 19 108 127 73 161 44 4 100 34 98 191 126 0 102 66 171 36 140 200 112 179 87 160 110 24 2 111 130 160 126 32 16 189 13 199 188 39 51 171 141 64 93 177 52 194 200 5 174 9 142 109 162 116 119 141 86 111 192 192 85 94 4 168 142 44 150 123 23 181 140 38 102 153 68 31 98 58 155 90 148 5 99
164 87 153 141 84 90 176 24 62 185 154 180 71 171 166 111 190 186 72 106 126 185 113 175 7 152 130 143 86 18 44 110 158 121 198 38 68 161 3 76 41 52 10 111 92 44 123 0 195 108 61 158 200 188 185 36 109 86 46 9 145 19 99 81 193 75 105 151 50 0 22 72 107 57 53 172 76 192 130 156 136 4 23 101 40 46 95 113 148 51
186 80 159 61 61 49 157 158 192 58 151 183 197 65 16 86 66 119 109 194 12 144 138 117 194 71 76 106 143 146 139 18 3 71 150 117 63 65 43 82 40 197 32 70 88 145 61 164 200 106 174 57 100 128 115 178 68 63 172 22 46 69 84 134 135 9 147 71 58 173 5 194 18 147 31 100 38 106 41 195 144 104 40 149 180 186 179 8 55 137
71 89 44 23 184 194 159 140 8 19 173 155 50 61 61 109 181 56 2 173 170 17 104 173 34 124 99 78 34 87 102 146 3 54 161 140 42 6 23 134 87 26 75 195 84 41 189 81 87 187 91 193 118 133 50 109 88 1 90 149 121 61 25 89 162 75 95 167 158 43 195 57 61 32 102 170 113 32 149 111 12 170 85 166 55 103 157 189 139 150
185 139 30 134 154 95 58 65 176 116 155 40 134 189 2 196 38 39 84 37 51 163 10 118 187 151 49 120 179 107 141 38 93 6 186 23 65 180 197 159 107 62 61 166 198 198 176 103 129 31 74 68 181 147 79 97 169 41 114 93 158 191 96 44 171 165 176 197 157 194 171 122 19 22 81 70 167 129 21 62 70 180 104 36 21 50 46 35 38 41
163 55 135 177 25 174 195 66 36 112 50 170 4 140 101 109 58 135 77 148 45 111 159 158 82 128 98 174 5 16 20 175 52 124 72 25 76 23 153 192 196 183 198 52 135 72 22 38 90 191 199 156 172 195 153 200 70 170 145 174 18 174 153 63 122 0 66 168 100 195 80 163 17 43 142 154 40 167 13 20 28 194 166 118 189 140 106 60 103 114
33 161 42 184 120 114 171 27 109 114 117 89 56 151 159 171 65 160 141 144 58 173 52 41 86 29 88 7 133 41 106 90 74 66 64 81 42 192 200 120 126 184 118 200 14 152 14 62 40 194 0 186 95 125 169 100 98 95 174 99 57 69 116 75 61 111 93 81 145 196 173 54 27 125 116 6 62 74 68 34 98 11 66 183 123 36 46 80 119 53
191 131 63 116 106 105 1 180 95 6 139 25 29 21 113 186 97 98 145 21 197 50 142 100 31 13 111 152 132 138 57 57 172 161 174 198 49 197 50 99 138 7 192 163 113 24 126 1 89 124 107 175 36 53 150 118 150 99 192 57 38 54 104 33 192 5 79 166 90 183 152 113 119 44 48 193 124 33 172 14 28 46 108 109 52 69 38 131 152 112
49 65 27 4 30 100 18 44 48 97 161 18 131 25 174 180 27 56 178 62 141 51 111 96 86 119 54 146 58 144 36 70 129 118 67 141 42 123 9 200 24 31 146 97 139 139 114 58 151 21 150 27 43 104 187 149 12 136 181 170 170 50 94 153 108 43 102 83 12 124 92 194 24 22 54 151 132 126 62 37 23 191 147 29 172 166 188 133 154 131
142 22 69 111 44 158 153 0 62 169 28 179 116 168 158 165 65 169 115 68 168 5 133 20 9 79 88 100 96 145 27 153 91 170 62 13 15 200 96 44 154 104 66 59 145 72 173 46 198 55 43 126 30 116 133 34 57 77 42 149 13 58 35 188 28 152 50 28 141 49 163 176 130 179 26 155 45 177 183 164 148 134 189 62 115 56 84 100 186 175
25 13 91 102 67 189 91 117 138 99 187 43 80 48 34 37 183 176 90 71 44 41 76 36 111 2 134 133 92 200 69 180 140 80 41 21 175 198 31 34 96 145 23 156 137 150 96 16 91 14 133 171 172 144 80 114 83 25 183 147 154 139 165 200 83 194 5 28 22 19 1 125 176 168 149 100 169 54 34 1 175 62 36 44 116 78 76 88 192 128
136 58 195 130 138 176 189 99 85 137 152 160 179 66 127 1 27 87 194 83 129 145 18 118 162 62 188 91 138 132 11 62 24 119 176 191 69 143 143 181 1 124 114 9 97 83 166 64 44 118 187 101 146 198 53 197 82 190 137 37 32 133 36 103 97 84 99 169 158 28 118 44 40 196 64 0 119 187 151 95 169 177 190 161 46 39 91 11 85 4
171 8 151 112 53 23 106 77 46 79 188 108 131 160 61 132 9 48 62 66 139 193 77 39 67 192 195 197 84 84 74 159 154 86 0 34 25 183 19 34 18 66 112 198 33 98 20 20 44 111 138 134 125 21 142 90 72 119 36 105 145 94 13 115 126 30 129 162 172 65 96 65 46 45 54 69 179 69 3 29 167 193 55 104 112 186 187 66 85 48
62 39 99 11 148 76 62 72 126 56 136 44 182 77 39 65 76 66 8 170 40 83 151 173 31 189 83 156 195 171 156 150 18 105 145 158 182 17 13 116 135 73 150 49 60 29 82 137 45 142 97 143 17 58 135 63 154 87 172 5 66 189 50 132 57 72 161 47 176 26 81 33 71 95 119 106 183 91 176 126 110 64 167 88 48 191 173 154 83 2
86 47 160 1 8 49 99 73 103 134 165 105 191 189 32 126 177 62 149 56 73 193 23 171 47 76 7 194 115 152 191 165 91 4 28 73 144 103 95 38 140 27 7 118 87 115 128 156 44 197 78 163 183 13 131 117 38 200 172 1 163 31 154 71 180 135 109 190 74 15 69 79 47 160 28 89 96 19 96 196 31 11 145 135 88 48 140 190 3 169
176 111 126 148 117 169 143 190 139 43 9 59 122 65 197 62 122 152 23 187 8 145 70 151 82 106 164 62 65 135 33 200 144 196 16 69 94 97 14 76 96 147 171 108 8 77 131 197 175 77 107 133 34 143 120 74 19 199 177 138 8 143 12 123 74 63 109 74 36 19 109 189 45 154 51 187 85 147 104 101 176 92 173 128 71 189 22 26 13 147
96 90 120 137 83 54 172 197 51 71 192 77 40 168 115 78 42 132 119 40 44 118 145 29 79 56 34 195 138 151 66 180 184 30 17 166 12 92 124 18 88 74 5 164 10 108 143 32 83 160 55 82 108 34 45 143 4 58 129 70 154 200 22 30 77 76 16 181 94 65 140 198 169 112 125 4 64 107 180 178 14 4 53 18 15 141 148 57 148 113
130 137 177 190 9 90 2 162 33 152 153 133 120 155 39 46 189 44 30 18 149 50 77 127 136 121 189 187 21 155 109 79 190 111 33 194 81 120 59 150 53 190 187 14 119 64 106 192 130 128 102 47 97 165 61 31 93 29 122 97 186 151 155 196 67 152 134 155 185 169 27 78 133 21 46 186 75 168 59 51 11 0 28 31 60 163 193 49 52 73
108 187 18 110 89 174 184 107 172 152 68 199 170 17 27 29 25 106 8 83 180 169 64 140 183 92 9 10 29 80 87 178 113 186 90 102 101 199 53 103 176 21 118 98 133 54 88 159 88 55 161 68 136 17 68 39 167 21 180 83 172 180 190 26 136 25 191 143 172 174 5 56 110 12 125 135 66 149 108 180 192 56 53 127 199 122 112 65 137 166
189 136 182 65 185 25 182 193 156 8 77 19 37 14 183 194 198 41 30 199 145 95 200 188 63 11 143 47 60 16 48 131 103 142 134 166 107 90 116 169 3 151 32 44 6 164 54 38 76 110 100 154 11 121 23 177 190 136 35 188 41 10 108 168 179 125 9 46 64 28 132 55 179 97 13 124 105 148 34 85 125 183 70 119 8 112 69 0 1 52
181 36 121 106 10 132 172 125 75 97 185 21 44 165 73 146 168 85 127 166 126 130 97 115 80 128 16 127 41 180 92 114 113 187 25 82 115 13 186 17 140 107 4 115 16 85 161 137 48 7 172 40 111 141 111 188 105 27 19 155 103 49 192 101 182 148 97 181 135 133 28 159 24 114 2 112 21 166 65 136 9 149 62 122 67 124 128 16 98 44
13 3 147 78 165 166 72 39 107 177 38 137 76 97 66 171 138 187 77 93 35 147 16 15 58 76 186 197 13 191 103 129 172 105 40 57 12 7 89 27 173 97 98 163 153 66 7 34 110 69 80 94 14 185 149 41 114 173 97 36 105 132 23 108 89 177 108 143 101 24 20 183 139 41 176 192 187 86 195 121 29 13 76 83 110 106 162 163 200 138
75 68 167 180 173 95 137 59 162 84 28 95 38 78 100 190 62 140 162 15 147 87 145 178 190 99 148 50 28 107 132 62 80 72 177 99 85 9 89 69 23 132 42 105 0 73 158 114 91 200 58 20 107 193 30 47 139 147 140 97 157 4 115 6 64 97 52 68 48 82 154 14 8 140 176 171 191 172 172 148 96 132 25 97 178 118 174 6 125 116
199 79 121 82 84 33 30 135 134 83 27 57 65 17 162 9 53 91 81 179 182 181 81 71 129 131 39 85 43 152 121 174 46 42 163 46 150 104 59 45 122 8 91 58 83 4 68 147 35 24 97 71 103 147 150 86 18 8 39 19 91 73 130 44 120 198 47 146 137 166 88 87 142 144 45 59 42 15 134 187 103 91 100 118 78 153 60 169 101 47
197 193 61 140 195 102 169 52 143 2 104 45 74 158 165 33 195 71 126 85 70 184 13 52 26 10 164 164 143 114 85 172 160 122 107 61 52 12 84 172 8 93 173 121 15 6 141 200 62 120 47 24 177 130 17 138 61 147 178 135 72 180 125 189 50 20 193 37 167 121 31 183 116 133 121 125 57 161 191 20 121 144 130 153 73 184 99 2 58 121
29 22 141 178 98 165 99 144 119 170 59 183 189 182 35 177 38 77 129 78 6 79 116 80 134 144 143 82 5 36 116 98 48 101 62 158 185 113 198 108 88 113 76 11 117 165 199 114 79 78 113 136 163 99 11 178 75 101 9 133 44 73 170 150 78 21 12 14 154 176 126 100 69 148 152 90 49 91 8 130 163 33 161 81 105 25 186 119 25 8
142 66 174 21 50 153 108 138 141 177 69 30 46 35 138 177 137 197 188 32 100 21 193 171 138 89 129 107 142 116 174 87 2 83 139 143 3 145 115 85 139 195 164 150 93 107 11 165 25 143 85 47 177 109 108 150 116 19 102 125 92 130 0 150 126 123 144 126 142 17 147 17 109 154 61 19 173 186 170 46 132 176 14 11 200 167 56 2 62 196
185 125 55 90 64 11 1 195 169 81 125 29 104 87 190 189 109 186 62 170 175 162 155 113 123 200 89 171 173 117 105 57 138 38 159 70 197 127 59 165 47 149 58 43 68 152 192 75 107 45 15 117 182 142 144 138 92 44 77 70 114 86 105 105 97 104 199 22 69 87 30 91 35 28 83 80 86 40 109 135 49 7 129 132 170 48 97 159 119 61
47 19 0 108 2 100 50 24 170 188 70 113 184 79 159 122 57 62 68 171 105 170 26 142 130 193 23 4 39 73 156 168 165 114 194 33 59 83 105 41 152 90 70 79 149 96 134 178 173 144 11 48 42 146 189 96 115 199 75 56 6 7 117 93 173 88 18 137 119 153 75 36 125 67 174 82 187 187 141 176 92 166 101 23 49 110 24 77 171 23
108 57 57 128 137 174 94 19 15 195 116 117 122 171 152 176 60 61 189 71 41 56 175 51 115 160 72 152 173 15 20 96 8 9 96 49 146 146 186 75 58 63 132 162 114 22 192 176 6 172 81 63 87 108 44 106 9 76 16 7 138 50 147 177 11 198 53 185 189 143 13 43 149 119 5 135 78 141 150 9 88 114 193 101 158 122 152 152 6 136
5 21 147 155 40 43 158 94 155 91 52 141 132 158 39 128 131 146 157 40 27 194 178 89 73 43 51 179 139 175 77 172 26 3 62 37 90 48 134 119 58 196 31 0 138 52 91 31 38 82 184 180 133 75 32 126 53 195 61 64 133 19 146 58 140 162 120 175 36 51 138 159 11 44 130 26 42 188 86 172 5 7 142 132 167 183 10 104 178 137
28 54 125 86 46 118 133 33 135 117 150 122 34 180 26 200 147 118 135 73 4 55 160 159 78 106 89 170 88 47 147 110 76 24 68 189 19 128 170 177 137 160 163 71 15 38 165 41 125 142 59 135 29 81 95 94 93 138 64 91 101 198 22 191 85 200 194 15 84 145 90 164 169 181 119 91 93 13 193 43 30 96 178 171 61 117 39 37 19 51
85 99 193 176 199 131 120 152 22 42 38 194 51 99 199 22 13 59 180 123 91 129 180 184 84 193 165 167 85 74 153 50 116 80 85 190 193 0 184 157 185 133 200 94 184 119 137 38 2 174 182 81 4 199 184 8 43 129 4 170 14 3 3 67 147 98 69 15 76 91 186 113 148 158 20 189 122 140 95 164 36 163 45 98 78 186 89 177 62 200
47 160 154 95 11 170 72 84 108 82 141 41 189 50 189 117 127 196 87 11 185 3 14 172 19 2 133 148 172 162 23 159 182 3 24 147 19 8 148 24 162 58 62 8 63 197 40 74 128 99 167 17 50 160 66 31 101 76 175 114 20 140 93 0 75 178 59 145 116 19 151 57 171 118 158 45 70 29 101 85 180 160 107 112 186 165 72 188 194 34
94 140 200 37 187 163 167 62 134 67 152 69 7 110 141 56 182 126 179 195 83 103 103 125 191 123 64 145 36 194 131 14 38 77 137 73 160 10 55 98 118 175 179 65 73 163 91 119 78 139 3 32 71 147 147 98 95 112 49 14 192 18 163 176 128 119 47 94 12 163 167 70 63 148 172 115 48 73 29 175 152 90 33 9 95 18 122 59 40 191
85 8 68 126 59 54 115 21 80 48 92 107 35 34 64 148 104 32 159 11 132 152 99 161 54 43 83 189 139 30 6 192 131 166 71 26 103 131 132 151 182 32 79 56 88 72 122 98 17 137 118 55 28 61 187 73 137 149 20 169 92 47 46 64 112 165 61 51 193 42 92 4 181 147 75 37 23 89 195 142 8 76 102 90 156 129 142 51 200 16
43 188 28 72 87 129 5 65 150 46 141 170 159 171 112 156 96 185 104 164 170 113 162 95 124 193 128 106 20 20 11 155 82 154 29 11 44 73 19 134 115 174 123 99 18 25 136 167 194 109 72 83 84 140 69 190 113 95 173 22 109 116 160 2 200 130 194 100 42 166 173 113 72 50 109 171 132 40 7 115 162 28 20 58 132 184 105 101 193 53
1 11 37 12 103 145 146 33 25 186 49 156 164 35 177 49 151 25 65 106 109 164 97 54 26 107 199 121 93 90 53 134 180 146 99 77 160 166 190 36 174 61 26 108 103 18 173 12 141 191 109 153 21 145 51 75 52 110 25 188 183 124 28 180 33 19 14 49 182 66 82 175 199 125 146 77 154 91 156 181 102 57 8 96 61 48 146 18 174 87
112 163 40 160 166 122 62 76 137 195 31 89 172 183 27 188 189 51 92 100 5 56 125 166 166 37 118 160 64 3 31 177 0 164 142 155 83 163 76 67 70 133 4 164 111 55 148 75 198 19 84 119 67 11 56 189 191 194 79 82 153 5 177 148 113 102 158 169 59 143 168 101 176 1 110 41 158 86 4 8 60 0 59 101 178 46 27 3 26 176
20 67 145 187 13 118 166 118 169 21 162 137 105 66 96 60 122 27 185 60 196 54 112 169 156 33 112 100 169 151 20 111 40 184 123 33 192 113 91 148 6 76 97 102 93 110 24 195 2 89 74 79 6 131 132 41 183 160 173 91 109 58 29 141 103 42 14 84 195 20 163 131 180 45 126 31 44 150 158 9 133 131 67 185 186 155 68 144 81 199
38 121 111 110 168 88 67 179 200 139 169 154 168 109 73 23 153 112 103 92 52 81 71 1 33 120 148 131 180 7 92 86 17 15 114 200 144 126 49 2 134 176 78 36 152 5 116 26 148 122 76 24 186 15 5 35 90 17 10 118 30 163 36 110 166 138 85 54 43 181 53 20 184 137 132 183 43 174 72 109 111 126 140 80 142 30 67 144 148 46
49 92 100 194 135 56 46 131 124 67 179 30 143 163 33 28 28 136 161 138 170 163 143 82 19 189 26 27 106 195 128 193 78 21 197 112 4 28 134 198 48 154 86 9 114 199 15 196 120 61 139 7 188 26 58 169 14 175 96 49 72 163 68 28 39 38 148 89 44 121 5 156 49 137 141 67 107 3 161 132 172 185 79 61 14 187 148 32 84 88
43 80 93 120 167 96 152 150 174 61 128 77 84 181 40 29 97 139 141 93 156 7 1 178 143 121 57 170 139 128 65 72 9 106 86 60 82 40 177 43 95 35 192 104 111 12 84 20 108 77 160 38 194 162 87 92 61 194 8 182 85 37 166 21 116 18 161 6 11 2 144 177 189 73 29 19 174 118 181 100 191 85 138 127 186 144 87 55 99 145
41 164 59 156 115 34 162 173 66 7 129 26 34 48 101 159 164 143 79 160 23 26 121 101 140 36 138 46 143 128 146 91 50 154 111 197 189 164 50 200 167 68 67 118 91 174 187 129 18 121 53 81 89 83 198 137 50 117 89 53 122 75 73 147 153 195 45 181 153 81 76 10 76 111 134 11 24 173 83 33 114 26 182 41 200 144 80 17 65 152
100 65 171 158 8 4 41 194 179 53 175 107 80 172 30 196 140 196 75 123 12 103 197 21 69 109 70 186 154 164 71 2 5 92 14 0 143 35 133 37 193 128 135 22 53 175 182 64 86 75 126 147 34 163 168 137 91 147 159 129 197 80 151 66 190 64 195 25 31 89 81 57 185 54 182 192 161 27 4 38 10 108 192 156 198 35 17 122 81 49
199 178 140 151 56 8 66 119 1 92 93 44 200 47 160 171 198 188 7 153 7 56 73 188 99 29 161 117 181 193 125 13 196 37 99 68 167 116 44 12 129 73 32 121 145 15 46 160 0 69 13 57 170 48 134 26 138 189 48 188 61 96 111 46 45 24 150 108 45 116 46 16 188 148 73 152 62 43 123 70 166 9 13 101 79 15 132 69 121 82
147 39 150 107 139 120 105 176 186 194 112 98 128 117 168 145 146 18 156 136 56 134 195 108 11 112 38 89 57 26 161 88 139 25 98 32 42 189 26 178 5 97 64 2 174 7 135 54 100 194 172 141 146 44 21 185 108 111 73 176 73 164 66 0 184 190 107 31 76 109 149 103 180 196 200 169 70 154 89 194 108 57 20 166 192 139 173 28 27 149
187 174 17 22 150 19 132 25 163 178 168 33 83 84 60 59 58 48 88 16 53 93 27 189 166 81 140 123 108 86 86 136 105 62 14 58 22 164 81 138 41 59 50 197 122 183 140 121 69 4 62 173 60 150 186 87 173 78 97 39 115 73 65 154 38 176 88 4 83 191 10 139 155 50 178 2 76 20 55 180 71 198 127 17 104 177 5 178 156 199
189 129 172 145 127 18 69 138 190 116 106 8 27 58 102 46 126 128 81 44 120 153 72 199 192 143 21 159 59 17 65 151 191 157 89 130 143 150 35 67 110 118 172 52 40 98 194 121 192 192 162 29 122 102 158 50 63 40 75 175 197 99 11 73 112 112 124 12 130 165 129 19 121 1 156 164 130 26 92 70 113 196 63 104 107 126 69 97 172 63
65 93 189 180 1 135 180 41 0 183 127 46 38 172 176 127 107 126 141 198 32 85 37 151 167 3 30 172 64 168 50 181 168 63 30 115 64 69 53 10 105 144 17 6 0 1 102 28 43 196 171 87 145 190 190 197 111 7 88 92 13 34 67 158 109 87 132 133 41 60 170 74 25 89 111 106 137 58 199 107 199 14 109 36 159 88 22 192 110 117
48 139 84 132 58 84 37 195 148 155 183 99 12 187 124 4 21 89 106 32 49 128 13 192 3 75 168 103 30 200 150 65 110 117 151 117 78 69 136 0 17 158 46 12 39 173 146 89 1 24 42 24 145 157 23 44 161 107 141 24 164 29 10 198 172 27 77 185 14 192 186 71 178 61 2 127 33 74 76 160 173 74 6 164 31 59 161 119 39 199
34 44 46 130 129 137 170 41 114 85 39 22 118 43 28 138 37 64 196 200 148 180 162 159 140 179 32 97 177 172 148 142 198 154 5 88 1 89 173 15 42 101 58 30 169 71 118 146 170 180 129 44 42 14 0 190 32 86 77 165 181 79 46 79 108 172 29 183 148 63 184 57 189 16 105 146 174 96 44 63 45 133 195 9 119 10 189 66 112 49
96 142 115 101 1 94 4 70 12 50 126 198 145 26 147 20 36 47 184 35 75 44 169 8 119 42 70 146 113 185 172 181 136 87 113 83 56 118 148 56 71 161 172 8 120 78 20 14 181 34 6 120 142 123 124 27 183 39 45 118 108 55 25 139 155 126 156 139 64 40 10 96 123 50 30 75 27 72 66 184 21 5 63 178 167 189 198 169 2 28
173 151 187 94 18 83 7 36 173 11 42 137 22 170 47 92 94 103 41 45 75 144 51 95 16 69 2 45 188 14 162 36 88 171 39 120 7 147 27 183 79 171 136 15 101 8 154 122 99 195 178 108 139 196 154 151 160 74 126 192 82 141 74 116 92 109 147 145 175 85 197 62 101 41 77 132 3 171 32 104 196 143 102 94 78 125 194 16 122 50
184 39 171 198 106 156 147 76 59 78 91 182 111 91 144 159 187 162 48 3 90 37 34 32 180 133 137 6 83 86 39 11 57 153 71 188 85 17 124 14 3 137 63 95 44 2 149 13 172 95 104 73 0 109 36 13 78 128 71 160 14 57 142 66 148 142 74 157 146 13 10 16 178 63 72 104 121 194 69 97 1 122 186 189 200 116 172 72 116 92
140 159 120 197 99 26 76 23 58 124 14 67 54 115 149 40 6 184 171 75 140 42 1 52 29 57 120 149 9 75 17 27 71 124 61 15 60 43 135 110 136 133 71 114 47 126 171 66 29 73 198 110 165 74 50 160 7 24 2 135 66 24 42 106 200 89 73 98 153 102 60 63 133 157 100 192 131 21 50 192 199 51 152 195 172 186 175 157 133 162
