29
163 191 182 180 132 36 67 68 162 164 195 123 73 31 7 16 134 176 78 22 112 149 37 102 43 177 170 31 150
59 178 50 188 59 56 25 1 41 126 62 147 56 131 181 100 117 106 196 186 175 86 196 23 29 44 125 139 36
156 22 57 87 176 182 15 82 196 105 170 2 121 131 187 21 14 58 36 2 178 128 163 114 191 69 27 119 74
102 191 150 185 187 74 23 127 121 183 98 179 13 53 28 165 135 64 54 100 62 41 153 124 24 23 87 198 199
71 54 10 52 101 26 130 137 98 196 162 115 83 169 110 56 169 55 78 185 83 59 151 23 174 176 108 84 148
65 108 146 189 43 185 64 77 64 192 64 42 118 189 197 115 8 39 84 127 58 143 81 168 12 9 65 178 80
197 164 154 10 21 174 78 172 110 71 35 141 193 48 31 92 66 119 27 95 69 162 42 178 152 8 53 85 160
154 63 159 43 183 152 156 173 131 139 58 172 165 77 122 116 64 145 28 187 108 75 87 172 200 160 19 77 122
89 82 183 84 119 120 108 196 193 64 193 62 112 60 158 85 75 159 139 93 175 199 37 113 42 89 97 171 80
172 118 95 78 38 16 116 75 104 67 46 135 22 187 186 152 149 62 155 112 177 166 173 150 99 193 77 21 179
111 42 69 191 157 53 89 86 151 76 196 50 93 179 62 181 114 167 179 65 169 16 156 8 155 163 5 45 95
147 84 124 125 118 147 159 176 173 102 109 56 122 103 53 72 20 181 172 124 100 191 113 170 145 107 99 139 63
81 156 162 61 65 95 150 2 1 24 162 182 20 149 65 73 56 9 24 98 21 6 55 58 2 88 103 71 4
61 9 57 97 103 17 43 19 65 178 131 138 182 99 100 3 90 171 99 124 54 37 52 197 20 137 134 68 157
112 1 129 99 199 88 183 28 4 14 151 157 5 171 113 25 27 62 82 76 129 134 35 4 45 129 103 131 37
132 21 116 156 91 139 65 95 137 43 161 184 138 25 142 76 128 99 143 155 137 25 134 64 96 63 39 109 181
119 0 190 156 139 92 1 143 79 2 175 116 36 103 167 79 161 106 155 89 34 138 119 131 170 155 181 98 65
197 153 123 30 164 146 86 51 5 167 185 41 39 38 189 20 86 33 128 16 108 106 89 70 127 168 67 199 114
86 117 54 70 86 144 148 5 180 139 35 91 160 87 25 92 152 38 196 167 68 182 87 197 145 33 86 129 36
129 118 15 117 111 75 194 23 170 2 28 96 148 137 37 165 28 93 33 14 35 145 12 126 109 30 155 19 80
58 49 110 153 77 103 122 54 62 197 156 106 166 127 167 110 166 57 80 177 154 157 179 93 14 72 149 27 174
199 94 50 33 157 138 49 158 13 169 154 82 199 198 39 74 185 122 136 197 139 78 191 136 87 128 87 183 129
65 172 43 39 88 189 68 62 53 67 34 176 137 1 132 187 24 154 38 116 67 183 100 46 6 90 39 153 38
36 120 195 38 128 3 100 101 120 190 22 42 81 102 23 196 117 67 109 54 40 19 189 119 129 76 94 6 83
1 95 113 123 174 154 91 105 102 176 17 126 147 184 114 139 35 27 53 148 87 83 120 155 141 93 178 77 157
154 130 127 134 95 58 102 90 14 14 198 34 126 11 119 130 48 59 168 158 49 169 51 131 0 105 155 192 47
111 32 163 144 46 64 53 128 48 180 87 49 118 177 182 198 170 138 104 59 17 187 14 137 95 182 174 103 165
64 63 129 87 46 88 59 110 43 90 50 173 103 175 5 24 155 64 19 151 145 160 185 85 1 193 60 105 171
18 184 94 190 64 95 72 29 191 89 156 172 195 49 174 186 69 31 94 175 106 188 111 70 178 50 70 81 148
