43
179 145 136 167 133 169 53 125 19 117 63 65 169 109 22 175 121 196 23 25 132 107 170 72 129 85 47 27 160 58 21 135 50 159 184 69 96 149 2 135 31 40 171
143 127 138 105 122 76 113 172 132 161 11 41 9 15 22 45 106 86 128 120 80 155 128 125 105 171 74 94 56 156 182 106 105 37 49 28 29 115 192 11 35 127 6
133 12 25 133 55 189 55 90 170 127 108 117 120 158 35 105 122 96 25 39 133 122 5 12 45 149 102 94 21 20 174 88 153 144 132 72 82 106 33 119 199 184 141
87 11 56 17 1 73 54 81 178 52 38 86 32 147 18 45 183 170 104 188 169 194 173 51 155 107 42 90 42 129 25 191 39 78 89 115 57 0 76 36 159 134 33
39 29 65 36 73 109 23 129 133 24 191 174 166 154 114 112 37 135 13 56 142 58 58 26 58 129 149 94 86 84 199 159 6 178 87 83 103 9 118 123 138 107 122
71 60 53 143 137 200 53 25 58 21 17 188 121 16 154 20 128 32 180 28 30 190 2 18 167 82 79 63 135 162 49 183 131 164 106 82 59 37 8 146 47 124 127
95 51 72 199 19 19 128 65 104 196 95 184 67 106 0 126 4 30 80 98 163 59 105 42 179 197 196 24 76 5 53 63 76 49 52 144 30 170 5 163 128 13 21
180 22 153 113 10 75 27 6 90 59 150 55 75 52 105 45 109 95 93 116 107 30 118 6 193 91 178 31 56 175 111 21 105 199 181 99 144 94 164 110 49 32 59
152 40 81 80 149 103 177 120 38 62 163 100 56 122 116 41 54 95 106 36 171 30 125 158 2 134 78 95 157 77 109 162 75 110 109 162 13 196 19 118 95 23 14
142 41 59 194 73 96 26 134 108 132 185 81 121 77 144 52 142 10 70 133 23 187 55 118 114 38 149 142 75 133 93 56 130 130 107 75 27 61 101 129 20 136 34
145 128 152 153 164 177 164 138 188 198 173 134 111 76 58 98 82 133 142 84 28 29 50 193 113 77 47 46 52 84 161 4 197 196 67 62 35 46 119 163 199 67 96
50 121 144 132 172 161 91 23 52 18 184 199 42 61 99 58 74 191 133 90 179 164 103 119 145 57 170 8 10 156 157 172 192 115 146 122 113 129 69 51 130 195 134
25 51 66 42 81 128 168 90 84 188 64 169 10 5 186 71 150 119 53 5 120 164 27 113 65 24 16 3 134 144 14 106 92 191 73 106 39 122 1 53 177 195 146
22 38 159 126 87 195 166 186 88 52 61 61 196 135 172 145 44 144 42 19 28 126 126 6 133 41 80 175 29 198 44 66 151 6 15 130 57 164 119 26 158 76 176
119 108 176 94 173 138 30 112 3 178 130 145 97 167 75 196 72 87 165 54 136 82 180 74 70 14 112 47 162 197 12 166 148 194 6 135 48 101 53 198 3 174 30
16 62 170 56 115 22 87 42 107 185 10 55 181 93 178 4 138 29 45 135 124 107 19 99 190 125 80 169 85 35 66 147 57 194 2 96 108 52 34 123 95 153 81
129 109 68 12 28 156 87 127 40 177 49 69 161 70 74 194 124 58 141 143 41 119 101 7 104 55 135 87 75 14 8 35 121 51 23 174 76 20 160 171 22 64 41
76 129 39 152 142 178 118 7 59 171 168 129 171 112 77 64 90 69 37 10 85 124 18 36 173 81 45 190 35 92 135 79 139 173 199 41 126 200 64 34 73 85 59
39 69 170 112 160 126 193 129 26 89 56 6 53 121 123 36 114 189 171 48 28 164 126 120 47 122 130 89 51 186 51 197 143 151 148 171 120 46 72 168 104 78 70
118 134 157 142 37 127 65 40 36 106 100 172 129 75 170 3 2 88 75 0 35 176 90 158 82 191 168 105 2 109 105 81 84 64 74 35 89 121 199 98 110 19 154
174 55 109 75 15 176 19 184 60 86 124 76 126 194 194 112 175 80 96 142 47 79 44 199 178 27 66 165 191 104 158 87 173 107 127 185 186 134 70 71 182 199 69
82 142 181 124 171 118 161 71 105 51 82 89 35 52 77 11 170 131 20 154 58 153 186 33 78 54 24 176 54 141 172 179 120 2 104 138 59 57 197 146 118 93 27
127 179 199 187 45 8 55 152 139 189 26 192 168 139 95 7 100 63 51 122 166 122 124 33 38 126 12 151 115 163 176 33 72 160 193 186 191 54 138 79 19 125 173
169 11 34 152 151 121 107 187 80 2 86 125 20 16 85 73 42 77 150 50 145 43 52 149 31 116 103 119 37 173 76 189 108 102 48 178 164 21 6 145 49 5 133
107 24 92 188 185 135 188 113 127 86 181 8 12 122 24 65 41 129 49 139 98 132 42 157 197 2 135 185 14 58 97 137 135 21 42 59 127 58 167 185 14 200 49
69 122 191 110 197 150 46 181 126 121 86 137 186 92 2 147 177 162 35 46 159 85 100 155 68 61 146 75 14 20 92 60 154 48 68 18 163 133 191 173 10 189 171
47 110 177 6 120 131 181 97 108 196 189 58 52 93 160 150 192 106 32 44 91 35 197 189 159 199 33 42 44 40 71 139 159 43 169 166 2 82 21 150 135 60 146
159 130 137 168 155 60 159 165 37 23 71 117 182 95 126 80 54 5 118 132 79 106 44 38 41 187 39 189 127 168 71 59 110 177 66 89 118 32 29 88 44 155 195
95 17 124 25 197 138 156 28 32 167 190 172 7 154 21 94 24 180 77 179 6 191 91 151 10 99 19 56 154 168 75 186 68 100 173 39 1 130 134 16 47 186 20
152 171 179 171 79 60 139 49 81 38 56 136 34 189 56 168 80 2 27 84 177 108 120 54 108 46 171 104 165 175 82 79 122 195 140 60 35 70 81 70 3 150 150
160 152 90 58 146 139 100 38 40 41 72 119 74 44 64 135 66 77 94 55 198 181 126 115 89 12 178 139 176 191 16 56 92 38 118 172 155 190 64 157 55 124 63
107 183 174 31 147 152 139 101 114 150 15 42 168 52 26 198 77 112 32 2 196 170 194 3 47 116 58 17 199 167 68 125 17 157 135 195 123 65 121 137 50 156 30
171 179 68 133 89 151 117 182 178 81 89 36 61 93 133 51 38 62 91 65 88 197 137 20 67 129 70 102 37 38 90 20 152 45 197 163 16 128 2 90 60 136 198
190 86 91 133 83 172 55 112 180 138 159 5 147 162 46 52 109 144 189 37 200 117 151 122 198 182 128 26 16 57 45 186 16 41 10 109 97 129 55 89 198 94 118
102 11 132 18 53 150 24 118 121 130 26 22 15 6 100 33 119 38 170 85 163 35 51 66 17 139 3 57 7 3 81 20 199 79 135 110 127 62 47 100 186 68 188
65 117 141 100 65 159 167 106 66 112 150 124 22 39 150 143 110 140 183 34 183 72 49 158 56 14 191 150 96 182 22 147 192 148 94 28 116 87 78 44 148 165 19
191 103 82 103 155 104 2 91 194 103 155 93 161 177 66 6 88 175 101 30 123 164 184 10 24 15 47 124 106 65 113 125 77 178 14 147 66 166 4 45 76 98 131
142 162 140 62 156 106 137 19 134 80 140 115 101 143 97 81 73 173 106 54 104 18 138 164 0 110 51 75 15 137 135 135 66 172 5 141 34 100 4 100 39 66 52
128 52 186 170 165 60 0 73 142 172 102 20 15 184 48 58 98 87 53 140 155 94 198 134 161 144 94 121 29 69 36 127 148 27 155 188 27 180 82 97 134 140 80
82 102 151 70 28 115 183 40 116 77 191 107 83 48 34 67 67 0 104 119 2 189 139 156 112 115 28 120 27 86 195 150 98 2 14 190 80 191 16 41 133 92 181
121 163 7 143 168 27 148 167 176 142 189 108 113 156 64 55 72 169 132 117 55 36 90 195 149 86 166 143 17 96 136 150 60 37 13 23 170 91 112 106 75 169 18
5 78 179 125 135 166 156 109 70 101 192 190 74 49 43 169 132 79 199 41 112 54 26 177 87 175 195 51 55 4 104 4 81 162 93 108 26 20 150 172 69 181 141
175 92 37 197 176 6 27 133 173 39 140 130 2 21 88 120 96 40 147 1 168 9 54 160 155 153 89 59 5 190 25 175 47 100 145 138 183 134 199 186 14 38 66
