19
199 2 36 91 171 37 33 79 197 33 78 73 54 33 43 160 195 31 189
168 28 16 190 181 174 184 172 161 165 197 54 127 26 197 75 180 157 80
111 183 76 197 126 64 166 171 110 128 54 158 148 183 43 45 5 166 124
188 101 23 159 107 84 166 5 35 105 33 101 4 155 171 102 190 17 163
85 148 93 106 43 97 120 45 17 129 77 180 62 88 17 118 31 20 34
73 70 74 80 86 130 131 20 122 32 158 21 122 153 46 114 171 182 195
195 72 97 84 196 89 189 160 94 55 199 108 110 17 16 12 129 163 79
190 76 13 167 198 46 123 175 167 98 175 62 41 21 34 115 167 50 47
44 80 126 65 154 153 63 10 51 193 134 109 138 9 184 104 162 54 137
89 145 88 30 33 148 48 183 101 37 117 54 97 86 92 72 125 119 135
169 198 156 166 21 81 144 42 117 98 47 124 147 85 119 6 138 103 58
181 134 159 89 86 105 3 167 34 90 62 29 167 104 196 101 83 20 158
90 149 12 129 129 103 197 108 200 75 2 51 83 193 89 63 191 159 112
171 47 60 4 68 7 92 199 91 179 124 42 192 52 52 56 10 12 170
183 16 118 80 115 46 97 128 172 122 115 3 157 85 39 158 136 200 30
73 119 7 76 152 32 148 52 38 49 10 6 133 121 148 107 20 125 89
79 138 138 113 73 168 150 95 44 44 38 136 98 43 41 25 166 188 155
12 116 192 17 119 92 88 86 151 48 72 72 116 45 52 28 33 27 67
196 50 123 56 12 152 194 8 117 11 111 8 55 187 177 35 129 38 109
