53
102 137 152 38 193 131 176 55 4 68 110 46 27 150 129 13 43 10 14 72 139 117 64 159 176 104 126 183 158 0 55 74 187 80 129 43 88 69 94 200 161 139 30 48 7 149 11 173 26 170 161 185 38
40 168 118 150 48 58 143 125 191 101 37 9 176 151 177 11 0 197 19 136 107 192 130 162 97 79 74 27 87 128 33 65 147 137 46 66 145 120 139 61 104 14 136 52 26 100 49 61 5 181 36 0 186
167 158 63 109 37 93 61 149 125 12 63 4 143 31 37 20 139 10 55 174 140 186 110 84 123 16 200 188 25 36 21 43 33 186 65 163 168 96 105 122 75 127 148 84 178 5 154 5 110 142 167 167 147
39 17 29 192 13 36 195 191 112 8 53 75 127 33 59 192 177 42 120 152 176 61 141 102 199 75 129 185 47 13 76 134 189 36 145 106 165 34 10 90 184 112 149 94 148 83 105 156 163 23 77 4 72
133 139 36 196 154 193 34 76 170 137 113 175 16 58 12 86 158 2 137 20 102 147 9 101 146 151 162 18 168 34 27 76 81 67 39 158 97 120 159 37 96 158 200 15 116 18 14 61 184 128 142 94 163
6 155 133 193 177 146 80 16 161 121 151 175 148 174 91 153 167 140 30 171 6 123 179 131 198 9 130 116 122 152 58 54 145 119 200 132 91 118 54 21 89 176 177 65 175 40 115 107 89 92 185 26 81
62 154 187 118 88 44 73 111 126 59 18 134 140 114 186 145 77 49 92 22 147 193 147 17 80 161 95 77 25 52 104 199 7 141 0 73 51 159 99 189 73 175 6 170 82 100 1 132 70 199 36 39 151
22 150 190 65 121 112 105 148 136 117 4 94 166 23 2 71 154 179 113 161 93 91 117 142 136 186 198 60 56 174 193 134 54 4 159 57 26 146 66 168 9 143 21 178 34 30 108 6 20 144 197 86 48
61 130 39 135 105 193 136 73 103 171 32 87 183 196 199 81 63 179 183 92 62 180 158 96 39 154 80 157 102 158 80 101 76 26 34 19 48 110 43 37 50 110 166 126 93 67 67 53 48 62 174 190 29
44 22 121 178 1 200 52 124 157 186 173 128 171 41 147 31 96 174 53 131 2 145 90 48 164 142 170 53 197 43 174 180 131 136 91 22 154 142 140 156 139 73 176 157 4 79 133 79 165 42 19 161 135
150 139 71 104 191 200 54 172 196 152 147 77 138 59 10 10 73 195 23 36 73 102 163 60 0 116 179 144 3 121 12 153 51 47 147 175 145 127 133 32 64 91 42 118 45 113 9 83 127 19 191 187 8
186 161 67 160 72 56 184 132 135 60 45 91 37 47 70 191 42 88 18 180 85 60 48 194 171 12 157 114 200 90 177 83 68 106 111 100 179 58 50 149 65 29 118 83 107 61 67 104 133 41 167 13 83
162 39 106 122 158 26 119 187 150 109 148 178 38 164 34 45 0 132 150 139 108 141 26 116 134 15 173 99 114 159 129 180 166 68 197 200 115 26 147 200 15 87 4 39 90 113 7 155 9 68 11 49 193
29 78 106 143 80 59 10 150 43 194 20 163 12 150 180 196 85 34 97 151 88 184 42 14 95 81 76 91 51 102 197 146 16 64 84 125 78 18 72 84 145 12 138 164 60 66 151 91 50 49 161 44 110
179 27 187 85 65 172 67 152 121 41 122 25 12 55 2 187 143 42 177 59 91 180 71 181 178 198 58 132 33 64 142 125 13 20 33 70 172 93 43 45 188 89 164 113 137 26 152 140 7 144 35 85 43
8 200 89 3 131 134 53 114 160 89 104 168 153 34 41 184 148 113 180 37 97 23 13 200 11 3 95 191 163 73 139 55 90 59 63 112 70 142 125 191 130 97 186 88 165 161 136 143 73 87 36 128 148
168 100 123 59 20 80 91 105 193 153 153 150 86 162 181 75 66 97 109 156 174 113 127 116 38 49 133 40 143 170 169 45 110 178 8 122 97 80 7 8 129 19 167 128 83 93 134 87 157 155 181 174 137
173 2 171 55 33 188 164 48 66 80 193 186 24 130 13 83 17 77 196 168 55 15 46 175 28 70 71 65 180 48 105 30 85 6 97 65 4 8 48 78 117 66 200 146 50 127 163 91 149 130 28 11 21
46 184 102 185 32 119 81 157 7 64 85 9 198 68 52 63 47 191 52 88 74 88 174 169 82 103 75 93 87 7 25 79 93 38 106 171 174 163 54 110 180 107 102 85 112 38 109 184 165 37 122 47 74
124 185 106 132 198 136 115 152 198 153 39 155 52 189 140 56 26 39 18 139 31 37 189 171 150 77 88 199 128 82 47 182 53 164 84 171 4 149 9 116 181 43 146 7 9 157 89 96 100 192 142 17 139
152 168 185 184 38 19 200 104 8 12 26 13 66 190 59 193 40 121 66 97 122 157 40 31 190 99 27 67 77 169 41 108 25 147 145 96 28 53 74 178 183 81 137 105 28 78 63 188 96 115 2 0 157
181 49 142 139 127 107 68 195 49 153 149 145 103 6 88 200 114 72 116 172 137 144 108 59 95 193 0 169 143 55 179 183 191 172 126 181 177 59 103 160 143 149 110 168 62 189 174 198 115 52 178 146 93
73 132 135 100 179 144 20 128 28 179 47 169 69 67 172 63 34 27 72 52 47 10 135 187 171 56 119 128 11 70 130 142 68 134 44 15 103 28 42 123 192 77 173 35 71 132 36 38 39 85 135 35 188
1 49 147 101 26 108 142 166 64 180 142 21 25 13 102 81 18 145 75 21 48 123 70 161 8 134 131 111 76 168 10 99 1 86 76 22 33 90 166 52 185 196 111 151 146 113 11 30 54 189 129 74 160
32 112 93 34 60 177 185 119 180 174 8 148 106 47 168 69 186 68 168 35 89 136 135 120 56 37 136 80 102 145 15 121 193 46 173 178 161 164 6 186 150 87 141 99 36 152 135 51 159 196 100 198 41
155 157 197 171 50 69 21 78 62 199 125 148 156 197 144 48 126 16 144 148 137 72 24 13 51 165 171 26 69 19 124 193 4 104 116 82 103 46 0 104 188 84 41 188 72 189 82 170 61 59 108 14 126
49 138 188 198 166 97 156 79 84 136 196 43 129 126 153 53 40 181 14 80 66 129 128 92 131 100 2 13 83 48 182 189 145 113 151 1 63 36 138 72 140 181 47 138 31 89 177 67 137 165 52 130 116
30 50 132 25 144 54 160 27 199 1 41 92 100 103 29 24 87 135 190 163 177 179 78 188 77 92 196 33 103 173 136 35 122 24 33 80 8 122 193 145 174 94 76 63 93 113 195 20 92 62 147 148 11
184 18 129 126 37 115 8 21 125 72 16 27 109 188 156 177 26 128 142 133 139 68 42 173 120 44 150 143 191 145 129 199 168 72 187 79 66 110 118 118 200 88 83 113 130 55 175 195 111 181 44 55 165
188 133 105 8 145 161 148 160 179 50 168 114 33 171 144 164 47 19 187 189 85 136 106 192 44 105 104 102 170 82 164 182 10 125 19 34 30 36 172 172 101 159 24 141 121 2 103 199 120 131 6 59 103
158 172 6 185 45 65 151 37 139 162 98 42 156 121 50 145 159 6 15 41 37 200 99 161 183 32 194 38 108 69 43 113 0 109 114 190 83 132 135 77 39 35 112 91 11 39 125 196 141 176 129 147 22
42 0 83 58 123 56 107 85 22 64 65 150 101 26 180 171 29 180 118 89 47 23 76 56 31 74 170 157 61 138 41 160 188 49 198 86 149 76 184 181 51 127 50 40 199 25 117 24 64 52 152 7 123
4 9 109 168 136 93 80 195 136 90 160 126 135 177 200 48 117 104 24 54 37 32 167 9 79 68 152 123 186 146 87 111 155 195 51 55 53 58 37 90 29 133 199 113 65 17 177 134 72 50 16 106 171
183 94 137 46 116 61 132 189 15 115 169 44 102 35 67 190 95 9 56 87 88 30 193 168 70 156 98 117 82 97 82 81 9 111 70 198 8 90 34 17 5 149 155 106 193 156 78 136 133 53 191 111 104
11 10 10 7 61 55 116 45 112 36 14 54 168 16 182 126 67 179 5 69 82 11 46 83 165 154 172 8 159 179 113 164 83 150 149 107 67 77 148 143 24 154 161 88 7 60 14 115 166 110 71 196 55
195 102 59 14 160 112 152 47 40 65 123 5 27 141 102 152 96 11 98 151 68 50 148 52 171 20 200 154 79 117 29 45 128 16 91 3 19 103 5 160 119 170 62 101 16 27 111 136 61 4 194 59 114
33 51 58 114 152 10 8 165 24 188 156 19 42 104 12 84 90 171 22 31 81 177 61 12 46 161 137 173 169 156 167 68 198 93 128 31 127 35 147 97 90 152 159 149 152 123 163 64 76 29 48 77 76
137 92 56 166 1 186 165 90 57 102 174 63 172 182 3 74 13 32 44 11 192 69 9 104 165 140 194 67 136 88 158 113 2 119 141 173 122 64 8 171 159 107 93 40 55 148 56 135 60 95 23 6 25
84 133 109 193 154 189 193 86 123 99 67 15 72 91 51 98 64 98 77 84 134 63 107 59 178 103 72 89 199 69 117 0 185 80 69 94 6 140 104 189 46 116 4 57 200 122 51 197 53 8 90 103 59
112 168 34 110 59 72 139 32 194 118 107 5 184 78 85 42 124 63 167 110 187 180 137 28 176 108 93 64 91 47 3 25 18 12 7 75 138 69 85 56 80 128 73 59 169 153 173 43 70 33 78 173 109
172 104 50 70 149 130 41 67 163 105 170 144 47 147 166 122 161 109 183 179 16 33 188 199 96 149 156 47 185 95 96 31 38 20 178 96 200 62 94 143 95 192 179 155 1 61 27 153 0 198 63 120 40
92 53 86 65 87 83 24 127 23 18 194 62 35 175 174 68 55 103 164 5 185 79 152 182 153 131 175 148 46 150 85 50 79 150 168 128 176 15 126 35 19 76 0 116 127 27 99 66 3 65 58 36 148
4 104 21 146 129 127 51 145 65 176 195 180 53 121 181 141 48 74 19 123 1 60 162 109 115 54 16 77 36 78 172 188 149 112 48 29 109 67 178 114 149 11 25 93 76 121 26 83 148 33 160 169 127
47 192 75 10 174 30 36 2 164 188 109 77 77 88 121 110 191 133 79 160 155 53 94 143 169 57 148 181 167 55 165 85 141 67 169 120 149 31 48 132 33 153 138 59 189 127 77 97 106 151 3 45 2
91 135 128 44 127 167 121 3 80 128 30 111 78 48 29 36 88 77 80 60 144 125 11 39 145 57 183 13 53 7 190 146 153 43 70 73 91 4 173 9 27 73 42 64 21 33 91 16 150 153 96 65 21
171 72 96 118 124 175 117 91 151 106 34 73 11 76 151 144 110 37 72 166 108 187 60 101 139 125 196 184 121 163 57 86 117 100 173 144 76 120 74 148 196 178 129 121 89 192 92 48 152 71 37 0 21
150 104 135 8 40 21 158 78 32 89 16 192 26 165 124 69 64 45 19 158 153 67 158 145 59 200 99 95 191 71 156 137 89 14 180 193 44 190 102 192 90 145 166 125 57 172 23 32 9 152 91 93 75
133 125 171 118 93 75 115 179 193 65 9 200 104 9 118 73 4 184 107 76 2 59 48 188 22 127 7 12 25 48 140 177 141 5 162 177 23 162 132 34 101 57 119 63 159 35 20 176 32 40 165 78 52
37 129 193 10 138 122 169 127 48 168 66 79 190 6 166 121 117 57 97 38 199 151 19 88 137 153 119 198 197 128 52 189 108 33 101 78 143 108 59 194 40 10 70 147 167 187 177 151 177 137 175 192 74
135 38 29 167 42 84 3 72 43 151 195 116 176 107 183 26 66 28 147 186 192 184 149 9 62 92 174 146 79 180 7 118 92 100 21 156 113 195 147 87 98 156 69 130 66 121 3 61 42 14 72 127 167
149 157 73 79 76 126 22 153 138 42 6 106 155 179 65 132 192 199 70 37 35 145 110 46 200 136 193 10 179 103 86 170 9 64 171 46 107 116 1 43 65 127 97 61 22 57 194 180 16 49 78 162 179
60 148 61 79 114 14 74 172 91 140 74 186 91 191 117 81 35 135 43 135 92 191 156 72 90 47 58 176 142 171 125 129 122 119 149 143 89 174 100 198 148 136 134 156 96 200 0 16 192 118 142 94 85
188 117 179 122 1 114 190 86 112 169 183 184 153 174 188 158 124 24 136 99 143 108 26 113 18 122 117 163 127 50 133 14 22 74 162 142 140 91 22 148 190 26 73 8 84 179 110 186 177 26 30 39 66
