59
77 159 134 21 159 130 121 20 66 87 87 170 125 167 36 104 153 146 172 173 24 185 3 151 124 30 104 9 119 190 101 40 24 178 105 114 166 167 56 93 141 97 65 83 14 190 96 124 175 178 120 194 103 40 55 93 111 136 179
19 78 84 58 155 95 128 96 157 133 152 88 130 101 137 73 36 188 134 58 47 51 149 144 157 28 160 180 25 60 146 105 174 168 109 69 109 53 11 7 17 188 179 135 66 137 25 21 66 138 173 23 119 152 19 8 183 35 167
40 122 198 110 173 198 113 9 5 140 102 51 34 177 52 36 42 154 102 174 81 86 182 137 190 1 9 170 87 140 125 99 26 137 3 156 109 174 54 25 33 162 142 25 107 66 128 137 133 146 168 113 53 119 142 88 84 145 196
129 38 157 160 151 20 52 3 183 188 22 194 81 110 67 86 97 166 37 91 4 133 106 91 126 185 67 173 128 197 78 140 166 19 103 6 141 92 173 85 47 30 180 140 94 195 95 147 163 91 122 110 149 198 110 7 78 165 116
105 159 189 144 25 27 103 74 198 99 152 148 9 21 23 162 59 16 107 114 145 126 176 97 126 25 138 143 40 133 62 21 11 140 83 159 5 179 125 125 79 193 63 91 96 35 149 195 166 6 172 163 200 57 82 49 156 57 70
45 58 183 89 130 6 42 79 110 66 143 175 93 26 148 190 87 70 60 66 83 117 144 116 5 177 33 19 81 90 99 167 88 125 84 123 41 188 178 51 103 59 46 183 122 65 29 10 16 67 184 45 154 69 124 15 185 28 114
110 185 116 24 199 52 45 127 106 62 103 18 120 44 181 3 155 14 159 128 151 87 103 143 32 65 183 76 174 188 28 113 158 34 71 140 7 137 32 53 102 120 138 109 93 17 181 195 63 131 183 94 149 180 68 200 182 10 160
179 62 169 128 0 167 140 167 181 141 168 194 186 150 132 29 136 4 156 166 23 61 12 131 11 163 1 9 95 81 161 20 58 153 152 177 195 170 107 192 17 187 200 196 127 31 27 182 196 118 54 107 181 119 132 196 181 83 195
161 154 120 130 191 93 62 58 173 10 69 12 25 62 6 105 148 2 133 188 80 106 78 9 152 156 200 180 15 167 151 17 159 95 180 176 13 179 168 195 156 113 196 47 41 8 172 148 67 90 18 135 161 18 83 69 31 67 163
181 94 136 151 186 176 3 186 71 57 164 50 69 89 70 191 163 61 51 27 16 135 129 187 98 59 98 34 189 176 13 79 49 57 110 48 90 113 36 121 29 15 85 185 176 195 136 8 172 24 101 29 185 75 14 172 23 86 76
89 40 76 38 94 155 170 193 61 196 109 81 180 81 131 196 178 11 28 186 83 200 142 2 64 67 110 198 40 63 31 3 39 54 89 34 39 162 2 64 189 2 26 14 98 148 6 103 18 96 108 93 127 98 96 184 13 156 183
7 116 10 68 128 65 155 11 89 152 62 64 0 170 34 20 169 146 179 93 48 107 59 198 148 119 115 113 47 32 149 129 65 157 43 16 161 96 57 49 159 59 31 80 69 164 170 76 50 54 107 161 64 46 131 142 14 165 186
106 165 143 164 3 43 76 112 158 114 108 118 45 2 114 165 168 52 8 125 188 86 140 120 84 151 57 26 165 158 169 155 9 136 43 182 79 194 122 191 10 194 77 129 18 160 198 115 198 170 69 107 30 197 125 44 85 175 157
92 115 48 88 119 134 111 83 195 143 11 192 134 96 85 17 127 7 101 57 36 118 2 191 61 106 194 43 112 186 74 149 49 85 31 37 96 124 195 131 113 77 125 180 166 61 199 24 52 58 107 24 42 82 44 142 113 13 46
182 80 59 139 131 197 7 90 195 19 21 157 52 145 47 107 187 47 59 109 171 90 103 92 162 55 92 164 41 82 163 65 191 196 23 193 8 178 6 83 48 118 141 171 77 196 46 169 52 10 127 126 119 19 71 183 22 44 126
161 179 145 65 109 156 43 165 133 192 116 95 88 31 127 155 196 173 134 14 159 122 47 189 56 58 111 171 71 43 35 117 142 180 170 98 2 49 197 153 63 135 19 53 119 33 61 45 2 116 197 13 101 46 10 107 76 49 133
119 26 8 126 20 0 13 98 99 28 5 113 158 139 138 115 164 13 149 118 171 105 20 150 166 66 20 81 73 50 83 57 64 187 17 31 108 144 134 151 7 184 43 196 40 49 121 88 30 27 137 161 81 175 8 104 154 123 35
75 79 35 18 171 165 108 191 184 136 33 114 161 158 53 96 138 51 196 108 181 187 190 84 33 162 185 90 42 79 169 143 95 61 197 166 3 157 33 163 44 148 59 17 64 25 107 86 71 96 159 78 165 29 126 67 5 65 143
105 111 195 48 152 125 143 34 148 172 56 54 176 112 67 121 135 83 178 162 168 184 147 107 165 135 123 83 113 16 157 8 68 4 116 66 147 131 21 63 52 51 179 185 24 6 132 60 59 90 17 0 190 30 26 142 16 96 8
91 66 199 62 171 114 158 101 107 19 188 160 8 9 109 89 14 178 98 7 27 1 166 126 92 55 156 143 120 25 129 131 73 144 144 88 31 26 188 55 130 103 131 176 13 116 133 6 106 146 177 78 71 81 191 169 88 185 124
89 69 81 179 171 27 187 194 109 187 84 199 17 70 96 148 117 81 189 34 138 112 166 178 144 118 105 126 9 150 114 25 17 54 62 177 84 47 115 109 144 123 4 14 13 62 125 47 50 37 83 124 108 167 48 200 179 139 55
29 158 169 87 5 8 153 169 42 113 130 150 175 174 60 116 153 59 182 140 146 94 135 170 121 172 116 105 37 81 63 42 66 114 13 51 14 30 76 69 130 24 104 183 57 28 156 116 183 123 39 98 162 172 118 135 196 48 44
10 2 30 157 84 152 34 94 37 159 44 165 2 150 57 25 54 123 79 61 184 50 182 120 32 163 179 80 198 114 162 11 99 155 67 154 146 96 53 192 33 145 69 28 183 14 98 6 145 99 144 124 148 176 175 122 52 85 96
10 165 89 180 108 96 91 132 14 81 38 164 147 174 135 103 102 150 1 126 156 53 29 84 175 91 60 71 140 62 83 38 159 161 118 4 56 100 142 152 174 172 109 142 114 94 48 183 14 144 81 182 18 188 27 114 190 3 195
105 45 174 81 94 138 8 12 90 119 114 146 35 20 145 182 13 194 6 162 140 177 172 109 111 63 72 71 66 146 80 72 146 146 49 104 129 126 154 88 61 151 24 49 33 192 200 2 63 67 78 121 29 160 138 164 117 159 10
192 23 2 148 190 185 181 134 71 198 97 170 22 97 129 139 21 27 17 55 172 168 189 117 95 184 26 29 95 63 98 160 115 64 20 195 156 170 116 58 60 119 28 170 84 137 192 101 73 147 35 97 81 173 1 0 114 91 42
178 140 125 200 11 107 31 104 21 187 83 139 59 36 112 88 103 94 105 182 82 58 146 183 98 158 8 6 1 198 1 127 140 87 159 95 135 51 170 64 114 160 191 129 13 97 117 15 197 169 148 32 58 47 100 45 184 57 67
139 171 142 190 62 140 173 3 109 157 27 40 23 15 189 82 145 197 151 22 85 1 91 32 152 92 37 2 0 55 118 173 167 67 86 164 11 1 45 62 171 24 39 156 31 44 61 137 67 131 1 179 130 175 178 197 2 18 89
112 65 126 156 183 9 21 166 131 193 170 20 70 13 183 193 152 174 92 175 148 93 199 185 164 26 31 127 31 164 185 70 156 128 101 140 121 65 60 160 122 178 143 112 169 109 49 141 152 94 72 130 2 38 38 176 120 177 132
0 94 76 197 11 190 58 103 186 28 156 40 78 7 65 197 100 198 18 103 69 78 199 120 93 195 114 116 179 43 69 54 138 64 163 39 176 182 81 140 21 130 9 129 104 83 103 113 112 13 1 62 78 66 93 34 134 168 134
107 8 135 12 85 99 115 126 177 98 49 30 200 64 47 12 146 97 134 81 0 174 185 189 115 195 16 76 10 142 186 178 11 71 147 184 99 161 24 68 181 76 170 23 170 40 0 178 13 195 42 135 56 187 98 62 7 148 156
195 140 81 113 120 167 144 78 148 127 136 159 73 75 145 33 150 133 189 30 178 80 130 10 44 165 187 160 39 6 184 127 113 81 164 142 85 43 144 124 110 200 19 175 83 101 132 25 200 98 186 111 110 93 128 99 15 43 61
122 196 63 116 3 135 164 69 95 42 72 174 157 21 81 73 51 108 48 44 36 177 174 80 113 58 159 39 131 67 123 127 94 2 72 143 3 103 124 73 38 127 125 19 147 3 106 20 46 172 39 152 66 62 79 167 88 50 88
133 64 187 83 42 93 41 107 121 11 42 106 5 147 103 170 123 10 3 105 128 97 62 94 47 46 160 91 128 162 77 159 172 166 42 188 166 55 89 64 9 29 180 27 200 103 17 17 197 71 98 35 107 122 49 46 102 57 199
172 114 133 141 197 155 181 191 85 59 8 81 34 175 49 170 147 14 86 146 59 198 190 138 38 65 190 182 162 116 56 86 169 164 100 112 2 196 189 18 88 102 134 95 142 40 198 72 112 175 1 5 179 103 192 2 8 111 187
21 26 21 37 187 74 47 53 11 183 39 170 159 46 108 3 120 179 25 130 59 23 18 91 161 11 21 67 177 15 139 78 61 164 58 61 148 129 56 119 156 35 179 47 196 200 36 185 6 19 128 42 148 88 67 7 67 30 153
11 131 170 87 141 50 67 129 93 107 188 1 84 55 23 42 195 104 142 188 99 101 125 84 74 114 20 137 98 0 7 79 134 127 128 198 15 9 116 181 114 163 75 163 55 3 112 134 198 194 84 166 82 98 88 171 7 196 114
3 195 97 72 113 48 170 57 31 101 171 193 74 55 143 153 13 137 103 83 72 26 117 13 166 13 146 82 50 149 175 169 101 32 125 142 92 156 87 146 167 190 165 117 94 20 60 123 195 185 133 15 152 45 195 145 111 130 185
125 5 61 187 74 129 189 109 144 34 147 189 194 37 102 47 24 138 55 40 122 78 12 49 115 21 185 149 181 107 96 122 177 123 94 75 85 99 50 113 132 151 34 127 132 71 123 121 16 55 92 113 95 197 188 119 132 86 75
88 117 88 122 107 178 70 7 47 40 128 200 143 84 192 55 44 87 36 119 185 59 41 115 156 71 184 123 191 200 16 121 156 7 13 64 197 92 140 124 36 69 31 139 51 142 49 184 129 118 11 2 119 59 198 96 54 45 151
57 93 110 69 78 74 38 191 70 37 103 191 107 183 6 171 33 3 73 48 18 61 131 16 67 156 178 96 143 86 74 80 174 172 140 3 162 35 163 9 130 188 58 92 116 87 110 121 49 149 137 156 130 110 172 173 9 168 183
102 21 13 103 55 95 42 96 76 46 114 99 114 143 10 166 189 25 32 135 29 2 164 87 130 107 72 9 24 73 2 176 173 68 71 128 28 126 133 110 63 123 108 105 184 88 58 102 117 169 146 122 164 25 7 192 45 185 157
110 141 96 65 50 54 74 64 121 160 89 13 133 9 41 54 3 180 15 166 46 117 128 102 71 175 50 77 109 136 137 173 161 44 159 52 116 198 116 111 53 182 149 33 68 155 143 10 15 45 94 171 91 19 108 48 110 179 158
64 109 8 182 180 41 20 146 171 114 91 45 78 6 109 98 18 75 97 185 105 32 122 52 147 152 163 29 142 107 43 137 13 135 12 78 185 155 160 52 99 137 3 93 32 35 117 25 77 158 47 54 89 103 199 29 51 121 88
104 34 186 198 40 175 70 27 17 105 183 76 149 184 38 44 119 73 150 90 61 32 105 80 175 193 89 3 173 77 196 67 155 111 67 163 1 139 151 157 17 140 194 50 8 69 100 35 111 164 139 182 37 42 115 134 111 161 82
86 107 92 114 180 52 130 67 167 173 28 90 73 14 30 146 67 32 121 42 57 36 163 136 68 80 176 103 119 37 60 128 15 21 49 18 4 29 144 69 180 155 22 158 54 131 125 92 144 84 183 38 97 41 90 97 140 185 114
189 62 63 107 62 55 69 106 57 110 19 44 182 77 25 121 47 80 170 130 22 142 163 37 18 9 12 200 198 60 127 6 97 91 179 99 107 120 116 68 142 68 36 3 190 36 63 40 164 154 54 65 72 118 196 38 27 45 137
73 64 1 83 183 169 196 37 95 198 139 84 126 112 84 142 37 33 192 96 83 52 120 85 195 195 117 128 35 102 128 13 84 88 78 172 107 166 19 140 87 163 121 58 139 154 121 157 21 160 96 48 156 191 143 171 34 28 82
120 63 185 176 105 89 144 75 124 49 167 61 146 167 153 38 99 139 169 79 169 174 71 147 179 26 196 191 121 54 56 156 192 49 125 83 3 92 149 94 195 189 70 43 179 129 30 145 79 13 66 136 158 104 41 1 63 166 1
10 64 51 197 123 141 98 52 102 189 42 17 111 200 122 58 184 76 25 127 56 110 178 118 89 194 170 6 84 87 100 123 52 22 189 128 168 199 169 112 10 94 117 70 154 149 10 45 80 64 59 84 174 102 40 155 123 20 77
174 112 177 26 127 178 160 64 194 80 97 93 169 29 57 129 134 59 102 74 23 181 86 140 200 148 183 154 27 30 10 120 0 107 155 196 164 43 95 94 64 16 90 44 101 25 154 1 52 24 90 191 104 108 51 24 11 118 52
37 93 145 71 174 29 17 64 98 72 43 144 164 70 108 44 187 8 187 14 165 180 181 136 165 25 192 169 51 150 160 0 198 154 11 139 38 85 131 39 5 100 138 65 111 82 43 133 3 79 99 2 48 98 173 129 45 2 156
22 47 122 30 41 58 76 30 156 64 8 30 99 67 93 192 191 55 154 191 130 165 186 14 89 34 180 167 70 90 198 158 128 114 82 166 188 34 59 25 82 8 113 46 4 70 57 83 80 94 167 13 170 103 121 110 134 124 36
84 49 109 39 175 112 66 142 101 108 17 52 187 177 108 176 194 39 6 10 149 180 182 161 7 92 12 39 119 193 145 178 111 165 57 49 106 124 140 172 156 155 168 131 83 46 179 151 48 73 137 155 11 14 97 110 58 66 171
83 95 44 10 145 87 184 147 84 20 120 54 2 158 40 172 173 84 12 69 46 14 113 168 175 56 198 12 144 176 137 15 175 98 170 165 114 82 140 23 14 79 95 20 131 167 91 182 60 117 79 49 22 163 53 23 0 37 181
56 29 154 176 163 182 16 154 79 43 27 10 119 74 14 74 141 38 62 155 103 36 55 0 114 139 178 141 36 6 73 56 119 145 117 2 104 149 37 96 43 57 58 70 45 119 73 167 53 15 47 168 122 49 101 115 107 152 68
67 91 33 129 96 37 10 169 9 72 142 174 199 43 47 175 15 77 172 136 141 18 106 94 57 135 88 50 11 23 80 46 126 86 134 106 97 185 60 83 75 196 57 110 59 13 26 176 155 182 29 163 13 154 95 140 137 21 34
106 98 106 119 115 14 87 161 200 37 13 135 191 30 166 99 175 161 157 36 159 117 115 100 45 141 43 87 98 37 79 179 83 78 94 130 111 106 60 18 179 82 155 143 195 35 179 28 76 74 80 193 141 132 131 113 77 140 25
141 59 86 149 0 151 46 160 170 154 15 88 37 156 132 7 15 102 95 120 74 130 154 10 183 4 133 145 85 57 40 80 159 86 54 126 11 180 78 139 180 94 24 13 160 178 177 169 18 66 127 82 65 141 103 130 88 36 96
