49
131 120 103 171 87 156 77 93 29 145 111 138 175 94 171 0 94 119 37 162 165 58 196 70 175 106 7 138 145 6 183 66 126 33 41 156 29 110 110 162 131 37 94 32 121 106 144 24 30
190 143 102 99 29 48 6 7 135 158 36 38 50 80 109 151 52 191 28 118 152 0 12 97 123 133 34 93 61 104 135 162 51 173 18 127 77 61 106 194 154 83 138 69 95 200 40 198 33
125 93 85 175 140 6 10 33 190 60 155 128 19 57 3 45 0 155 70 6 10 30 14 76 27 85 85 143 70 33 149 78 149 2 14 1 153 2 35 47 92 31 151 38 187 81 32 38 48
153 181 40 27 140 146 184 183 94 68 171 199 129 105 179 94 144 137 97 72 35 120 158 0 23 63 146 136 45 38 167 182 87 118 91 191 104 39 197 69 11 100 117 16 88 81 112 186 128
75 69 194 125 150 49 136 49 117 39 103 107 113 8 195 76 0 90 176 18 136 0 5 11 87 101 72 149 38 148 101 122 193 113 4 107 30 179 40 34 88 143 96 128 134 157 173 31 0
197 117 178 77 67 36 172 78 200 141 177 180 1 89 144 190 104 178 16 127 117 40 118 47 86 42 32 80 69 77 112 22 192 7 182 32 92 149 66 114 97 61 64 58 39 62 120 137 40
193 178 158 66 53 61 68 138 97 137 154 100 65 54 44 70 184 31 43 0 200 179 42 103 91 84 112 1 132 46 5 133 26 61 24 78 75 75 148 186 134 16 109 98 51 0 134 22 12
134 128 83 72 144 136 142 1 133 51 142 28 46 61 12 125 192 148 45 119 98 108 188 130 36 95 147 178 108 79 72 174 135 138 77 110 124 45 6 137 85 13 148 134 137 113 32 35 24
152 171 50 34 182 194 197 178 131 80 10 83 32 53 29 10 5 161 64 124 31 92 191 138 191 119 33 92 107 6 199 66 138 23 130 27 144 43 117 9 174 131 123 126 44 168 30 187 8
174 26 152 77 169 97 154 121 85 60 69 126 173 56 187 19 97 123 37 191 177 32 46 107 9 197 2 87 58 157 45 181 171 25 12 68 20 70 9 84 171 88 75 97 197 45 193 117 36
43 183 95 32 115 145 196 197 128 19 137 189 32 137 180 68 92 83 85 159 86 167 180 121 144 142 1 164 118 184 157 89 166 76 105 183 29 21 184 95 10 86 178 55 107 3 100 154 56
152 106 65 81 51 115 78 10 185 159 63 69 191 151 197 18 131 161 51 54 24 185 161 137 151 88 105 150 66 112 64 11 29 59 51 120 49 31 151 191 85 14 159 165 32 114 147 184 50
90 79 67 58 63 24 43 170 120 102 197 43 189 52 34 194 55 133 115 51 32 76 59 186 19 111 36 123 89 11 97 48 184 170 18 1 109 186 23 20 159 122 83 184 115 27 198 62 22
180 56 91 109 60 168 157 52 52 30 24 58 169 44 144 25 130 108 37 145 82 58 173 149 125 135 115 43 127 40 78 89 66 118 145 43 128 80 36 153 121 16 107 174 10 34 19 183 176
1 198 22 130 26 38 68 158 44 18 13 196 57 83 195 133 40 187 29 175 73 13 79 161 193 84 163 17 155 158 193 88 199 21 107 185 92 174 128 147 177 30 70 125 197 137 43 31 134
38 11 67 48 115 197 45 115 115 9 123 163 135 2 187 113 152 97 78 76 131 20 195 11 144 22 195 165 24 168 12 140 112 113 160 185 74 117 114 99 185 190 15 96 27 98 62 51 195
78 115 195 137 191 48 7 148 147 153 134 26 59 115 103 173 142 165 128 135 67 1 114 9 103 114 142 109 33 66 191 49 69 185 174 165 91 95 15 110 75 158 30 78 181 73 146 34 30
31 3 62 119 86 11 36 148 66 184 186 39 67 34 70 95 17 136 99 54 60 181 32 156 172 94 170 41 50 164 157 22 41 52 101 143 21 7 4 176 42 170 17 8 61 176 61 106 199
46 52 4 169 86 197 93 122 24 199 177 46 177 141 143 60 47 110 91 119 117 166 44 108 79 187 76 157 82 72 118 88 85 62 63 38 153 55 70 157 76 68 135 162 24 127 31 152 197
156 111 192 45 187 168 126 3 65 50 184 94 47 21 10 153 186 118 107 195 154 89 125 133 141 140 124 117 63 119 158 191 199 121 30 10 151 195 17 132 67 24 123 34 106 153 1 6 182
190 7 10 137 144 130 6 144 48 167 56 13 20 97 174 6 169 131 11 108 124 190 67 25 114 81 20 185 130 162 181 114 181 0 115 152 131 41 198 95 104 42 159 134 49 133 155 106 44
22 158 19 120 98 135 88 6 156 198 127 130 97 31 55 9 78 14 25 73 165 78 105 191 144 150 165 45 116 127 80 88 57 130 35 41 161 158 55 69 25 77 178 174 37 69 136 185 39
128 189 200 147 111 156 14 66 128 108 138 162 130 61 154 50 68 164 45 0 124 98 135 60 76 51 189 181 37 137 1 179 112 58 79 140 97 97 171 169 171 111 50 76 123 108 24 114 42
166 31 45 98 35 172 83 23 107 28 45 169 41 29 98 122 119 103 195 63 72 67 33 175 188 72 6 111 199 88 63 80 93 200 11 188 157 115 162 89 147 163 188 24 82 95 164 95 151
91 72 17 177 145 79 130 50 15 8 75 171 150 185 116 180 168 95 98 177 193 153 175 5 178 35 92 104 18 2 49 185 109 137 36 7 192 138 74 174 108 31 91 90 53 162 109 0 159
151 163 195 121 111 43 181 43 33 104 166 101 39 155 199 183 5 61 122 27 159 80 186 91 24 127 180 168 80 86 151 194 125 188 76 109 60 62 110 40 18 76 118 56 65 185 103 110 145
9 178 28 67 179 183 94 10 153 157 70 54 163 127 154 169 135 183 111 161 47 115 115 117 78 136 133 109 160 16 102 35 51 128 139 132 84 131 89 127 4 128 89 168 188 155 99 127 11
26 145 69 124 64 155 68 124 186 128 53 125 20 88 5 13 144 112 3 112 19 3 51 67 70 32 76 142 98 155 121 63 2 138 45 40 55 54 97 36 4 196 130 37 111 186 96 22 132
67 41 67 30 89 116 124 96 183 48 125 116 181 86 69 127 199 102 188 91 92 48 101 50 98 78 159 148 126 44 126 66 54 91 117 83 194 104 1 196 149 177 29 121 118 153 11 174 173
170 161 82 113 50 69 121 188 2 51 181 184 167 195 186 5 0 108 118 88 49 91 12 135 67 172 170 182 191 184 41 193 155 96 77 102 82 39 53 128 190 90 37 96 111 76 152 121 134
2 30 17 108 160 119 0 39 158 6 119 27 173 153 42 107 98 24 122 121 42 72 36 2 52 71 148 171 160 23 58 190 51 50 147 14 156 156 21 44 126 173 160 2 187 7 77 193 100
66 167 171 21 145 84 127 169 88 125 123 193 172 189 89 94 94 92 198 7 183 100 160 179 199 12 173 63 195 164 178 43 76 41 86 43 112 78 78 113 156 114 175 188 42 53 142 20 101
67 137 117 88 116 68 79 161 107 26 99 57 21 166 172 130 89 77 10 46 16 175 105 45 66 51 192 96 187 15 45 41 162 159 145 79 154 145 22 49 33 65 180 192 17 143 171 49 172
48 155 13 148 77 28 37 134 146 39 132 101 165 107 65 175 105 130 185 160 107 36 52 136 164 132 195 163 190 164 39 30 160 129 195 6 9 168 8 164 177 59 108 195 99 48 65 153 172
19 85 75 140 171 22 56 73 192 124 56 160 92 179 68 102 19 70 87 109 180 179 138 161 48 93 36 83 135 5 5 14 110 162 177 165 36 39 83 39 116 108 69 98 157 87 86 9 190
191 169 145 180 197 134 71 78 110 23 0 25 95 29 197 71 73 162 171 3 48 152 192 23 3 112 65 16 181 170 95 189 138 64 94 160 126 131 199 94 120 57 83 184 94 141 43 152 96
112 60 87 68 17 174 56 55 129 0 11 124 98 41 184 46 57 80 59 140 25 36 44 59 168 4 66 141 165 70 15 95 120 111 54 161 66 191 14 81 163 132 87 30 130 138 109 89 29
10 113 127 115 41 187 152 186 197 131 125 190 29 161 13 163 76 69 10 66 133 104 4 20 27 144 92 43 191 64 190 180 107 96 166 146 22 162 17 158 61 102 154 9 163 37 10 75 102
27 196 83 83 56 141 138 143 191 18 174 80 107 31 4 49 88 19 145 18 5 67 67 65 123 13 130 107 99 13 190 24 69 150 19 66 140 22 14 180 82 16 165 193 96 90 155 128 61
30 154 197 118 46 4 139 93 15 163 180 145 83 40 1 164 113 171 71 154 93 105 52 7 149 53 26 77 78 150 127 28 136 80 154 60 83 95 123 105 130 9 21 156 146 103 90 21 78
93 161 174 86 8 89 170 196 37 196 106 128 101 123 138 70 142 59 161 180 54 160 27 18 57 137 155 28 102 104 169 187 106 137 3 98 198 187 51 81 110 82 170 140 178 6 196 101 17
200 64 28 197 173 54 124 55 103 196 83 11 12 174 11 120 194 56 112 98 65 120 181 90 144 23 51 81 164 12 16 33 39 155 60 13 72 162 139 169 4 21 120 29 71 66 152 65 162
34 185 123 149 182 61 111 126 13 83 155 122 171 199 149 106 137 12 186 99 10 151 5 130 199 121 27 107 83 164 131 121 14 98 42 108 183 175 39 66 150 77 72 22 186 79 39 141 167
15 192 72 76 181 132 17 158 53 21 66 6 98 9 69 199 45 40 184 129 153 74 100 78 94 101 111 135 0 181 79 46 130 171 120 21 75 73 193 86 185 14 39 153 65 33 51 4 153
68 97 116 86 70 17 110 138 82 171 91 159 106 79 89 57 17 126 161 71 83 26 1 186 11 163 64 194 73 77 135 143 15 191 69 17 171 84 68 32 41 59 119 31 168 172 110 114 134
62 156 46 69 169 172 155 200 44 61 179 181 86 134 27 57 174 43 39 110 32 44 153 139 79 156 178 198 86 14 118 109 128 101 21 10 99 187 91 163 22 48 74 62 47 43 146 173 2
102 182 61 130 200 150 113 184 94 40 64 164 178 158 52 106 144 16 56 135 12 145 197 49 9 27 121 129 101 21 92 175 26 24 142 140 65 107 127 121 154 87 42 6 32 17 163 66 80
135 199 158 80 24 47 146 109 176 2 0 1 65 27 161 159 166 62 159 163 185 43 194 46 150 141 13 165 93 28 120 180 68 189 157 189 80 167 31 76 179 83 122 66 148 170 4 110 9
108 0 131 104 117 37 44 43 3 136 136 20 10 69 53 66 25 173 57 6 153 181 55 187 119 74 33 67 95 17 189 13 132 182 78 102 153 89 178 90 10 88 98 115 109 199 67 111 36
