85
57 196 57 64 101 24 176 132 85 137 151 171 135 2 14 189 85 198 178 151 184 34 178 42 31 12 80 165 175 15 12 52 116 114 17 195 20 128 144 137 43 146 187 19 106 66 5 85 187 63 155 34 188 6 163 174 45 183 86 61 1 20 84 170 92 67 190 20 122 0 149 117 22 111 161 40 21 162 190 154 74 113 176 32 200
188 151 1 76 58 157 60 134 115 57 17 89 13 118 76 144 56 89 36 128 139 156 155 150 137 45 34 113 76 16 70 68 37 185 118 2 105 157 61 95 184 45 83 16 35 110 12 191 70 194 99 26 115 5 19 169 35 161 96 46 67 101 88 15 55 78 108 181 28 150 102 2 4 189 141 128 161 106 59 133 156 173 40 43 87
16 16 19 140 66 115 161 168 57 193 66 101 25 188 132 142 124 61 15 164 69 41 92 131 80 150 60 178 156 55 154 165 146 90 168 196 41 66 150 120 20 130 12 94 135 60 6 31 155 197 174 108 49 18 90 167 178 68 104 67 42 131 88 154 12 25 17 63 59 123 175 21 8 23 81 84 170 97 77 138 113 192 50 185 26
126 6 156 114 173 9 186 116 31 31 19 64 30 182 110 157 140 129 37 136 75 93 38 147 146 177 77 102 122 167 175 124 149 29 172 185 52 158 75 167 186 85 134 194 158 1 116 36 80 70 137 33 29 34 157 26 188 13 192 6 172 134 36 50 172 89 61 54 100 43 185 63 46 59 25 52 27 93 33 41 151 125 40 72 125
16 117 56 183 141 175 37 22 68 45 116 62 75 3 153 87 41 130 166 83 61 109 139 61 93 40 139 3 176 5 41 184 88 157 160 88 181 168 55 138 34 5 15 178 32 98 25 137 129 126 22 71 142 117 106 102 107 188 96 68 36 17 171 102 194 84 58 52 10 1 125 99 168 7 125 195 163 12 6 104 25 57 120 72 62
13 126 0 22 46 158 132 171 94 200 184 89 120 1 181 129 2 156 24 187 34 172 59 90 199 156 25 67 118 0 125 93 8 169 142 51 21 93 73 198 144 80 150 99 167 90 172 85 83 23 145 149 59 98 12 106 176 12 47 30 63 132 68 171 191 190 135 46 149 17 89 136 63 155 120 108 71 65 30 125 114 191 162 174 76
101 32 28 21 61 146 41 2 164 64 61 43 29 107 15 56 192 93 164 42 36 187 84 181 132 23 92 115 62 81 86 2 113 28 17 198 100 178 187 148 94 11 14 182 75 97 88 184 128 185 85 32 74 133 108 11 164 166 152 84 97 152 171 99 141 140 179 177 55 94 79 68 107 91 177 14 47 137 146 173 92 42 15 23 24
164 33 199 193 92 163 109 79 156 27 194 184 192 153 65 141 169 175 45 147 65 74 128 34 193 188 32 169 131 20 139 91 31 158 166 118 186 131 192 65 179 150 78 105 24 26 185 47 6 120 180 64 200 199 180 145 4 120 18 185 10 50 116 90 27 53 134 23 117 121 107 174 131 23 85 92 195 94 92 63 33 29 97 145 194
47 96 95 172 64 156 141 153 172 101 194 2 56 191 166 61 120 59 137 154 151 140 111 58 197 147 30 198 83 90 178 39 99 39 153 69 19 76 37 176 101 125 61 167 184 88 183 49 6 99 10 28 65 199 109 118 84 101 13 163 36 190 48 132 28 116 86 169 175 46 156 33 112 132 122 4 18 91 43 188 108 119 36 167 194
50 99 196 167 195 180 74 68 118 5 174 198 106 31 147 62 92 148 162 26 89 171 27 119 66 93 46 142 12 116 5 168 193 136 18 86 161 190 166 116 89 43 20 90 36 151 165 30 110 113 12 112 97 79 192 44 6 116 19 4 1 116 82 126 69 146 171 96 123 167 48 40 108 144 0 132 28 158 15 11 4 102 195 187 30
90 138 106 25 167 30 138 134 44 20 8 189 105 132 119 158 28 135 100 15 73 34 48 149 71 200 132 29 116 44 127 130 196 20 56 4 186 146 127 102 99 93 192 53 120 11 96 19 188 178 193 154 169 128 176 3 88 57 15 18 146 4 115 90 114 198 156 79 12 134 113 190 117 71 67 68 158 190 126 48 176 37 62 46 32
60 73 4 17 118 64 181 166 36 173 169 156 75 125 62 154 199 136 104 72 53 122 64 167 169 88 63 102 77 97 143 43 200 86 139 173 196 102 74 45 30 112 13 181 45 133 128 199 163 83 119 111 50 7 165 29 69 187 169 107 139 74 147 29 66 113 193 169 188 78 192 9 172 159 108 58 10 99 7 109 41 21 196 194 126
195 163 126 155 30 123 137 76 19 24 8 43 171 158 192 37 179 66 121 23 147 86 113 2 145 70 64 98 47 134 118 37 145 194 49 41 124 45 108 148 189 152 188 12 105 160 38 127 55 186 44 4 158 52 183 62 28 114 140 43 3 171 30 178 143 136 66 6 8 164 89 132 41 148 67 195 163 200 45 36 185 26 34 9 166
58 95 28 35 126 120 158 197 132 66 141 90 182 156 160 44 73 140 109 145 172 77 19 125 3 181 113 185 163 172 67 177 99 50 140 180 159 195 35 10 158 198 93 112 169 38 177 165 170 26 182 97 121 143 128 197 199 84 42 74 73 129 157 180 57 123 3 33 27 168 85 190 42 143 93 180 9 104 124 180 98 77 28 119 88
162 189 199 91 179 55 136 12 35 91 53 48 132 64 104 184 132 144 34 97 62 79 147 2 15 27 136 78 97 157 31 188 194 78 127 179 39 4 84 44 150 147 117 106 150 122 15 88 49 33 149 36 17 103 30 124 69 160 4 108 44 8 117 170 77 57 65 131 126 143 97 185 53 179 140 165 159 46 155 157 110 90 48 153 117
111 4 154 114 108 76 6 39 143 53 23 98 108 194 87 111 149 90 189 39 21 98 75 189 164 35 159 16 188 128 66 131 136 199 122 154 18 59 74 113 68 167 125 150 110 13 130 14 126 195 45 157 196 196 68 18 86 35 77 194 195 82 174 35 103 107 116 94 158 5 64 38 87 5 53 97 133 132 77 140 175 10 137 161 99
114 99 26 169 87 100 2 4 93 188 167 50 77 114 192 151 38 23 167 2 153 62 13 155 56 189 53 39 114 80 66 37 48 84 142 83 21 124 79 198 169 57 2 132 128 50 36 50 66 71 194 25 168 64 114 135 15 25 195 169 153 92 12 125 3 47 173 178 145 98 59 174 54 84 178 197 155 59 127 106 122 6 163 11 56
151 29 112 70 62 15 178 73 42 94 195 50 118 115 179 190 169 49 143 182 141 121 144 171 27 193 150 120 11 57 135 113 153 63 18 162 59 45 40 64 120 80 65 133 178 113 184 199 170 52 27 104 87 5 108 51 200 46 75 96 134 80 79 130 149 69 184 71 1 126 0 77 114 169 41 56 176 129 26 46 21 150 123 98 159
177 11 148 81 34 25 171 140 194 49 198 140 5 90 150 53 186 173 23 160 116 100 110 28 172 88 133 56 158 25 113 58 75 3 160 6 124 106 90 172 55 47 118 173 34 92 177 109 149 45 49 132 140 156 196 166 144 12 4 17 9 121 82 178 126 44 68 20 115 62 103 125 49 57 174 101 10 110 162 38 168 16 31 6 5
81 91 71 159 52 163 160 191 196 181 171 54 114 61 169 6 189 196 63 175 40 16 181 152 112 59 184 86 71 26 100 14 48 192 169 148 75 97 162 69 2 98 18 57 44 177 104 105 186 85 74 120 170 12 106 110 9 197 135 77 130 95 0 128 81 144 36 40 147 73 155 17 31 138 46 140 122 86 68 186 94 37 40 179 180
90 75 200 76 80 46 161 118 119 6 85 160 174 46 48 86 171 39 50 133 116 90 21 196 5 130 16 15 10 35 50 31 135 145 183 140 57 51 162 64 180 39 91 63 71 108 150 31 90 192 138 53 120 46 28 85 177 177 86 27 6 123 19 86 12 58 61 119 116 141 48 92 151 118 165 196 35 69 112 70 182 113 26 87 22
129 150 79 65 190 12 191 134 134 86 176 57 139 21 53 195 94 159 104 28 12 10 195 149 37 15 141 145 169 13 131 93 170 138 144 6 117 107 195 85 13 146 5 159 7 109 34 133 143 173 198 75 189 31 37 74 169 77 133 149 26 17 89 43 23 145 5 178 93 49 22 70 125 60 39 51 154 116 140 126 150 79 82 33 129
51 101 49 174 36 72 37 144 11 57 80 62 6 48 93 10 37 166 40 153 26 200 116 168 154 13 124 190 71 53 133 92 195 185 153 75 88 200 134 149 102 130 64 93 194 199 113 73 79 33 40 85 74 119 168 81 98 14 189 178 178 198 148 40 165 76 95 74 118 23 188 162 188 92 51 100 167 80 122 132 186 147 154 53 122
160 12 192 143 79 65 130 11 60 161 38 12 134 122 33 82 74 69 48 40 182 49 55 173 25 190 55 166 85 80 133 10 176 76 91 26 83 160 176 0 81 55 27 186 148 92 191 109 24 135 50 174 176 81 151 6 123 184 26 19 31 100 72 108 180 136 149 88 38 172 9 4 107 31 36 184 196 70 129 155 144 104 186 170 116
178 186 99 55 116 112 159 44 7 182 78 159 165 141 188 104 54 150 88 66 178 186 77 108 184 188 3 50 68 54 76 98 179 179 188 135 115 146 160 192 48 26 4 134 87 65 52 109 25 43 56 156 98 41 182 117 174 64 77 193 92 90 182 67 181 171 192 45 61 109 93 161 189 59 8 145 138 163 67 45 199 151 23 24 122
182 47 168 68 54 123 59 135 109 121 0 112 124 185 158 185 8 91 185 15 7 198 61 97 147 87 17 42 174 116 66 58 59 183 64 136 152 152 112 18 75 108 117 41 100 194 161 28 11 114 15 129 116 95 52 22 22 5 103 77 98 198 119 36 18 8 181 36 88 56 37 8 4 72 32 150 120 47 59 137 137 45 23 52 152
139 90 53 158 152 49 24 33 114 148 71 69 156 93 66 176 0 197 65 95 58 120 40 106 149 6 115 171 40 3 73 42 97 89 19 194 73 172 158 47 187 191 169 126 35 167 30 101 95 35 6 0 121 129 97 197 24 174 121 20 114 37 20 75 162 198 98 122 112 139 114 27 194 107 41 72 74 193 75 27 132 158 194 142 71
129 48 77 162 56 8 17 42 106 108 45 16 184 155 126 200 108 194 108 33 83 178 103 137 78 108 173 136 131 98 161 66 88 25 56 128 145 11 27 5 93 40 181 85 69 149 172 88 78 171 188 162 151 172 25 51 161 5 73 84 166 19 177 150 175 36 105 61 115 134 124 166 197 145 83 181 103 127 145 43 58 90 72 194 154
168 180 170 23 60 32 12 25 28 197 150 192 59 6 38 189 8 90 13 15 17 48 53 38 156 24 155 116 13 4 42 76 96 163 78 172 132 90 145 136 18 170 43 157 83 91 164 89 49 17 176 61 145 58 130 141 67 146 176 187 45 38 28 9 17 169 194 25 22 43 133 25 175 65 156 92 100 149 61 170 75 102 15 65 143
12 71 147 119 81 49 127 51 24 57 73 113 124 170 104 178 119 5 150 17 136 25 91 0 4 187 18 124 184 99 48 118 85 173 155 135 2 101 134 72 153 170 156 197 39 9 136 35 172 111 20 23 81 77 96 179 160 124 186 16 31 140 114 10 29 167 50 23 143 62 151 121 45 54 188 184 104 95 158 175 12 66 78 68 182
196 125 180 193 103 74 84 136 176 56 58 61 71 90 197 192 117 99 6 81 71 54 32 17 74 91 5 25 46 31 127 90 45 45 148 18 69 133 194 58 5 84 43 74 46 100 145 44 150 134 43 98 37 29 50 182 134 144 104 38 137 29 120 10 95 47 157 51 96 96 8 50 188 79 26 66 13 38 21 33 17 115 163 130 155
80 29 166 185 82 117 7 130 168 189 76 44 121 120 191 155 22 93 132 59 3 137 49 6 174 6 165 9 192 114 40 123 113 110 45 23 1 180 177 83 1 99 112 137 135 91 199 56 160 79 36 152 163 70 200 7 104 68 85 156 155 172 139 21 153 71 113 92 137 80 62 57 149 34 108 53 147 87 6 40 30 105 36 2 74
13 68 115 99 98 133 89 199 12 125 149 94 53 76 89 1 49 48 154 14 22 196 83 99 51 17 70 57 16 62 174 146 197 142 24 178 161 56 4 119 24 176 191 102 82 126 120 62 168 13 38 155 54 41 95 73 70 101 88 96 134 1 82 35 14 32 163 199 183 19 175 58 144 159 119 147 65 51 3 96 141 106 136 126 55
179 170 94 128 26 60 71 192 92 78 35 179 56 64 29 63 179 126 112 179 68 34 68 69 169 140 93 2 25 127 158 75 147 182 77 158 2 137 198 79 170 70 102 101 33 184 4 191 149 70 33 41 47 64 25 94 104 98 63 188 57 42 105 60 107 108 133 16 115 32 183 182 184 148 166 174 37 163 58 81 133 131 13 177 143
145 7 122 11 159 29 121 130 167 173 118 157 39 14 77 120 190 196 135 96 100 51 196 7 17 188 184 71 186 59 31 73 127 157 155 100 117 191 151 33 54 55 104 5 25 26 101 41 39 33 39 8 69 116 98 1 48 69 157 68 9 132 80 33 41 71 47 29 22 94 81 59 53 48 72 134 166 194 73 73 152 10 99 139 108
118 18 158 190 120 68 105 166 87 4 64 34 75 186 154 154 142 65 135 65 40 152 135 163 49 121 83 4 130 4 2 72 63 106 29 165 15 106 49 102 50 61 193 136 188 122 83 20 76 63 142 198 21 70 156 186 107 44 66 33 118 63 30 44 60 141 167 139 18 78 185 144 5 186 116 95 72 191 144 68 119 191 103 38 168
84 99 152 0 107 181 54 127 54 111 29 190 28 169 135 20 86 122 82 149 138 92 80 165 71 113 63 47 156 16 171 172 196 104 62 151 18 179 47 54 199 99 136 190 48 145 168 76 57 2 92 148 174 193 151 183 164 40 122 73 64 195 66 173 32 26 30 109 50 71 186 187 146 2 41 180 174 188 185 28 116 8 123 190 125
200 4 106 69 178 122 104 139 174 190 5 14 106 132 89 126 100 49 95 122 41 46 176 107 13 44 44 139 87 174 92 9 171 16 135 1 174 8 113 13 180 149 97 141 164 66 34 18 139 15 4 75 183 153 65 196 174 185 157 25 107 104 127 140 59 138 200 79 86 187 14 50 146 89 87 136 169 160 48 178 43 134 123 31 70
56 161 81 142 38 152 166 16 143 88 88 113 77 135 129 148 60 163 195 6 192 114 123 106 189 108 79 179 59 183 132 102 182 3 65 49 107 51 98 3 154 163 182 167 54 184 110 160 80 104 21 139 35 136 143 198 93 70 36 176 199 29 41 117 29 46 90 186 143 123 4 127 153 135 155 9 13 135 3 33 11 31 79 148 162
165 82 113 32 146 40 153 147 44 185 69 60 29 135 57 60 111 75 3 26 46 67 173 139 168 121 177 128 85 57 104 192 13 32 64 33 170 170 159 108 77 175 97 51 135 91 173 198 172 19 105 48 173 70 77 54 25 12 149 198 68 44 114 73 104 49 188 193 96 83 85 127 38 200 167 17 72 151 198 48 186 173 128 116 72
41 134 95 32 191 81 77 40 199 89 38 87 143 175 18 180 103 79 157 45 119 7 20 2 119 23 191 159 2 60 119 88 131 18 189 48 75 112 161 129 118 129 102 24 0 61 158 55 77 112 143 66 139 136 71 82 123 15 38 7 98 133 23 200 195 194 129 28 169 33 132 146 122 59 145 9 22 8 2 160 33 161 182 117 159
131 97 88 2 193 95 12 182 51 92 177 53 33 16 89 14 90 159 138 99 30 138 70 129 52 0 136 135 96 78 85 131 25 59 15 13 150 76 49 166 170 82 181 29 90 103 163 135 8 92 198 86 100 183 151 150 168 141 25 22 166 108 77 160 65 87 83 66 35 79 36 114 8 82 14 2 90 7 40 11 144 97 76 12 79
161 21 166 167 37 67 162 91 133 171 195 139 143 2 51 4 15 62 0 133 165 165 84 57 79 194 59 70 76 54 149 79 17 160 118 100 71 116 12 139 22 31 66 144 199 143 110 78 138 196 162 142 105 68 165 63 33 84 45 130 153 14 76 108 41 30 85 96 13 43 110 194 66 115 78 136 41 170 160 177 8 142 136 153 2
0 165 158 104 65 121 159 91 115 100 48 0 32 7 123 87 111 62 165 76 45 62 120 134 47 152 127 39 80 146 11 109 16 131 46 144 136 165 184 101 71 182 111 25 64 13 141 183 159 121 199 57 150 106 80 47 10 84 199 183 200 54 192 0 44 150 3 145 32 88 30 33 69 42 159 71 161 125 83 88 99 195 13 132 130
38 152 171 135 119 94 171 100 184 166 120 128 87 37 140 166 2 183 14 192 70 6 139 121 79 85 147 199 52 105 3 192 3 39 153 181 13 59 155 67 55 14 68 96 55 171 135 140 193 150 190 72 95 4 29 129 131 150 35 160 137 74 80 52 4 133 145 194 117 177 177 155 32 145 179 51 159 84 189 160 119 127 88 90 145
30 101 4 18 138 108 117 3 143 57 41 22 127 12 81 86 200 198 192 20 193 142 142 61 51 18 170 131 143 124 66 70 112 186 11 115 139 120 168 80 182 182 176 82 183 68 53 103 89 175 139 98 78 23 33 119 8 9 91 122 106 168 121 46 64 66 151 71 95 6 73 27 68 198 177 49 196 92 100 118 34 21 133 36 82
124 113 125 167 101 148 64 115 50 186 161 4 163 188 89 160 132 195 2 38 164 71 190 173 3 135 81 156 157 65 107 179 154 31 66 90 194 165 101 104 18 64 126 150 96 139 119 74 128 70 129 8 6 165 65 158 27 21 9 41 116 101 154 119 40 144 185 107 65 160 199 5 182 160 94 88 123 180 79 42 80 111 185 43 76
170 80 78 9 198 35 10 180 183 83 107 165 190 35 91 123 2 138 25 59 130 170 64 115 40 123 115 123 189 139 26 56 65 149 5 78 153 75 164 3 96 7 193 131 126 27 191 177 42 161 119 136 7 195 12 141 134 46 117 84 41 70 171 20 85 78 148 80 167 3 44 105 139 16 7 24 124 182 162 63 67 200 180 99 86
77 139 149 57 152 61 106 115 173 66 20 192 107 147 194 82 34 118 197 59 49 29 50 34 139 90 193 168 10 25 129 96 1 132 99 165 143 160 41 145 118 35 57 83 0 113 105 86 14 20 25 167 174 141 24 89 193 99 184 2 55 103 105 0 151 101 28 150 40 71 199 147 81 179 198 39 15 84 56 54 177 40 133 92 150
67 133 196 108 113 71 39 93 79 76 5 83 18 40 66 146 21 192 101 64 198 6 50 75 179 124 195 176 155 154 82 53 62 107 60 141 54 102 100 58 48 93 86 200 85 69 80 55 114 128 101 140 138 63 182 14 14 158 60 68 62 28 107 192 63 131 20 14 142 191 94 74 17 17 48 147 120 161 82 9 108 32 119 149 107
80 21 115 166 175 80 17 38 44 88 83 199 45 104 126 118 178 134 172 31 54 30 128 91 98 94 92 139 15 24 127 72 187 51 75 103 143 156 32 107 145 77 17 118 184 94 118 133 2 4 155 119 6 75 147 173 73 135 124 164 171 4 59 79 1 68 22 128 75 161 99 45 52 31 76 126 110 36 25 74 73 190 9 77 109
99 59 87 129 136 84 170 156 163 23 160 130 147 180 55 52 138 190 20 117 191 163 13 66 74 65 115 129 91 86 169 43 55 49 140 80 124 68 138 165 25 27 142 115 25 116 186 157 121 88 87 38 184 104 133 177 92 92 98 75 99 104 0 29 5 140 171 75 79 126 67 188 153 70 162 197 177 67 187 157 152 184 22 26 83
173 141 12 96 10 153 165 90 14 33 52 49 58 122 100 137 123 157 187 191 134 165 162 11 171 184 35 28 121 189 33 145 157 58 122 51 142 164 63 47 132 126 133 36 105 20 17 19 152 8 65 193 134 83 183 98 78 123 170 183 142 70 194 133 98 50 99 122 94 94 92 34 195 78 98 121 29 73 158 168 13 196 48 191 29
139 45 92 109 93 49 168 47 142 15 59 92 148 146 64 120 15 59 79 86 17 111 82 63 59 149 162 66 73 199 23 79 61 191 156 180 72 146 26 52 118 36 74 195 135 169 0 104 0 161 96 189 188 160 30 166 66 129 101 188 5 34 191 37 94 6 155 189 12 80 137 100 130 27 23 182 2 75 164 111 195 116 93 40 122
45 89 126 58 120 137 166 151 33 59 155 149 114 130 129 143 68 173 7 34 116 22 50 133 54 126 79 78 170 59 119 174 187 42 13 151 48 82 103 31 105 114 40 191 42 23 82 126 33 16 38 174 126 74 191 153 139 75 21 173 21 61 93 8 111 134 115 105 77 181 21 50 175 26 150 38 92 25 119 77 149 44 20 38 72
159 140 137 157 146 2 173 130 153 119 29 68 122 68 69 55 126 188 136 196 137 188 154 186 116 47 90 86 85 195 20 131 55 18 48 119 83 159 77 31 115 67 147 112 138 67 182 160 26 161 145 107 142 36 170 141 167 120 15 16 69 42 76 18 114 85 175 63 160 52 81 115 199 40 142 31 77 11 23 180 179 191 123 42 109
44 29 107 132 168 83 51 62 36 39 170 138 184 70 143 23 28 180 109 193 109 68 149 45 178 194 188 181 148 115 37 77 42 93 153 106 181 114 37 14 191 133 156 161 64 78 56 85 49 39 53 176 165 62 89 11 12 104 137 129 4 168 191 123 10 79 116 196 149 18 102 125 147 46 28 102 145 49 35 20 13 27 164 47 113
71 122 9 4 24 133 143 86 158 153 62 179 35 158 163 78 157 108 67 141 190 187 12 29 45 143 194 38 105 136 156 151 60 56 20 34 98 119 3 150 135 173 17 186 143 158 38 26 65 126 79 187 61 178 24 159 191 184 164 200 44 6 195 188 188 63 195 20 124 182 172 33 15 90 8 54 75 120 78 90 128 19 142 75 177
144 62 194 14 122 8 188 49 169 29 92 90 173 20 166 31 32 170 167 6 128 160 144 130 84 177 102 152 114 196 173 44 50 102 111 175 113 178 90 20 105 191 48 133 192 48 136 178 176 164 56 132 64 9 90 80 50 169 87 29 181 195 83 77 155 88 6 80 197 57 174 71 99 140 57 30 194 191 140 80 126 118 148 143 60
111 45 135 150 128 72 1 110 102 63 119 124 25 33 157 150 177 124 4 130 7 141 108 178 57 73 16 92 200 63 18 136 117 87 190 17 178 55 200 183 56 186 106 135 151 73 36 27 62 18 49 140 118 200 116 163 167 0 173 93 34 132 170 160 76 183 50 107 106 31 26 111 87 44 89 98 42 124 56 83 89 190 186 137 129
144 99 4 36 99 155 17 167 20 141 104 98 105 158 74 58 77 179 88 186 148 26 111 193 175 26 140 173 156 152 128 5 165 53 74 132 185 71 52 67 7 193 92 156 93 65 115 170 151 146 165 166 197 172 61 28 158 63 170 54 44 125 141 124 22 1 4 166 106 170 121 131 53 174 11 49 46 164 36 158 72 74 132 146 146
152 119 174 93 41 90 129 105 28 143 69 155 115 59 73 67 24 73 151 139 24 122 154 134 12 81 89 153 127 197 38 50 16 36 134 77 89 56 90 117 68 88 177 40 148 175 26 2 198 160 183 130 83 156 179 53 38 148 196 60 149 131 190 190 27 194 91 147 82 189 137 81 93 37 120 150 72 168 107 157 68 123 67 133 94
141 149 164 24 166 22 183 80 112 192 175 31 186 153 25 144 165 22 194 178 51 111 64 50 165 8 153 13 104 59 122 70 64 55 76 51 152 49 45 188 72 62 131 60 147 112 49 24 105 51 119 2 8 6 5 28 142 30 171 80 157 128 158 99 35 188 42 37 184 90 118 189 19 17 142 21 48 122 146 93 128 69 43 193 45
153 99 176 18 138 66 29 117 29 166 191 152 58 36 50 132 115 73 193 63 180 129 147 129 190 110 108 61 150 20 17 67 164 33 42 152 36 137 72 115 164 48 93 99 9 106 13 40 194 39 67 96 5 194 16 40 199 42 77 87 200 161 122 87 166 158 189 198 128 65 156 19 165 140 109 134 91 185 147 87 194 131 0 147 126
73 123 50 109 196 123 189 27 40 155 192 169 140 26 4 155 134 194 158 94 147 98 7 167 2 114 60 128 55 104 111 119 153 15 43 197 32 76 72 26 48 82 100 11 79 197 90 98 60 151 126 128 193 85 54 57 98 70 153 90 179 106 190 84 164 133 195 149 28 121 197 21 66 3 118 169 183 164 17 90 30 39 161 180 45
72 99 71 92 23 102 141 21 125 193 105 29 161 79 179 22 105 29 120 62 80 74 104 167 63 158 157 101 45 165 69 54 119 129 177 9 76 121 111 37 100 108 66 89 68 182 90 114 178 10 96 198 71 39 169 65 104 66 176 52 156 63 183 26 14 127 131 182 91 159 160 167 131 110 194 65 12 179 118 184 160 193 144 86 32
25 84 179 85 142 137 63 141 70 176 29 151 25 29 151 17 92 200 24 22 29 162 144 152 146 6 156 184 159 142 166 16 122 86 175 83 21 47 66 160 162 164 108 60 147 147 119 8 170 126 144 40 100 177 185 85 112 197 152 128 154 69 121 26 196 72 19 181 90 163 134 192 182 97 168 88 196 154 176 150 90 109 142 129 112
8 77 40 10 12 185 73 146 128 135 3 196 119 59 47 10 142 79 152 118 86 110 197 138 63 80 40 18 87 82 141 144 197 101 160 50 173 197 11 108 58 12 181 12 3 109 155 76 103 20 113 108 184 127 51 48 94 70 53 142 174 191 49 155 165 169 106 59 122 105 51 131 186 139 104 23 70 136 86 90 16 105 91 190 143
39 121 31 29 143 190 177 27 108 17 176 161 9 2 106 10 92 190 170 80 13 10 50 45 131 81 57 2 34 110 26 163 14 199 158 124 167 97 69 54 87 6 144 149 7 99 28 15 27 127 87 170 187 183 12 124 151 103 41 6 85 9 16 36 179 85 41 145 197 12 17 163 122 77 62 143 50 110 53 162 171 68 195 120 91
128 24 163 82 182 49 95 135 108 156 198 74 112 140 87 180 54 41 82 78 165 2 174 174 98 191 53 131 49 172 47 84 34 146 173 53 189 100 135 67 78 66 159 190 157 177 7 156 94 105 101 197 74 33 165 74 57 40 18 200 91 139 128 162 107 12 124 111 63 105 79 158 126 162 192 70 155 3 173 183 51 186 123 85 107
86 38 163 130 111 100 95 73 10 153 74 15 127 31 32 133 194 58 93 186 54 184 195 124 109 143 186 59 12 42 5 65 72 186 1 167 60 134 74 63 50 33 71 140 5 170 85 13 193 61 84 44 141 63 105 84 168 65 92 149 163 137 180 61 34 170 165 176 7 133 190 150 194 55 90 23 20 70 183 68 160 32 155 121 27
138 80 155 50 46 161 143 191 184 45 48 171 113 21 14 197 198 122 198 80 89 174 165 53 56 166 103 113 89 39 18 100 93 192 51 186 198 127 35 70 187 101 14 48 150 79 28 162 128 85 107 109 120 120 5 38 136 21 152 26 91 50 89 181 181 164 179 123 176 90 45 177 147 96 139 71 156 15 139 138 71 177 105 107 117
137 87 68 174 48 95 44 21 179 61 146 18 0 120 161 68 37 24 131 36 188 137 172 59 55 104 68 40 18 145 165 96 121 22 41 79 200 44 32 110 98 158 46 92 49 146 78 60 195 133 118 159 78 125 31 52 175 5 37 87 125 194 128 193 112 181 10 157 29 33 152 36 159 27 53 18 101 80 152 13 144 84 132 91 149
4 72 158 108 105 47 13 26 52 31 169 13 187 10 181 137 73 193 40 33 24 126 82 133 120 158 94 35 100 131 162 119 140 9 166 22 42 18 22 159 161 139 32 94 200 2 79 161 78 179 156 38 160 184 18 200 200 171 6 127 108 113 183 20 171 126 183 53 182 185 158 161 82 182 80 53 194 80 182 140 116 173 188 90 144
154 125 104 84 2 72 80 149 142 93 38 118 55 153 96 4 145 167 45 118 24 96 29 16 11 89 112 174 24 178 25 52 166 142 184 67 154 69 189 67 167 96 102 120 76 200 198 73 97 94 124 197 109 63 41 158 31 67 150 192 69 20 151 195 84 18 32 28 82 125 58 87 142 185 82 134 76 122 124 196 80 33 61 105 196
191 192 57 112 41 111 0 79 124 198 46 200 78 154 138 64 24 45 32 175 127 114 66 35 197 68 44 199 35 18 61 53 4 61 135 195 64 101 61 151 14 138 69 15 138 107 175 161 132 154 86 109 119 150 146 121 53 108 3 154 58 130 110 25 178 196 167 128 10 104 71 125 104 15 68 174 98 190 4 180 137 79 156 72 164
166 53 119 32 158 12 83 99 44 156 173 62 72 123 37 86 127 58 45 33 146 104 129 24 98 113 30 97 33 141 147 42 29 136 187 56 169 30 82 19 17 132 186 187 109 81 47 155 181 52 3 130 43 61 191 182 153 95 178 160 178 1 145 34 193 31 26 108 125 93 18 131 122 35 174 5 13 97 87 67 169 165 44 86 103
125 4 183 98 44 136 129 110 43 61 103 15 149 79 96 145 11 22 193 55 151 165 32 65 25 144 25 155 172 113 178 81 94 89 114 108 102 151 35 91 0 197 171 151 12 80 166 5 6 84 29 16 186 157 139 102 136 19 84 69 74 110 85 197 112 158 17 70 130 17 159 173 157 144 13 185 116 96 165 196 10 71 13 38 36
137 119 180 147 97 31 83 78 182 138 110 126 175 87 90 19 25 80 161 191 162 47 65 183 8 61 28 188 136 134 4 89 137 8 79 108 19 178 82 147 62 21 86 39 139 26 62 168 6 69 49 115 63 187 156 129 114 166 76 89 200 180 14 71 83 52 47 86 94 129 86 190 93 149 20 122 38 27 44 79 12 54 148 188 21
55 109 174 10 161 175 67 141 47 154 158 37 162 167 183 155 77 78 48 9 69 62 77 57 40 119 126 77 18 57 92 83 0 73 118 21 163 51 86 72 92 176 89 163 13 47 186 136 116 77 175 106 196 13 117 0 66 70 19 143 131 44 106 188 199 163 118 128 10 85 36 108 132 104 21 97 110 21 70 179 155 104 20 169 156
32 2 143 120 35 111 183 65 149 131 197 189 37 150 117 2 194 10 90 38 165 65 166 85 131 62 5 165 148 117 68 168 126 0 7 184 195 164 24 47 102 53 19 149 78 120 24 171 182 157 57 84 158 44 129 38 54 86 155 146 15 6 169 115 88 130 173 98 138 170 34 119 146 178 170 71 118 21 165 9 173 3 109 0 33
58 103 23 126 96 156 39 12 61 83 13 100 61 160 170 192 156 52 147 157 157 12 42 192 118 125 130 49 92 52 106 127 39 172 181 120 140 132 10 162 123 18 70 96 105 55 131 100 26 182 98 129 165 23 148 11 156 45 20 196 137 183 2 91 51 145 20 60 139 41 101 11 172 43 62 84 175 187 2 176 142 167 70 167 108
42 95 131 185 125 155 113 152 108 39 116 32 156 43 89 97 145 112 108 49 193 44 81 147 155 11 0 67 0 46 145 56 27 4 109 75 129 132 122 88 168 62 104 150 123 198 111 131 69 123 33 183 160 84 138 159 171 13 171 0 96 51 24 108 106 5 32 115 116 48 156 79 163 111 172 60 172 67 98 147 190 5 35 65 128
183 174 159 25 182 190 153 128 126 116 2 85 0 40 183 132 7 163 167 93 129 192 111 179 161 68 129 25 191 191 143 77 91 94 149 161 187 155 124 191 53 178 195 29 114 103 103 9 16 78 144 52 100 36 5 56 193 195 25 128 6 175 165 161 28 159 98 192 152 38 142 29 158 124 196 3 4 89 114 55 120 154 33 149 114
111 53 85 109 39 114 107 15 200 183 39 26 111 65 117 127 38 155 173 52 170 113 200 9 176 36 133 169 12 172 140 142 188 158 128 166 3 187 200 186 161 88 27 145 153 154 169 80 47 41 41 169 72 135 164 50 191 21 161 131 80 67 132 77 31 125 124 30 139 143 148 131 30 63 127 179 107 199 90 155 68 60 51 181 198
