30
8 120 100 51 115 30 138 199 16 45 173 16 101 147 46 188 188 65 104 1 142 41 111 40 117 68 180 164 13 165
67 159 105 59 64 108 55 116 41 67 134 46 61 178 158 171 124 31 168 200 71 10 26 175 52 157 194 198 184 95
130 72 80 82 22 54 47 14 52 176 72 179 100 152 27 123 111 25 127 86 67 14 59 105 13 135 197 69 131 7
178 45 55 5 154 117 5 112 56 165 194 38 118 93 4 81 23 63 95 82 192 68 96 106 44 200 142 27 15 50
51 132 181 18 120 1 160 43 61 16 37 22 141 23 178 197 160 96 94 33 85 80 28 32 151 139 175 178 9 120
5 79 101 72 78 89 196 47 82 75 122 94 32 122 176 108 131 19 154 60 14 166 35 173 198 197 14 169 51 81
45 57 14 175 22 37 161 31 133 64 40 102 198 157 192 112 100 101 66 196 18 102 10 65 194 56 139 73 180 193
172 95 182 4 117 187 169 35 199 17 198 59 28 192 180 67 77 37 103 41 158 23 150 13 196 160 71 92 24 59
93 92 92 119 30 161 107 7 193 147 50 51 63 167 140 64 175 9 19 131 109 176 20 13 9 106 117 69 58 150
196 59 103 24 195 46 48 79 85 70 0 59 43 15 76 92 130 172 122 109 161 140 125 21 122 126 168 41 139 7
89 53 92 158 73 126 45 140 86 36 98 5 85 87 166 31 129 34 25 116 82 139 194 39 115 96 84 27 179 22
121 38 132 122 193 99 163 140 33 124 186 40 173 66 163 138 27 109 181 26 189 18 128 65 81 71 123 115 165 61
115 16 23 146 31 192 148 67 104 165 159 80 88 75 133 119 143 95 46 14 129 125 118 124 43 87 4 1 26 9
127 152 72 94 153 18 93 152 184 110 191 61 104 31 59 120 29 166 108 136 190 45 120 66 171 156 16 8 30 126
66 32 170 111 31 31 156 144 138 160 26 27 193 6 27 56 73 188 22 51 145 29 32 10 116 144 36 20 104 134
185 115 196 47 182 121 66 69 38 17 74 23 8 80 190 168 32 23 152 39 139 2 47 106 26 136 165 184 158 122
183 32 23 146 191 34 190 130 93 24 136 39 20 108 94 195 54 126 172 18 152 10 198 96 86 90 196 66 136 33
137 16 2 26 76 125 42 12 29 140 53 169 168 10 7 57 31 26 30 181 186 19 120 200 0 141 11 51 40 148
190 48 67 175 81 169 49 46 165 126 104 118 68 170 116 194 148 129 20 88 196 51 191 144 24 102 96 69 38 120
188 35 135 18 13 74 128 49 179 130 169 91 36 83 124 146 153 177 174 121 3 60 114 82 138 80 40 180 95 41
57 50 129 135 114 15 155 24 123 0 66 156 32 193 10 169 17 19 182 37 167 39 136 27 59 132 37 19 66 120
26 62 122 186 82 164 120 109 67 157 65 169 27 175 67 138 136 23 192 158 9 126 147 79 40 194 3 198 63 42
198 110 176 5 47 185 181 53 74 92 22 71 129 29 64 150 156 54 191 3 90 90 84 157 128 111 132 145 25 153
63 13 151 83 95 188 116 155 88 198 167 72 144 150 136 86 135 31 19 42 106 60 156 67 46 196 46 120 82 131
152 98 32 82 85 162 189 7 182 198 138 181 127 176 134 138 23 12 166 100 74 25 92 143 151 69 31 112 0 37
7 166 180 194 95 74 179 5 46 93 172 124 167 42 74 96 53 168 45 92 13 103 85 47 39 75 73 156 155 40
154 9 115 144 63 170 71 95 108 169 16 178 182 188 70 6 104 156 109 132 34 87 152 109 125 100 152 103 98 125
99 156 111 130 156 66 25 197 184 28 89 21 59 174 39 21 25 22 95 179 161 111 180 157 169 124 140 176 20 124
21 135 141 179 63 198 111 43 56 102 101 17 154 106 115 49 58 156 95 194 126 18 115 42 121 31 127 173 178 196
173 171 174 44 67 87 25 4 67 139 81 102 107 16 43 110 37 27 63 168 90 10 27 88 200 68 22 183 24 79
