91
196 37 120 5 93 153 164 17 189 54 89 45 170 111 116 105 97 131 26 24 3 101 91 108 32 120 56 91 150 81 53 118 64 161 69 142 66 90 14 158 63 93 122 107 166 177 12 181 94 93 138 173 47 127 31 177 176 179 71 50 72 49 88 49 53 158 76 181 87 51 114 188 165 140 175 55 149 4 159 91 164 112 101 133 36 28 129 196 67 16 188
153 21 144 55 75 197 185 150 28 56 81 170 25 166 3 44 70 31 181 28 12 111 144 73 127 34 166 55 36 164 145 176 1 70 114 130 106 130 186 53 143 184 164 20 135 94 145 191 12 64 21 39 129 156 53 116 86 69 57 8 35 87 18 198 70 0 39 57 146 195 198 189 48 145 114 130 75 36 41 56 178 195 78 180 136 72 123 188 56 31 10
85 186 104 15 126 134 41 71 61 113 17 149 13 16 180 198 59 67 158 73 154 103 52 131 180 21 151 1 144 40 141 187 188 119 8 144 117 53 8 113 70 111 186 106 89 49 84 96 156 127 4 76 38 180 117 116 53 14 56 154 133 59 153 30 192 96 192 100 136 83 9 85 34 167 52 55 116 150 194 79 92 108 13 54 44 42 150 30 77 82 184
153 156 39 53 132 135 88 62 96 197 131 41 48 22 76 87 103 196 11 195 78 168 147 67 158 187 188 160 79 131 102 101 144 148 36 143 180 106 75 133 71 139 49 24 129 14 96 96 25 97 42 9 6 153 3 156 158 156 38 112 192 194 89 37 166 184 132 136 159 133 161 111 41 170 94 178 67 129 172 128 36 57 75 3 127 121 73 77 187 23 187
200 62 197 73 99 111 169 176 12 125 84 47 127 164 179 102 144 93 155 98 178 82 137 113 96 182 165 99 0 135 188 72 130 105 93 38 71 195 128 14 7 166 77 3 157 50 166 32 57 188 197 12 80 92 172 105 56 84 146 146 158 156 94 122 171 2 42 172 70 139 98 98 10 188 150 144 44 72 131 158 134 42 96 196 142 88 120 182 196 12 23
152 190 11 168 129 56 103 182 129 184 16 197 101 156 25 22 191 34 50 23 35 171 99 44 90 19 22 30 200 75 101 74 47 112 183 158 4 7 112 192 199 156 113 75 113 95 85 56 28 152 198 151 15 192 67 81 113 54 102 140 119 8 48 57 176 150 108 53 174 35 119 186 46 1 20 55 67 181 188 6 142 28 5 17 146 70 90 68 32 189 13
62 96 26 82 69 23 73 37 110 145 20 93 166 179 19 15 184 119 192 124 120 181 60 55 76 169 103 79 104 1 133 73 44 24 113 15 4 6 156 102 19 3 57 179 164 143 199 31 73 195 74 188 148 54 65 56 72 154 91 149 115 95 151 196 176 88 37 18 27 177 39 90 191 22 126 103 5 148 75 74 101 23 196 152 102 181 114 116 26 127 164
169 92 153 159 47 188 110 148 81 165 95 145 143 83 188 144 75 89 74 125 15 33 141 96 86 37 154 87 102 96 181 80 25 178 65 191 38 183 75 181 178 65 161 101 177 3 68 153 148 148 103 137 56 86 146 97 118 74 158 164 109 131 38 51 53 42 141 171 134 134 193 135 104 98 46 152 104 156 111 144 103 176 159 64 88 160 57 180 54 112 166
2 0 160 61 112 147 91 152 174 117 157 192 36 135 198 102 72 78 124 158 12 10 41 71 145 76 16 113 199 46 3 150 56 27 88 170 29 98 194 56 13 123 177 12 61 182 64 18 176 119 135 35 200 36 72 1 33 138 88 144 50 26 185 20 145 129 196 165 77 63 22 70 106 192 172 168 176 162 42 69 106 149 1 165 98 138 43 165 118 54 53
62 129 70 86 124 28 18 188 188 50 172 35 8 5 28 55 57 84 117 147 95 145 139 144 146 177 29 171 174 173 138 122 83 47 189 98 81 85 161 54 127 14 91 123 99 21 12 30 55 130 88 131 3 136 169 145 44 151 114 143 114 50 154 33 145 132 0 196 102 55 39 188 94 36 11 113 181 167 175 24 156 49 138 49 135 166 188 106 161 7 81
7 35 110 190 88 163 126 181 166 185 38 144 183 22 89 147 185 165 15 3 178 20 79 97 177 197 112 77 37 55 86 142 1 133 199 43 52 191 9 76 40 42 52 112 2 118 67 161 157 180 49 77 114 26 83 186 57 42 122 72 90 86 48 126 75 143 109 13 119 105 34 128 174 189 158 93 7 189 160 166 7 183 71 0 164 174 187 80 45 105 95
196 24 187 88 47 25 154 60 88 35 64 177 5 88 121 73 39 106 186 199 52 50 5 172 192 130 36 134 114 33 120 84 165 114 176 99 171 47 9 135 111 92 36 143 184 111 91 143 7 166 16 19 142 197 147 170 78 176 65 196 159 81 68 114 154 47 97 57 17 92 17 104 110 119 30 88 129 21 5 79 144 8 1 78 165 36 85 151 198 122 89
177 122 125 195 90 133 172 64 161 52 45 58 191 18 3 152 87 67 83 50 65 86 127 63 13 161 41 71 99 109 153 64 141 197 46 149 33 153 105 114 66 177 19 47 66 186 192 129 39 158 69 187 53 6 10 112 91 152 20 53 32 61 42 68 156 157 39 104 169 98 90 137 150 33 36 53 121 93 12 186 3 103 2 57 145 151 54 47 0 40 84
188 27 67 12 110 81 96 81 69 3 165 26 136 114 1 131 198 191 71 44 85 46 94 88 52 91 105 142 139 58 183 63 21 172 113 2 129 114 162 187 38 9 77 16 26 5 86 187 120 78 111 161 80 197 24 154 0 134 115 163 136 108 149 50 154 179 106 181 111 153 187 108 195 69 52 187 180 168 170 154 159 103 187 114 15 105 183 74 177 174 65
13 119 182 79 100 58 19 104 11 74 19 22 92 115 48 188 85 198 137 136 158 61 44 115 17 193 129 95 175 14 135 139 27 22 74 53 16 168 172 35 198 147 45 32 20 39 153 199 7 167 178 4 48 36 144 101 1 12 94 193 155 125 179 6 77 106 95 117 100 176 43 71 51 78 36 51 122 159 90 90 72 45 87 31 126 185 191 120 179 4 2
156 193 188 39 42 77 28 13 116 2 128 7 72 177 63 16 4 176 20 104 124 120 137 180 75 9 180 24 135 179 75 40 32 199 86 75 152 140 195 112 165 41 189 192 130 79 116 132 107 96 145 122 169 96 41 162 98 31 165 82 184 23 109 106 28 150 33 17 101 197 27 142 188 78 124 18 106 75 182 125 133 63 113 52 29 139 91 22 105 61 28
89 162 26 42 98 17 112 15 111 184 67 72 62 165 167 116 199 117 145 96 51 87 184 64 129 46 1 11 101 72 42 11 64 99 47 100 25 133 183 7 157 167 63 16 42 87 56 4 168 91 190 69 31 136 19 160 142 136 193 85 169 79 47 150 105 146 149 166 142 45 25 76 4 51 22 6 35 50 108 35 82 144 29 23 153 192 120 57 115 79 139
144 197 78 190 177 42 199 90 89 15 69 136 115 63 48 47 54 40 50 195 34 49 124 92 88 140 92 77 46 169 151 197 2 17 42 121 129 9 190 67 53 89 45 21 7 107 100 134 44 121 53 82 53 92 139 107 82 77 83 107 99 13 96 162 37 157 48 7 83 189 170 117 122 170 198 80 42 89 3 72 110 173 179 161 120 184 195 190 162 27 33
172 101 0 102 140 197 37 123 20 134 110 133 5 38 31 47 171 123 23 80 119 97 164 181 40 165 7 25 115 198 150 166 162 95 120 171 22 129 134 39 166 129 33 29 115 131 161 145 138 142 198 198 48 164 63 148 16 185 98 128 9 129 56 49 53 163 68 138 53 42 37 184 119 193 181 13 40 76 82 147 47 66 21 128 177 157 88 12 51 132 108
34 95 56 100 39 138 42 173 5 132 139 77 14 159 186 196 64 1 157 53 111 25 195 80 148 190 93 183 89 46 90 107 64 187 18 41 53 152 111 104 73 150 37 44 2 24 100 64 167 158 101 68 157 170 43 173 192 11 31 130 189 150 1 8 47 53 72 37 172 79 0 163 84 23 69 51 11 182 77 41 24 68 184 39 10 18 26 178 88 110 154
40 5 192 177 44 117 51 126 123 96 10 49 121 21 173 179 145 121 192 103 122 163 36 136 157 68 106 17 126 154 170 152 178 61 63 62 59 184 48 126 170 75 72 4 7 182 105 112 37 113 146 8 118 110 82 96 194 145 110 49 115 73 68 40 75 138 137 163 131 72 69 9 8 63 105 88 89 160 34 164 91 147 117 124 50 55 170 172 153 59 15
149 171 12 12 138 132 58 36 162 107 78 90 81 90 26 91 11 179 106 156 25 18 32 130 180 118 76 58 15 190 122 3 44 67 10 118 109 51 116 195 91 3 13 170 66 129 92 135 125 92 7 127 89 189 155 156 111 189 23 53 9 124 173 68 162 123 166 153 54 70 199 3 132 128 99 166 115 170 73 8 67 157 167 128 7 31 11 32 157 182 61
167 41 124 45 197 53 54 38 45 20 148 87 103 30 195 169 76 154 56 84 160 174 59 5 141 72 62 72 175 137 8 10 51 109 186 136 69 191 144 123 112 85 106 184 78 110 110 119 94 146 63 6 56 45 5 54 144 56 192 38 102 28 98 160 129 109 11 121 66 170 187 196 55 15 39 42 100 99 165 71 77 61 82 23 146 144 61 104 52 115 103
109 162 77 25 138 107 159 155 53 102 37 44 9 91 67 63 75 30 135 26 172 43 101 162 55 136 100 25 114 183 96 59 31 30 175 20 157 4 60 43 110 172 87 134 85 52 2 35 172 170 160 200 118 133 18 80 78 44 134 162 148 182 90 182 93 69 149 167 1 164 50 43 60 40 9 42 162 70 127 109 90 188 174 87 100 87 166 40 79 17 59
142 144 30 10 113 133 141 15 123 13 130 34 32 178 8 159 141 27 58 130 107 172 127 80 104 170 8 5 140 106 166 161 152 18 50 12 44 175 192 54 177 169 159 198 148 24 2 45 192 172 150 116 146 127 28 115 10 115 41 169 154 35 190 11 47 143 120 176 157 126 179 54 182 108 181 163 92 164 44 180 84 116 183 25 62 63 38 36 57 12 130
97 31 160 117 16 144 58 23 200 23 101 8 128 169 116 108 93 156 52 176 139 177 10 200 26 104 71 196 96 144 104 27 193 46 121 71 137 112 163 125 30 162 48 102 126 175 138 25 195 183 191 98 101 49 90 162 147 154 173 95 98 50 9 12 69 145 5 65 77 181 50 35 32 7 84 43 56 184 79 41 55 108 131 138 11 42 39 174 13 168 36
53 163 199 46 10 167 130 108 64 200 6 96 25 58 166 7 112 101 64 77 123 142 181 54 138 109 88 89 15 35 8 163 136 66 62 164 95 148 154 173 67 60 29 193 122 4 134 159 12 73 44 86 144 122 60 59 98 124 48 128 63 13 64 197 155 188 85 131 55 42 83 152 169 126 194 115 168 161 152 20 171 88 6 156 69 53 27 84 160 159 89
199 81 163 5 189 5 85 99 34 90 193 115 134 166 137 18 148 185 94 144 191 39 42 78 152 158 126 157 54 56 37 3 190 192 89 67 4 77 101 147 57 177 153 165 120 83 165 13 5 160 76 56 16 80 116 44 12 172 181 83 62 138 190 156 14 27 143 70 21 80 176 56 53 15 188 192 11 17 104 99 74 66 36 148 139 188 177 129 184 115 81
28 149 24 104 149 66 26 23 35 167 53 170 5 129 37 6 36 183 188 169 14 80 165 45 127 120 163 164 82 143 7 146 200 167 55 113 190 200 48 94 102 20 81 162 92 95 52 156 168 124 70 137 137 108 105 109 190 176 184 49 22 0 51 49 22 24 67 114 128 98 20 173 112 165 59 171 99 172 195 35 132 89 156 50 62 120 57 11 126 158 19
50 10 199 40 77 153 99 18 98 46 23 41 121 131 176 113 5 196 147 166 76 156 145 60 42 59 17 159 36 52 50 53 67 0 185 60 74 52 63 67 188 137 142 183 139 153 26 44 153 102 108 31 105 68 135 187 113 185 40 91 171 67 6 11 115 119 157 65 44 171 26 43 9 9 15 173 50 114 187 167 102 16 108 84 156 69 40 43 182 36 140
137 44 13 65 97 81 1 107 77 73 60 174 198 181 30 50 133 169 129 5 148 121 99 170 173 109 198 115 63 158 29 15 26 35 64 81 115 49 68 125 120 52 165 96 198 52 100 72 130 15 188 22 108 148 4 151 148 71 135 10 15 143 168 101 52 5 113 135 193 120 35 134 93 52 193 141 179 111 93 31 198 139 68 26 30 25 41 112 136 131 113
88 100 115 74 57 20 116 52 41 97 64 126 167 123 192 164 125 112 62 200 162 41 109 128 100 53 168 132 104 123 109 22 193 119 55 189 67 57 123 91 173 66 57 41 131 24 51 174 36 79 57 36 59 126 19 44 52 79 83 197 72 100 193 47 126 102 66 43 89 184 3 95 122 34 193 40 185 129 88 100 25 117 85 163 133 44 96 53 114 178 23
135 98 70 175 127 100 49 87 85 183 20 169 197 82 94 146 104 130 161 80 171 46 38 173 163 139 39 162 142 7 90 59 19 66 14 131 27 142 65 28 189 57 79 141 164 186 185 98 34 87 159 47 37 83 107 165 111 26 161 182 86 172 149 135 104 70 80 49 194 167 47 8 25 48 17 108 51 123 72 66 163 154 105 93 43 22 36 140 74 175 147
137 11 177 69 150 169 15 37 73 138 32 194 66 20 127 76 157 78 58 7 123 88 24 67 17 118 139 39 101 74 56 38 28 5 28 114 94 188 78 8 103 192 89 26 49 53 188 154 129 105 185 102 49 105 95 115 127 108 157 88 188 20 65 56 127 5 161 150 88 198 67 8 118 68 63 14 100 159 171 49 1 49 149 195 131 29 113 139 101 21 122
17 99 122 86 25 117 192 20 103 197 67 16 20 181 93 84 79 143 23 93 183 179 142 50 182 92 193 96 59 53 49 144 133 13 150 106 178 114 116 152 168 162 34 103 43 173 39 87 7 169 2 174 134 183 155 83 7 47 195 111 199 28 83 56 46 76 171 83 160 171 137 184 37 190 33 23 36 166 146 100 46 146 108 173 172 171 123 76 185 177 7
138 49 170 50 193 45 38 61 199 124 70 53 50 37 166 88 137 96 0 120 66 41 153 20 127 133 52 143 115 37 18 164 95 171 126 132 20 111 178 146 139 75 79 100 32 89 75 20 73 18 105 187 144 96 65 24 165 92 142 154 196 161 63 168 158 93 80 6 72 110 138 137 131 81 1 182 86 115 197 47 33 44 152 47 165 32 4 38 119 133 111
183 191 61 171 149 166 54 160 192 145 143 173 21 23 190 171 19 122 56 127 181 179 121 131 31 7 122 129 155 74 44 149 198 122 141 157 66 93 17 12 87 146 179 79 132 51 172 170 189 36 27 80 199 37 23 150 16 91 91 37 47 28 145 152 143 190 98 49 196 103 180 114 55 196 0 76 191 127 177 144 161 70 116 187 142 25 73 22 145 192 42
164 94 150 50 104 154 30 188 43 96 131 194 100 164 8 140 114 150 134 197 76 81 102 147 181 32 51 2 101 194 137 58 2 47 87 176 5 98 167 117 141 191 193 167 39 128 159 72 12 95 93 120 100 126 108 47 11 195 157 173 129 95 3 21 39 93 95 86 153 47 90 40 52 178 144 6 110 82 22 24 200 64 28 57 62 156 185 83 55 193 106
88 101 7 127 60 157 87 120 200 89 166 119 92 165 69 68 178 121 99 31 164 167 126 107 121 16 197 148 90 105 168 182 127 17 30 103 67 71 45 119 190 186 158 77 132 33 47 151 113 66 123 147 76 117 0 119 137 95 98 124 112 96 174 118 170 3 131 112 100 168 83 158 161 75 138 155 138 65 138 86 130 190 189 79 175 198 162 30 108 149 127
153 96 78 54 131 148 80 112 131 103 124 193 127 138 192 139 123 136 66 20 125 33 70 83 93 119 124 176 8 82 78 17 47 48 151 177 153 176 13 65 111 4 106 194 195 124 52 3 167 182 76 142 15 195 32 83 166 156 140 50 30 28 51 9 75 200 73 120 128 21 95 173 83 157 3 85 94 184 115 73 55 71 68 169 199 157 100 37 13 115 3
187 8 56 88 132 106 51 34 99 16 150 53 6 18 168 175 22 53 43 78 49 109 57 185 134 104 15 53 116 18 197 85 33 152 191 9 190 109 67 173 119 48 11 119 152 47 157 137 129 68 15 171 143 62 93 8 110 80 108 94 148 58 7 33 165 197 141 65 132 119 167 103 111 67 27 120 84 122 59 17 36 12 48 108 27 160 128 159 76 187 157
154 13 50 131 27 195 107 104 58 143 131 172 8 74 1 198 52 155 40 77 175 9 95 17 68 110 136 47 104 118 139 77 138 159 54 104 28 16 173 47 75 61 68 115 133 1 96 150 121 112 90 164 134 174 143 148 86 152 143 147 15 188 174 108 191 168 34 48 95 88 76 55 189 9 57 21 185 57 67 0 66 20 30 169 40 6 107 188 18 26 126
123 54 122 16 111 132 174 94 84 39 40 140 197 115 6 129 71 45 75 189 41 62 178 163 164 194 77 76 175 75 87 61 167 63 155 44 5 103 49 189 200 187 195 129 172 89 100 153 140 45 179 126 23 169 60 164 195 116 83 125 38 185 79 48 100 148 156 191 73 132 53 93 151 177 95 108 107 72 27 171 19 190 143 1 144 100 79 108 146 180 171
87 162 132 102 122 161 175 9 153 91 116 101 120 10 153 74 82 143 162 102 57 151 9 178 189 175 103 122 122 146 106 38 180 81 39 34 1 158 3 70 55 128 62 128 9 176 25 58 100 109 14 40 155 67 73 0 28 120 57 196 160 35 112 117 36 17 68 74 150 112 149 32 191 102 93 163 137 166 19 29 134 145 13 127 199 119 143 11 40 86 120
131 112 179 33 49 100 14 83 15 77 93 152 172 147 2 23 78 168 144 38 147 130 101 59 137 42 116 21 45 147 16 168 66 100 1 52 65 88 55 191 35 198 190 149 160 198 3 22 98 169 93 197 148 90 149 34 165 132 106 55 169 10 143 133 95 162 86 28 189 4 53 41 23 93 188 17 148 53 3 85 82 52 8 193 151 143 19 45 19 195 48
121 180 17 174 63 70 119 131 168 172 109 102 170 47 180 169 131 12 122 14 159 58 35 139 165 138 117 198 198 119 102 82 150 36 142 173 35 16 13 106 141 14 65 138 9 138 53 151 121 50 159 9 90 111 1 11 170 167 179 186 118 135 13 169 28 41 64 171 54 99 120 170 21 3 58 135 186 142 93 10 72 142 89 8 156 56 25 5 103 76 135
153 179 165 90 2 128 95 127 143 199 47 96 190 94 48 123 61 114 119 80 109 45 182 11 43 54 12 23 71 103 59 102 78 118 93 137 9 103 78 194 52 198 53 65 61 200 0 2 188 139 60 22 128 191 180 176 57 48 177 67 139 1 80 73 174 46 58 163 139 44 11 169 104 50 7 181 114 195 134 65 117 138 70 18 46 13 188 152 49 43 161
197 167 132 107 192 90 117 155 188 5 28 155 6 64 98 88 180 159 26 62 7 58 46 130 108 106 108 198 195 15 112 190 48 44 14 46 45 146 83 191 112 36 19 132 56 174 2 95 83 98 13 53 34 33 170 16 95 171 194 121 196 193 1 102 70 164 174 105 133 144 19 124 22 36 2 40 117 85 35 98 60 172 34 19 92 45 151 45 141 86 12
129 35 77 103 127 131 18 200 166 178 29 46 96 174 94 53 132 20 80 16 193 17 98 39 87 151 159 23 109 185 181 93 8 155 149 132 123 177 47 32 17 150 122 62 31 176 69 50 180 16 145 194 29 134 76 28 198 6 144 74 104 195 200 77 119 33 136 76 164 12 112 90 59 44 108 124 36 135 111 52 181 160 175 3 18 67 19 45 130 156 95
148 72 174 155 135 190 160 141 17 163 158 177 181 169 165 30 70 124 50 7 152 28 52 194 197 19 178 75 64 21 110 105 106 41 111 46 65 129 44 83 177 125 155 190 106 10 42 115 72 23 170 159 151 9 170 7 178 174 8 56 166 185 74 176 76 136 74 54 133 60 62 161 108 5 12 141 30 70 195 87 136 32 101 65 78 59 88 81 104 32 59
143 156 126 58 177 118 103 200 106 88 134 121 51 36 187 29 145 70 121 173 111 102 137 147 37 59 17 58 182 151 66 90 184 4 164 35 165 143 37 174 95 186 129 180 30 152 72 168 182 192 33 183 154 152 94 77 7 169 89 189 175 45 179 148 8 140 192 18 29 136 78 69 24 135 40 89 28 182 138 60 145 10 123 115 167 153 46 29 128 146 102
184 9 99 86 1 137 155 169 169 43 15 54 95 185 168 188 97 75 199 66 175 29 33 106 106 56 186 180 83 31 124 60 125 133 15 176 167 111 74 8 51 60 157 200 22 78 104 22 74 156 46 157 200 182 166 198 169 188 74 57 151 138 95 25 44 129 176 34 169 176 152 147 186 166 59 150 185 177 102 45 150 198 52 111 4 157 66 9 162 68 193
164 73 45 69 73 150 128 61 78 182 126 181 168 27 161 1 167 20 3 105 196 153 125 126 137 113 34 123 191 23 41 117 178 168 150 72 160 70 30 134 124 11 198 154 84 199 42 185 125 176 0 152 177 110 86 192 185 111 136 137 57 5 37 195 132 45 29 198 12 60 155 51 106 115 168 77 184 85 118 138 165 50 132 67 48 23 11 86 29 183 193
182 186 43 195 62 83 81 102 60 167 98 189 20 183 8 91 125 94 60 68 124 146 156 76 88 32 53 60 192 112 14 62 1 139 35 172 44 121 55 85 94 153 3 96 14 174 43 40 124 49 52 144 164 180 75 117 189 196 80 4 126 106 23 153 23 168 136 148 183 126 24 87 83 116 155 138 90 140 189 197 22 21 22 160 3 199 162 135 196 24 166
139 15 74 142 16 101 1 143 64 41 157 190 70 59 163 96 149 83 35 194 34 35 85 181 180 47 84 173 19 141 198 165 111 130 73 181 101 166 86 127 65 158 168 149 96 167 79 121 62 107 191 196 168 25 66 173 101 199 117 94 43 155 154 62 28 2 95 135 114 76 132 185 1 125 112 25 143 3 165 60 142 116 2 77 30 15 193 9 184 181 19
164 61 93 198 163 12 159 195 113 110 141 18 49 2 169 172 3 22 2 184 136 135 28 90 197 107 135 139 53 190 58 81 42 55 156 74 157 145 171 60 0 30 42 141 38 171 38 31 36 147 185 188 16 52 185 77 22 105 144 26 23 17 119 62 55 149 118 14 84 5 17 16 70 78 32 36 148 160 82 83 92 14 103 63 133 134 52 180 11 169 52
169 9 133 101 141 115 80 174 16 9 131 152 191 178 184 36 78 50 89 134 20 14 18 172 98 141 17 34 45 52 154 16 96 164 57 111 135 23 131 139 41 1 104 158 64 99 58 122 186 169 45 139 122 5 42 55 25 16 154 110 81 21 54 78 19 108 78 58 52 175 88 61 30 57 186 186 192 192 9 58 108 161 24 62 192 6 37 31 18 48 56
19 91 199 16 65 16 154 26 148 25 53 146 143 4 59 174 105 89 95 50 180 114 75 127 88 40 171 70 43 175 2 90 200 90 107 46 17 167 48 3 25 89 150 118 98 143 134 138 127 73 144 156 177 190 22 4 62 162 146 124 151 183 151 199 29 39 171 137 93 155 162 79 109 138 97 189 20 67 134 80 33 199 164 13 33 142 11 51 21 157 161
177 147 0 130 80 6 198 116 52 83 7 199 37 42 192 99 18 134 186 153 6 18 67 167 89 123 48 44 2 94 101 124 147 30 194 191 23 70 137 98 56 100 57 0 86 61 83 115 137 123 68 199 82 0 4 48 199 105 140 60 177 162 168 10 119 184 126 196 140 73 15 95 29 118 54 182 189 10 39 4 74 134 26 163 167 62 155 27 26 184 25
38 168 64 129 158 111 120 103 176 75 173 127 66 87 32 45 151 60 116 61 55 163 160 115 48 110 131 16 142 194 71 164 170 148 147 181 115 19 181 86 37 74 34 146 136 16 76 80 82 139 123 4 61 186 63 114 121 29 0 33 104 2 129 160 172 118 111 175 78 117 36 101 62 145 65 48 183 70 46 92 69 197 38 35 0 196 169 90 159 38 48
154 65 165 32 69 179 21 34 75 51 154 183 32 53 129 8 187 144 4 143 46 118 156 87 100 147 16 147 173 107 131 184 153 170 76 123 60 153 90 175 116 57 59 138 74 101 88 54 57 2 46 3 183 8 106 107 197 109 21 180 81 129 28 135 103 31 118 59 36 4 197 112 59 121 125 19 87 10 75 134 178 150 21 15 7 138 178 7 166 156 98
57 86 8 168 27 62 129 165 136 189 195 180 77 90 154 54 51 154 94 62 170 64 99 32 72 0 119 114 89 59 154 180 101 85 11 55 137 126 15 9 127 123 170 50 131 126 138 55 4 150 73 174 195 48 2 52 131 135 50 107 165 90 24 35 118 62 56 109 120 31 29 185 116 58 140 70 173 46 31 110 119 11 165 123 182 29 33 84 39 189 123
96 116 168 182 60 86 195 198 87 3 141 173 55 68 133 97 96 12 68 66 149 107 55 109 171 137 50 40 8 125 19 198 149 5 69 137 162 114 28 157 169 53 128 132 196 76 168 22 194 79 86 47 181 154 160 196 5 160 37 59 37 31 81 40 200 169 8 183 99 24 8 50 16 130 108 47 116 26 82 33 106 8 75 57 148 23 190 182 197 160 169
36 149 107 155 35 127 185 53 76 35 166 127 92 48 14 27 84 158 73 144 188 55 37 31 116 156 58 48 156 107 161 69 13 10 99 163 128 70 42 75 147 121 136 168 84 72 167 66 165 40 108 184 143 12 3 71 56 62 18 149 164 58 168 23 13 181 61 96 128 72 182 114 158 200 129 182 26 41 20 170 176 34 54 107 141 54 19 120 87 133 97
123 51 83 67 124 24 19 199 32 159 75 128 126 116 11 97 161 65 47 10 83 74 126 25 12 26 70 64 91 179 109 61 91 195 38 26 75 140 168 3 33 110 140 128 152 68 108 139 193 139 66 83 110 28 29 157 102 59 104 150 98 24 112 184 186 174 127 58 172 110 17 25 187 125 103 16 163 122 1 80 138 13 178 158 113 42 166 53 76 34 3
136 138 92 175 45 102 9 155 2 24 143 7 199 27 30 3 92 36 102 155 139 67 172 62 178 67 67 112 128 55 12 147 96 195 150 121 10 107 128 123 51 27 163 42 83 133 172 27 115 93 148 87 185 116 178 159 177 200 80 153 98 77 193 46 105 50 50 51 178 27 66 129 73 32 161 60 174 170 191 62 74 42 84 1 160 126 150 62 72 157 98
175 182 18 146 115 80 36 27 138 3 141 117 150 174 89 85 89 124 106 79 126 57 147 23 42 130 141 35 24 153 16 49 150 144 37 80 176 60 188 112 60 3 130 184 134 71 145 71 53 14 96 113 19 157 57 196 36 123 158 77 199 161 34 123 151 10 122 43 35 18 138 111 71 118 154 24 91 63 95 40 133 49 44 25 168 15 108 29 187 92 6
74 177 16 172 159 109 35 97 167 51 200 15 74 27 188 147 110 33 171 167 145 23 4 195 153 177 168 28 168 30 176 198 177 29 13 115 163 105 193 75 132 165 184 87 87 197 110 166 67 146 180 86 21 112 105 136 11 90 63 155 195 184 0 82 175 141 190 129 5 136 159 167 61 199 104 1 142 94 95 32 21 139 135 13 192 140 66 160 22 165 83
184 98 104 41 7 65 80 58 129 25 29 142 35 173 186 175 83 94 183 52 157 36 157 55 146 156 84 93 96 18 181 148 84 128 16 162 147 138 28 1 149 169 73 111 79 41 39 150 8 145 81 188 95 59 55 12 22 94 46 106 182 174 113 191 153 100 130 62 119 7 18 27 150 69 140 188 104 134 98 60 18 97 77 168 88 35 68 75 176 167 0
180 164 154 48 16 21 141 81 27 98 104 168 185 37 39 99 124 198 131 162 188 193 31 38 34 62 188 82 45 4 14 64 88 189 134 145 65 36 23 82 71 4 50 74 198 55 126 84 189 170 180 190 24 83 109 159 37 168 66 148 120 35 175 109 2 54 14 23 182 102 161 140 65 77 68 48 183 176 10 157 198 7 193 190 141 34 39 121 9 152 117
197 1 46 62 171 69 35 8 163 197 92 44 155 123 161 51 17 2 57 152 179 67 169 177 56 151 106 183 51 200 200 158 187 25 10 177 179 119 42 94 143 129 21 16 133 96 127 141 142 114 69 122 86 64 148 79 107 61 172 111 123 17 170 111 103 35 128 110 73 197 104 156 195 153 29 157 157 100 173 40 30 8 101 112 111 24 119 82 133 60 36
93 165 6 198 125 48 143 61 77 134 37 122 86 119 1 65 26 45 185 74 152 176 64 93 5 124 178 19 142 35 186 153 135 23 86 162 61 168 45 89 1 179 95 62 93 52 32 79 136 25 92 54 83 3 139 185 40 58 154 191 19 103 47 158 113 40 167 169 107 135 179 4 120 152 11 46 138 26 87 75 101 145 157 197 133 176 150 78 88 124 78
90 12 169 135 189 29 197 47 56 90 97 80 20 129 93 114 122 123 76 12 185 107 71 110 29 105 40 82 41 14 83 145 51 24 69 199 43 11 64 170 92 164 2 7 42 189 155 91 9 25 91 78 67 17 199 90 149 67 143 79 19 195 140 93 96 4 146 56 6 130 23 103 38 62 179 190 156 46 84 107 125 24 22 149 80 30 133 122 14 56 131
79 55 55 57 147 125 120 32 43 8 34 50 60 7 99 58 25 23 80 68 127 150 174 155 47 0 33 43 114 54 33 111 9 37 199 126 192 174 53 35 167 43 70 161 184 87 52 95 183 95 167 199 200 125 130 159 43 186 83 106 89 5 166 118 189 136 58 76 17 108 12 21 99 106 61 194 43 144 172 159 84 50 109 72 143 109 150 62 116 125 133
75 43 109 29 128 68 183 37 68 71 116 110 30 79 56 65 140 83 193 152 19 154 74 188 185 0 89 61 116 140 175 162 75 67 174 143 183 177 114 83 78 142 22 28 160 20 163 23 102 57 45 51 62 93 97 93 73 35 190 52 80 3 7 136 63 20 114 63 173 144 99 118 61 107 66 161 111 12 171 9 199 88 37 128 22 8 65 149 8 28 89
2 123 152 136 82 104 169 200 15 73 5 150 31 171 28 110 164 59 73 52 169 125 29 37 123 72 164 129 92 193 139 51 74 10 56 133 54 40 95 171 53 86 141 30 45 66 127 192 75 153 31 85 8 125 95 171 30 11 38 109 37 48 146 20 84 25 102 30 50 130 199 30 117 149 81 174 25 98 147 185 112 196 196 181 99 162 15 64 61 139 63
109 137 72 54 25 146 54 81 11 24 150 33 37 159 64 57 7 39 83 13 181 62 73 171 174 113 130 199 72 79 107 117 141 27 136 189 68 81 153 159 23 71 157 42 120 87 12 58 114 83 40 8 89 133 70 5 181 47 111 56 128 161 86 64 83 111 167 43 55 118 99 114 117 38 189 142 127 74 196 85 193 55 149 153 146 79 56 163 79 73 145
36 80 123 63 168 63 11 48 139 162 56 61 79 115 62 131 105 163 18 182 66 143 49 40 186 12 33 81 76 4 61 104 54 60 194 65 200 37 136 85 59 124 100 90 18 80 91 85 134 106 130 16 102 167 115 44 176 184 143 139 100 137 59 171 34 59 37 136 47 101 44 9 101 173 0 120 102 146 167 1 127 49 53 179 1 22 120 60 77 77 36
11 13 139 199 89 135 66 3 172 57 166 51 67 162 38 128 195 61 94 117 68 144 33 200 43 195 184 30 154 54 6 77 19 121 154 199 78 180 14 0 183 149 15 124 193 180 25 103 69 145 41 16 178 28 95 78 136 156 46 156 146 196 91 14 130 111 157 183 76 93 165 44 6 131 14 180 185 169 157 121 91 174 180 68 35 139 199 88 113 85 86
143 58 183 124 78 57 37 30 0 54 55 185 142 49 92 189 102 198 26 173 21 183 107 166 102 180 10 91 187 139 182 37 189 136 83 111 166 161 102 195 41 133 37 173 62 36 80 130 93 170 176 50 31 143 102 13 177 93 122 121 90 88 136 27 17 78 67 105 178 2 65 199 186 180 26 80 81 25 154 157 110 91 105 112 0 173 109 120 29 34 109
71 63 79 57 114 47 143 170 183 54 26 77 70 141 173 41 18 139 21 120 190 195 190 95 87 174 122 5 109 100 24 68 165 135 81 36 135 60 182 0 192 50 143 169 37 45 141 44 127 44 109 120 153 190 85 172 190 107 198 195 21 46 17 191 34 142 131 136 79 174 128 147 62 131 9 200 90 75 124 150 183 91 164 4 163 158 85 6 4 119 151
7 149 170 45 61 39 27 50 8 3 191 29 86 43 61 49 45 56 140 150 47 95 52 33 194 7 151 88 43 95 49 200 141 114 141 197 100 120 165 124 104 186 49 99 160 177 70 196 178 37 51 186 29 35 180 197 116 9 116 89 118 189 105 103 65 46 128 15 63 81 50 100 171 131 1 112 44 33 129 170 40 96 187 129 10 183 173 45 59 166 139
162 61 12 30 182 144 169 69 135 150 43 187 144 178 83 119 76 53 59 137 144 133 98 17 183 89 70 120 48 68 6 77 194 89 25 157 139 85 194 33 114 134 113 171 104 76 99 147 191 57 134 44 95 30 10 155 78 73 133 162 159 13 126 145 94 131 24 176 7 13 151 154 83 77 12 149 46 20 56 42 79 159 81 95 36 192 90 54 124 143 190
0 11 160 77 67 84 165 29 65 129 99 77 32 93 32 70 79 55 132 165 115 118 1 57 98 187 93 107 114 80 2 66 126 33 109 144 7 41 59 173 193 59 39 136 1 144 166 97 56 128 4 165 97 31 77 154 147 81 55 178 94 178 31 47 7 58 119 62 195 143 171 72 12 24 14 160 23 186 191 59 89 116 152 198 45 157 164 53 192 140 179
81 69 69 137 135 109 116 94 33 62 67 97 42 88 55 74 33 141 164 173 148 99 172 178 199 33 22 164 171 179 64 121 174 49 145 114 2 130 151 14 35 73 113 46 149 200 133 148 53 178 38 146 27 115 192 48 96 19 42 172 134 22 142 180 43 178 87 110 182 97 50 23 133 70 4 23 109 64 92 198 78 183 38 176 158 59 171 188 198 190 93
19 197 21 143 16 123 173 1 118 83 151 162 139 145 18 91 163 156 46 192 0 167 149 14 123 44 80 20 127 169 66 162 56 193 163 45 132 80 130 144 159 176 88 195 123 132 88 28 27 75 23 24 97 151 120 131 187 14 5 176 104 50 41 160 98 192 158 141 163 50 26 103 13 5 42 37 140 95 81 80 28 138 192 76 147 102 154 93 109 17 186
139 135 9 193 172 199 46 8 97 45 167 128 75 44 186 106 193 165 170 54 85 131 112 98 193 180 145 73 54 103 7 69 22 81 179 1 127 85 106 23 14 16 146 198 35 65 5 61 193 167 129 151 141 92 54 93 147 179 148 35 78 135 152 145 116 106 82 102 36 179 163 2 159 139 37 146 173 184 58 134 35 192 180 112 58 93 87 22 192 113 141
146 90 18 119 181 54 101 49 55 46 148 84 180 75 144 25 12 1 183 162 68 160 95 28 13 58 169 124 7 65 27 165 184 18 24 160 15 37 177 192 70 124 116 162 177 59 37 174 45 174 38 123 156 144 166 22 60 30 120 43 1 16 53 90 179 38 136 138 21 93 29 143 126 52 186 197 40 115 90 153 179 55 76 94 191 198 75 188 195 30 80
54 108 34 123 149 19 143 180 84 102 61 128 143 36 77 108 151 113 63 122 141 123 65 113 77 108 96 77 111 78 58 125 9 121 163 179 1 80 3 176 99 182 88 165 187 128 100 129 153 164 186 6 200 121 108 10 124 125 23 198 33 110 124 153 23 88 190 43 99 175 51 123 184 156 131 134 48 43 22 147 182 154 91 167 50 168 37 72 151 83 187
99 130 104 52 177 17 152 94 90 162 93 171 183 58 170 45 62 136 112 180 145 50 45 20 0 85 95 67 86 143 153 124 19 108 86 193 84 61 95 3 149 15 133 94 118 96 183 170 132 28 12 49 149 144 168 104 198 112 197 138 41 56 13 127 16 118 200 150 11 179 62 193 162 170 114 86 151 31 82 126 15 149 169 60 107 116 90 101 176 1 194
37 146 158 85 132 160 31 67 143 194 9 112 100 40 114 19 42 28 155 107 81 27 106 82 198 127 197 90 66 131 103 3 125 162 157 165 51 81 80 42 4 8 73 143 169 149 182 18 1 193 22 62 200 64 137 130 25 107 60 191 73 180 139 59 93 140 15 78 119 183 111 35 161 117 115 146 111 76 189 200 71 185 72 120 139 189 75 157 24 140 55
