55
108 32 59 199 84 196 6 67 94 169 30 56 199 183 31 101 88 50 190 54 75 141 73 88 137 55 88 23 101 16 39 130 173 161 134 179 27 165 155 134 12 162 42 42 145 2 145 145 96 90 174 175 62 96 105
133 175 11 96 142 111 170 173 72 13 122 191 178 85 72 9 7 55 46 172 164 158 53 147 168 155 189 48 172 18 69 152 130 4 160 27 88 3 35 8 32 118 28 118 15 180 97 76 67 105 165 195 195 7 198
190 160 106 11 51 96 68 147 29 110 142 166 151 132 94 72 99 133 137 133 119 186 18 190 152 159 37 146 56 47 89 40 176 17 96 78 172 190 16 58 146 191 55 200 154 182 49 57 85 19 38 152 163 69 85
96 175 91 92 19 76 131 186 1 109 128 153 187 183 174 152 162 147 135 8 185 32 136 192 160 27 172 120 16 179 125 13 4 23 105 177 101 18 173 35 4 42 106 8 151 5 40 122 29 32 128 54 138 121 198
126 27 62 164 25 180 41 126 14 39 146 75 3 193 1 176 110 139 15 99 38 194 27 94 62 116 152 76 113 64 90 188 51 161 94 8 192 178 118 163 38 32 194 180 157 190 9 7 64 80 155 38 48 50 67
161 3 67 92 116 81 180 81 78 51 66 68 180 198 98 185 41 24 94 92 31 73 195 67 25 128 125 62 79 100 39 31 28 196 23 38 138 69 97 191 53 8 52 189 71 87 174 103 32 151 130 169 66 128 60
108 158 200 155 33 6 71 145 37 0 96 6 86 5 161 63 49 4 158 47 163 148 168 106 131 84 189 71 110 175 100 34 188 161 156 136 165 104 30 2 33 47 97 137 155 60 7 68 76 193 10 194 40 27 151
187 7 179 17 95 193 98 181 171 157 59 192 37 8 157 170 135 92 16 80 29 72 120 159 77 47 103 167 28 200 172 57 168 90 141 176 0 175 192 98 64 129 128 169 25 28 34 186 93 75 44 196 82 58 115
94 160 129 35 43 133 20 48 62 150 94 142 9 59 122 123 136 54 102 79 67 154 143 160 6 144 155 38 112 17 160 13 40 146 18 27 168 77 73 106 111 80 181 71 40 164 168 99 163 78 193 66 94 33 176
119 147 28 108 136 155 127 86 49 103 195 65 148 76 27 80 40 11 149 146 126 122 168 124 84 153 119 134 158 137 118 78 176 161 33 79 92 187 24 8 119 12 1 14 118 85 40 108 84 79 17 11 104 111 0
31 8 119 62 164 39 19 157 146 81 78 197 196 78 39 39 159 88 3 142 112 113 173 163 113 114 148 196 177 99 65 111 3 28 134 131 18 120 87 0 110 38 69 157 118 45 118 107 186 139 96 66 6 4 124
185 85 97 99 68 166 128 81 114 73 81 71 12 39 20 137 178 4 56 88 88 77 35 165 136 1 7 79 5 72 62 82 140 127 67 151 174 192 182 179 171 71 27 168 167 158 191 72 182 81 148 182 158 162 2
175 115 187 95 2 24 171 40 120 180 140 68 21 45 14 132 160 141 151 21 31 0 75 155 1 170 60 128 24 170 17 93 168 144 138 188 153 152 100 122 136 7 41 80 161 5 154 185 123 147 26 139 52 79 22
123 200 158 7 94 186 12 58 143 81 183 155 55 185 11 8 61 157 154 183 171 124 124 172 47 194 105 40 131 179 171 51 20 44 109 35 151 141 30 164 6 24 179 94 102 62 181 149 169 24 95 89 109 195 197
101 197 10 25 67 99 200 164 62 171 71 195 73 78 6 0 112 103 100 153 182 180 127 1 0 132 40 91 23 170 193 73 185 73 113 0 122 30 195 174 54 186 79 141 143 143 188 179 121 47 133 43 130 156 103
78 77 151 188 38 157 22 115 160 115 33 12 91 148 174 195 123 144 124 189 47 10 178 95 117 190 65 42 199 117 100 92 52 160 0 146 181 125 45 96 91 119 139 162 91 121 167 163 45 42 55 180 197 128 110
189 29 169 189 149 93 172 59 83 48 1 15 35 46 69 47 58 119 55 154 106 14 169 28 163 113 186 119 109 188 171 6 3 13 18 135 164 43 166 131 32 106 125 175 132 171 121 48 0 92 113 189 110 197 76
148 191 117 187 95 23 1 25 78 91 120 181 29 75 54 62 187 154 59 197 185 126 195 139 78 184 22 23 81 169 172 33 194 167 177 93 185 145 125 191 176 196 192 171 147 97 122 50 62 190 9 55 101 122 192
170 73 11 191 108 143 93 45 14 144 159 7 12 39 94 169 195 193 97 168 95 146 159 124 38 39 116 37 12 176 161 90 24 78 92 159 13 101 137 9 196 18 22 76 168 80 101 94 155 173 35 58 171 50 138
135 63 110 32 155 16 117 171 32 1 195 177 59 65 78 45 187 40 61 5 99 30 123 98 141 159 155 190 65 64 43 50 189 182 133 115 12 118 26 87 193 160 197 96 28 21 127 92 109 7 72 49 144 89 130
80 19 195 88 75 183 142 166 173 3 157 126 172 46 150 29 18 11 94 58 176 185 114 85 9 179 166 161 185 99 79 151 12 114 103 198 121 136 17 130 182 187 65 64 59 191 70 184 106 11 193 146 62 125 176
149 32 4 180 2 49 187 17 120 94 44 137 183 0 130 5 174 99 25 192 157 13 74 60 62 62 2 46 68 177 44 187 22 194 77 115 107 78 31 65 170 40 156 23 105 40 186 133 150 19 158 167 49 113 161
7 35 88 65 140 189 95 157 162 139 139 100 81 47 136 15 193 48 180 54 102 152 103 9 38 149 60 46 12 125 157 63 56 43 185 145 64 100 158 184 146 53 131 39 197 115 64 101 196 49 163 78 74 112 53
119 132 23 75 57 119 47 82 173 88 174 22 180 54 39 107 22 183 76 121 106 153 33 15 86 159 179 165 62 42 100 143 156 161 186 131 67 17 141 121 109 153 103 178 94 194 33 137 83 83 177 53 39 34 104
92 188 135 172 144 163 184 187 166 87 92 79 64 182 182 64 146 88 2 27 74 6 40 54 104 75 187 8 187 194 24 179 143 46 196 183 34 113 120 55 102 171 75 186 103 84 199 115 102 192 26 163 28 15 139
56 21 114 117 71 35 34 152 163 123 96 12 45 122 47 104 178 90 160 41 128 15 98 167 154 74 83 188 33 90 196 188 7 68 17 98 178 80 126 72 117 81 121 111 43 142 119 123 18 176 10 107 40 132 128
98 174 18 118 113 114 185 5 79 185 153 191 137 88 164 71 198 160 150 184 43 195 80 136 82 90 34 102 146 138 198 74 44 149 152 16 167 77 54 114 169 131 157 171 62 127 122 134 27 23 111 171 107 184 191
136 125 63 167 175 16 85 29 9 114 186 7 175 66 30 17 100 179 199 1 3 42 163 182 8 127 112 19 99 153 102 87 92 55 35 104 67 111 145 141 162 104 23 58 171 28 36 67 124 42 54 101 67 195 120
71 131 2 176 6 179 104 199 144 71 156 189 116 46 96 45 16 191 47 68 23 91 27 43 178 163 2 122 88 156 96 125 64 115 169 81 151 37 186 6 131 160 115 44 155 115 152 140 21 13 0 0 116 134 29
190 55 121 199 104 42 2 101 115 158 12 23 185 169 63 38 63 89 56 140 196 118 127 58 158 41 185 69 8 143 133 39 139 79 127 113 90 177 104 177 89 80 76 67 77 131 185 2 120 147 118 164 79 102 119
158 187 137 106 122 87 7 119 50 169 195 5 172 197 60 32 187 108 36 101 76 72 77 8 9 153 30 80 183 179 168 61 64 156 1 94 7 67 120 164 173 48 172 91 169 151 41 24 133 44 185 71 129 25 154
192 187 133 196 36 185 9 198 89 62 99 130 80 88 60 167 55 182 77 81 73 93 137 98 29 78 179 76 92 139 50 51 120 141 119 184 98 144 72 119 55 78 14 36 37 70 163 147 98 176 108 159 154 68 154
6 163 16 101 146 51 48 143 13 139 167 190 120 81 84 143 61 93 162 160 88 191 17 123 128 68 114 131 75 118 62 9 82 189 4 95 111 7 79 126 71 159 188 150 118 156 138 178 138 43 106 163 86 1 90
66 47 161 85 67 73 110 155 35 155 176 100 126 94 45 4 5 172 67 200 44 17 197 122 122 71 132 194 200 147 161 46 171 30 144 136 108 58 85 87 127 96 36 144 153 19 188 154 79 62 197 87 191 55 85
35 194 160 90 61 121 59 81 66 175 89 182 55 23 82 129 75 123 81 143 48 63 150 163 188 31 45 9 148 29 129 36 95 180 157 141 18 141 31 194 72 96 112 85 84 161 0 192 69 180 140 35 33 67 100
143 187 69 146 45 89 176 109 5 61 6 191 153 12 39 200 106 119 63 155 107 77 33 73 48 0 7 67 38 27 34 191 182 34 111 75 102 69 0 187 167 120 101 151 189 178 141 17 166 199 144 105 36 154 68
28 172 170 50 76 152 100 130 49 134 178 102 43 124 85 149 38 1 63 138 148 96 136 64 92 82 108 123 32 103 198 59 114 134 149 149 199 143 114 143 96 86 192 3 10 41 50 149 138 66 15 93 66 199 51
182 29 134 153 150 185 126 42 58 77 187 31 22 35 80 141 138 93 41 100 150 105 156 107 186 136 185 68 31 39 197 105 79 61 192 46 41 73 142 135 35 132 188 27 15 190 173 142 86 108 118 105 21 141 129
118 64 33 85 175 4 107 160 107 175 77 73 81 195 100 176 26 76 96 120 167 101 8 182 190 152 108 169 142 78 26 149 7 132 37 196 157 182 50 3 120 96 52 25 14 93 195 27 85 187 158 2 177 171 117
44 180 128 73 12 69 114 153 84 135 155 102 39 58 165 149 62 55 197 95 18 61 81 13 97 70 55 31 23 123 99 104 74 186 77 188 92 72 93 57 64 96 137 169 79 22 100 42 123 117 77 118 170 43 137
189 36 180 2 66 126 154 125 105 155 33 164 62 95 87 43 197 177 77 181 10 59 127 177 25 12 104 29 57 160 184 136 55 104 180 62 13 21 49 37 115 111 53 23 158 147 45 0 189 145 47 122 166 47 130
25 35 181 6 103 50 34 124 164 195 149 18 28 76 198 40 37 173 56 108 30 176 58 20 110 191 158 27 175 79 189 140 41 139 97 166 74 193 171 2 185 171 95 83 107 108 22 54 194 188 65 67 124 85 71
111 80 64 103 88 123 23 21 91 30 55 168 2 140 105 173 127 179 59 78 162 94 39 11 182 19 110 13 175 107 186 100 98 175 199 24 149 191 186 81 125 105 39 8 23 45 100 13 187 18 61 86 135 42 167
51 4 39 130 168 185 199 9 8 104 81 95 109 66 111 184 167 166 153 45 4 57 115 154 113 102 151 116 129 114 8 70 56 100 31 58 64 175 152 110 112 191 13 39 127 185 66 42 47 47 164 59 42 0 156
133 139 195 187 126 91 10 65 124 87 166 191 159 164 172 45 106 186 32 171 183 32 174 149 137 21 35 100 199 35 90 73 150 67 41 47 65 63 194 194 66 185 62 104 128 112 34 88 29 87 142 93 23 192 66
124 62 162 139 108 109 36 195 156 97 77 88 133 44 159 146 32 188 44 64 12 80 75 38 85 185 186 94 142 140 71 13 73 11 101 83 188 80 179 123 134 100 42 14 41 32 109 111 139 194 9 182 171 74 189
121 8 10 72 171 2 20 189 136 136 8 47 141 182 118 129 43 96 112 83 197 145 73 29 79 65 120 61 7 39 65 94 185 19 172 145 117 94 50 194 24 42 69 83 190 57 8 36 61 154 95 199 108 195 73
26 86 58 126 56 87 94 39 139 59 109 75 62 14 129 87 108 124 16 121 10 116 136 11 143 18 190 171 27 122 13 150 90 153 49 16 51 76 132 7 137 18 52 138 65 92 0 6 173 108 48 165 164 137 129
154 69 79 4 116 24 62 187 39 165 91 37 46 182 180 116 194 119 200 166 182 177 42 190 72 95 74 101 102 166 98 172 76 132 101 110 174 195 166 75 157 156 20 7 170 111 114 84 25 133 197 174 10 40 13
84 55 142 184 10 178 114 73 141 19 123 60 4 105 149 105 164 193 18 14 91 75 104 3 1 10 123 128 181 97 90 138 187 21 128 26 78 74 161 29 90 151 93 99 84 73 50 187 22 88 78 57 171 186 164
175 35 146 100 47 136 156 34 190 2 112 190 22 86 127 192 195 176 55 161 128 2 198 175 162 132 14 166 66 108 21 66 82 153 168 174 159 66 132 169 167 85 199 17 92 40 125 70 120 128 34 21 16 184 63
88 171 50 167 67 93 57 144 68 180 157 173 31 70 179 78 199 84 59 43 110 43 101 61 140 187 154 199 61 46 51 167 174 101 75 51 137 48 2 174 171 171 178 61 85 37 74 123 197 142 127 164 54 106 81
72 184 91 146 103 48 99 47 142 100 20 81 194 139 92 64 64 48 22 93 199 154 96 93 39 78 104 41 111 193 195 90 151 19 175 83 142 71 4 184 72 183 82 101 160 47 186 0 94 98 17 40 23 43 183
122 73 110 102 75 150 142 141 170 11 75 27 18 193 157 173 52 176 51 188 133 179 133 156 190 184 48 80 19 19 167 46 39 2 12 122 142 3 197 46 48 79 87 188 25 49 97 55 76 67 63 55 23 23 92
41 154 19 196 48 130 151 71 40 16 77 81 32 158 152 30 156 24 79 134 37 81 105 23 99 125 64 160 57 185 78 196 190 103 179 16 23 36 188 71 183 16 165 200 18 169 21 93 88 58 57 127 158 152 195
