49
200 126 195 67 105 125 86 86 32 48 78 5 74 34 54 177 46 200 88 157 188 105 71 166 3 67 18 169 83 22 177 86 19 13 21 190 105 133 155 107 149 147 147 106 132 132 1 36 58
81 170 56 103 8 164 24 29 107 159 189 195 118 127 73 177 3 152 20 126 76 168 97 81 63 85 69 189 96 94 153 138 187 198 20 200 168 25 86 48 109 162 165 162 177 118 113 84 55
96 192 113 41 186 25 145 42 93 104 116 165 160 103 169 89 13 17 104 144 105 108 50 42 145 73 173 84 171 176 17 163 25 101 186 100 120 192 153 24 49 184 138 54 190 39 156 180 0
174 160 33 156 89 16 149 109 154 182 64 7 138 47 175 78 125 38 190 188 94 44 183 170 165 142 172 120 159 21 121 114 14 76 60 66 72 179 94 121 124 40 196 149 59 154 116 47 126
188 82 185 62 48 155 105 14 13 120 9 87 17 23 72 76 77 49 110 102 177 65 96 180 142 197 18 89 143 98 67 76 99 15 161 97 124 121 99 169 175 3 130 143 75 159 93 193 46
49 31 122 83 124 18 79 88 39 18 131 58 39 107 23 12 112 49 55 16 44 9 42 55 98 22 113 3 74 129 130 92 40 30 177 76 4 111 2 60 196 13 81 24 166 85 49 172 176
162 127 87 119 105 187 14 196 89 162 55 21 154 12 34 53 191 31 24 95 34 86 30 158 167 11 21 160 33 62 181 153 57 111 66 86 139 35 130 52 134 178 119 60 74 66 72 165 106
180 109 3 94 191 14 97 135 132 88 106 0 59 34 122 6 148 58 40 53 140 29 73 122 53 122 102 125 43 72 183 191 106 189 124 200 13 156 108 185 112 17 52 159 99 62 187 50 195
151 94 72 47 0 63 156 62 52 103 67 91 56 25 161 80 36 139 74 165 120 181 101 30 33 139 95 156 36 62 132 115 153 111 179 174 112 159 56 197 153 91 100 188 177 9 195 24 181
32 122 135 14 145 54 64 180 86 6 50 71 154 19 45 72 84 180 28 28 53 88 159 199 184 46 159 81 136 199 2 48 20 78 114 65 188 183 39 188 109 190 132 82 34 88 127 182 107
81 140 3 103 87 192 172 106 99 23 183 173 135 180 168 155 83 55 141 7 146 72 21 61 34 126 54 125 170 3 16 30 29 58 123 118 169 18 18 48 172 71 14 194 174 33 194 99 167
176 73 4 170 79 187 92 92 30 145 159 196 137 85 55 12 52 72 138 61 22 183 8 196 44 79 121 106 92 30 196 24 179 64 175 34 174 184 18 17 182 153 28 182 10 136 94 1 30
48 198 6 86 123 30 4 90 62 43 35 143 35 7 102 154 111 155 3 51 173 195 188 24 43 192 127 51 135 175 127 46 194 157 22 171 35 106 148 114 3 192 47 56 80 19 116 149 99
97 3 155 49 167 120 171 156 73 200 149 77 157 12 75 87 64 128 116 125 136 87 70 20 24 103 115 177 173 33 135 8 84 7 52 115 115 188 102 161 35 57 186 154 21 72 156 97 61
52 48 124 193 15 200 128 59 158 46 83 118 23 20 185 127 146 38 69 125 80 62 101 26 68 25 143 157 185 166 197 43 16 126 55 68 39 132 157 100 121 196 87 165 103 0 194 13 158
68 136 90 58 90 162 135 179 126 112 105 100 112 16 10 132 179 61 15 148 3 123 25 50 83 97 184 128 43 45 139 29 136 40 137 33 96 68 171 157 157 8 31 119 34 184 150 85 19
9 155 156 65 82 12 136 141 188 157 148 187 150 10 115 159 131 181 155 14 60 119 155 30 173 180 33 157 34 51 39 20 19 189 44 178 114 111 53 70 116 109 68 176 4 49 200 101 67
72 17 154 90 4 159 31 150 175 99 150 117 97 161 181 133 158 90 123 177 189 34 65 54 130 194 83 49 116 109 89 87 155 30 6 57 43 175 102 108 9 169 138 136 0 77 69 130 176
148 153 10 74 50 82 98 192 112 9 70 35 82 70 156 51 4 124 96 182 181 116 90 84 116 100 137 136 61 16 128 1 156 125 96 8 4 27 182 193 54 66 146 108 85 132 177 82 18
141 82 136 34 171 72 200 184 3 63 184 56 24 193 43 38 118 83 187 145 121 88 113 188 163 134 191 84 125 84 107 100 155 64 133 115 129 162 100 80 17 14 81 93 152 136 173 5 77
59 96 189 74 171 39 104 141 7 113 58 186 99 40 89 45 15 188 77 40 164 105 168 64 23 152 164 131 130 74 117 129 28 96 132 14 46 131 53 87 145 185 14 113 56 148 176 191 178
141 129 165 97 15 141 199 17 72 179 85 74 150 71 52 135 8 14 115 121 161 172 14 103 128 175 136 51 174 197 58 175 42 143 110 183 48 170 99 32 37 191 168 72 42 154 160 144 185
176 43 132 65 88 117 58 58 95 40 62 76 145 110 52 64 194 142 18 67 164 177 124 67 71 174 53 174 108 191 90 50 8 129 19 81 174 73 64 87 112 123 194 173 199 136 149 123 68
79 189 86 104 60 91 130 3 9 70 163 168 191 20 169 57 53 8 61 33 155 11 200 67 39 40 95 111 165 153 93 180 15 175 135 182 72 104 47 108 191 42 6 111 141 132 137 171 36
15 59 16 145 47 75 158 61 8 172 182 194 8 64 77 4 108 179 156 51 51 128 164 138 176 34 92 180 18 21 71 6 118 89 197 172 89 144 14 28 101 58 95 19 109 77 180 125 28
119 59 29 103 111 143 52 70 38 83 168 137 42 160 196 72 39 170 156 57 163 195 160 97 96 98 97 83 100 63 69 47 178 54 172 86 197 152 56 13 193 65 179 90 33 189 197 12 79
134 164 196 195 2 178 120 52 48 89 176 100 131 200 35 94 78 49 88 10 39 71 2 91 158 91 25 142 43 56 144 74 101 105 5 82 84 128 178 21 128 15 194 74 167 49 41 185 64
42 142 104 184 199 83 152 91 110 48 129 103 129 30 13 164 199 154 183 183 139 33 118 26 160 78 41 46 129 106 42 12 30 179 139 31 105 26 19 179 160 98 52 31 174 95 144 87 61
118 31 140 64 157 1 36 95 48 17 144 192 189 97 29 142 192 19 131 72 161 119 196 164 93 5 72 94 112 65 105 133 45 154 123 7 70 143 134 83 81 196 84 86 14 180 114 105 89
131 83 184 155 195 26 82 125 129 124 166 176 36 170 119 48 117 99 25 132 31 6 105 96 19 121 128 163 57 30 86 40 161 31 178 43 14 132 155 184 32 192 48 176 116 149 26 35 23
143 139 101 177 17 188 40 109 80 81 126 93 128 147 105 119 62 64 134 7 186 16 155 154 145 108 133 19 85 188 36 126 181 198 55 160 167 69 24 124 79 26 130 162 109 47 22 8 3
62 43 163 172 82 109 66 105 52 112 91 105 128 138 112 128 140 30 132 70 112 27 103 130 118 36 193 133 144 117 154 104 78 32 46 56 169 3 196 7 89 80 186 130 114 93 78 12 39
110 126 138 61 135 166 24 90 58 0 99 2 35 49 162 139 107 40 27 174 92 138 67 46 74 86 114 119 63 126 112 169 81 141 18 168 120 74 41 7 104 167 34 176 106 74 92 79 101
134 78 175 71 161 118 159 50 123 81 86 130 4 151 125 175 72 39 65 69 190 133 183 6 146 81 0 42 62 187 144 12 108 162 100 130 167 99 140 162 116 62 104 16 70 191 157 29 194
111 33 2 22 54 63 110 115 197 20 27 106 73 41 172 155 162 6 4 83 30 21 50 115 99 93 13 148 91 125 42 127 157 162 22 92 109 149 160 62 156 73 193 128 192 199 30 50 14
79 154 34 64 84 164 80 145 163 158 178 112 198 122 118 136 5 160 149 90 79 110 199 24 10 51 116 102 32 92 99 36 120 187 53 39 96 31 153 11 7 188 191 48 18 176 31 52 169
88 64 77 39 154 7 46 96 5 82 192 86 107 60 26 107 10 92 10 116 12 141 173 147 189 162 5 147 162 62 197 35 163 87 130 46 91 143 190 181 38 195 1 130 70 96 129 59 42
175 34 197 1 148 137 114 99 30 57 191 116 24 120 40 78 26 115 167 181 161 125 144 18 200 173 1 55 192 199 44 78 92 21 81 14 165 141 6 58 125 187 157 23 94 64 50 149 27
170 191 8 135 106 191 83 34 148 162 97 21 87 113 36 64 119 182 93 117 39 159 179 186 79 167 136 158 55 127 189 120 113 38 2 35 101 11 95 25 145 28 29 196 10 137 96 2 108
155 166 3 193 171 127 190 182 14 45 17 1 90 24 63 189 49 180 191 82 124 122 113 119 11 89 118 31 129 25 153 92 126 89 137 152 161 60 1 48 78 130 89 75 78 188 197 178 140
12 86 49 70 141 2 60 73 199 0 21 113 77 167 100 5 153 40 17 173 77 48 90 21 166 89 128 138 26 99 105 57 106 197 175 153 192 154 141 34 27 167 190 20 100 43 52 85 55
184 94 191 164 35 131 61 53 102 128 172 110 194 9 50 31 173 143 1 195 16 91 116 107 61 55 156 43 21 18 95 102 134 131 172 73 36 124 188 152 142 88 168 88 193 22 155 105 40
117 161 168 143 142 39 178 13 51 7 21 171 70 124 79 13 144 75 47 158 189 126 182 26 144 72 150 2 23 53 113 117 36 160 159 140 52 200 151 106 187 118 98 93 24 105 107 144 185
43 124 40 16 162 193 89 85 73 153 138 128 84 44 164 171 176 35 148 64 127 50 15 142 129 186 158 104 17 6 187 104 109 71 130 183 158 168 43 96 38 3 87 50 190 7 40 125 109
151 16 136 99 176 53 177 159 45 72 200 143 145 96 182 166 159 22 145 166 49 180 47 105 75 113 55 144 119 87 185 20 171 125 115 8 52 108 162 67 90 182 169 58 104 110 124 20 84
84 79 54 76 34 185 50 37 166 132 178 8 157 25 70 11 71 114 108 76 90 181 170 105 185 143 164 56 172 185 74 48 22 153 199 163 141 12 141 5 11 91 187 6 126 84 117 90 79
119 16 168 176 146 76 2 39 185 22 164 79 53 22 104 38 20 50 55 177 132 198 190 191 138 147 163 112 11 7 178 103 161 185 63 23 96 119 128 117 55 149 193 82 76 124 111 158 8
172 100 102 82 134 119 56 172 148 134 10 175 184 33 92 143 96 68 171 173 18 85 178 133 191 81 64 185 59 155 13 179 24 110 113 194 15 9 116 111 187 65 145 44 62 12 162 40 13
0 107 83 173 38 9 59 59 167 81 12 192 46 135 41 64 152 154 194 67 100 141 123 54 127 2 91 23 118 100 173 35 102 62 180 83 18 149 45 32 179 160 51 179 189 87 104 156 82
