66
110 141 76 115 178 136 51 150 155 161 105 58 99 37 71 75 106 147 111 179 112 198 79 191 40 85 136 83 167 37 196 12 157 75 168 84 42 179 73 162 15 78 125 186 25 110 68 106 89 83 178 175 113 188 168 105 138 113 154 192 108 172 140 69 10 28
175 169 52 24 152 134 82 192 179 26 59 120 62 57 47 179 129 110 171 79 121 145 90 135 136 181 2 125 142 41 175 185 75 119 53 35 108 61 29 127 99 87 62 71 115 190 199 109 63 8 151 120 128 17 83 83 123 91 11 162 144 149 6 199 79 136
126 171 163 81 179 160 181 199 78 34 197 156 139 10 67 94 154 143 122 60 170 49 35 42 147 99 173 76 60 199 136 85 0 20 131 78 65 19 11 167 20 165 111 19 84 29 91 13 195 178 46 13 61 30 96 178 1 65 38 136 125 36 81 40 61 99
200 30 0 39 21 64 155 6 148 48 18 143 193 35 145 89 200 56 91 7 97 176 188 104 142 176 83 154 71 150 119 188 112 9 169 108 15 160 54 8 113 187 123 121 18 192 127 179 181 94 199 70 126 96 49 192 123 104 195 23 72 92 179 117 6 40
91 6 107 182 197 53 105 189 26 139 155 152 166 63 40 147 62 151 193 97 193 100 141 153 128 63 65 67 53 191 5 163 59 103 127 10 103 113 156 111 93 58 112 34 101 159 73 108 6 8 177 96 67 0 197 29 111 18 10 100 123 45 1 27 32 95
45 19 177 91 90 124 121 177 140 81 168 153 94 118 77 145 47 169 165 60 147 175 113 68 25 120 115 108 12 95 98 137 135 38 160 127 69 68 50 19 72 161 122 88 111 137 180 95 145 150 84 170 91 200 166 30 153 177 16 32 55 186 53 179 133 157
139 164 157 145 91 62 87 72 180 23 64 150 101 155 200 8 154 32 50 155 170 23 89 67 32 197 153 8 63 176 111 196 182 163 14 36 85 183 185 38 152 198 181 68 110 166 65 169 153 48 175 186 19 164 34 60 74 108 142 2 58 70 72 98 143 153
82 127 109 192 149 157 106 196 50 143 115 90 18 68 122 14 173 145 25 135 68 13 85 148 113 28 152 49 119 110 138 79 44 8 130 0 80 115 77 34 138 101 13 97 194 87 47 91 167 177 129 117 182 186 171 191 130 189 137 115 194 158 88 100 99 172
187 169 123 11 52 75 132 134 55 127 91 131 118 114 138 160 192 110 56 114 88 74 137 157 184 124 6 33 18 33 90 100 103 117 134 55 135 92 144 143 33 13 24 128 4 109 37 181 164 119 107 39 5 80 142 124 129 169 42 120 179 134 15 124 48 181
88 46 140 57 105 196 79 98 42 76 197 36 195 3 63 51 4 124 119 187 19 49 36 16 90 132 190 11 114 29 58 38 56 116 122 189 48 38 17 47 118 145 178 81 79 16 31 14 199 31 72 151 76 150 67 169 76 51 92 125 176 0 16 31 199 109
74 115 167 162 23 109 14 136 137 12 116 87 54 35 24 200 198 123 68 91 9 109 187 73 91 50 140 120 173 194 180 168 18 45 186 102 192 18 139 0 112 169 98 97 80 62 119 163 196 146 35 105 176 55 86 92 146 166 45 38 66 2 49 144 133 127
62 23 87 74 58 31 152 171 70 86 182 196 193 147 101 175 137 180 76 73 96 195 184 42 151 62 20 44 45 191 10 194 153 79 197 1 196 133 96 41 74 58 152 47 167 85 106 30 113 174 147 129 171 55 2 54 162 169 195 125 64 128 149 69 36 66
178 131 118 116 130 159 39 186 59 154 164 115 193 85 135 107 121 107 86 199 25 192 91 61 164 57 165 188 51 44 190 111 81 10 87 105 113 161 191 89 157 6 166 188 200 59 130 94 53 26 126 143 132 185 65 175 81 139 43 10 164 23 74 7 168 87
88 125 43 73 32 33 199 127 172 16 187 70 191 47 148 149 71 170 110 70 191 165 103 66 138 39 157 187 162 166 47 57 63 102 115 21 64 110 190 135 56 168 155 121 59 89 14 73 104 52 64 193 175 91 89 94 33 93 161 173 178 189 119 91 71 13
150 139 151 123 65 66 80 60 74 30 9 146 49 68 19 85 136 97 41 110 24 153 25 144 91 4 29 135 105 144 130 58 39 147 116 79 76 154 91 2 71 110 164 138 100 122 90 142 118 80 28 194 160 95 105 94 129 78 136 63 140 43 128 37 47 1
101 68 165 22 52 158 89 16 157 96 130 55 73 160 184 175 191 103 192 119 59 117 159 105 97 173 63 183 14 182 174 51 107 156 100 164 107 198 153 45 32 80 162 18 144 20 162 181 141 20 58 50 94 161 142 19 191 88 167 119 81 32 146 12 27 189
10 101 180 122 54 114 133 82 158 41 80 123 37 183 151 139 98 165 39 153 121 130 167 118 89 133 48 195 48 105 79 62 7 90 128 9 8 61 8 35 33 59 165 124 158 188 92 156 37 3 143 103 60 24 159 156 100 107 22 96 181 186 168 112 26 135
160 188 116 18 82 28 15 199 158 171 99 63 176 47 2 93 91 106 198 118 144 1 115 100 84 153 33 5 91 17 156 185 78 101 140 39 155 67 190 118 7 12 147 179 155 66 124 156 97 200 35 108 136 17 45 53 194 53 162 4 108 96 108 145 30 159
175 136 21 100 120 166 112 123 176 3 39 59 195 59 147 29 175 192 179 21 71 81 82 163 64 25 164 35 106 67 174 132 21 150 69 164 60 123 32 153 164 26 103 5 178 169 111 11 115 71 159 154 167 132 12 7 147 62 6 135 88 85 78 87 146 49
170 157 190 165 179 109 6 163 92 58 56 7 89 154 36 42 179 59 94 147 2 190 160 100 95 74 159 101 177 5 85 5 137 185 116 162 141 93 128 85 159 62 77 24 175 113 152 104 69 143 41 56 139 23 74 43 108 114 64 4 18 7 13 135 15 3
166 81 6 22 19 91 64 120 40 57 51 42 183 163 159 150 16 82 143 123 22 145 72 77 112 76 175 120 193 198 19 192 8 146 59 171 168 43 199 65 89 48 111 104 8 165 29 94 124 92 43 198 184 90 36 132 184 185 148 148 37 38 176 17 169 131
63 52 180 158 10 169 160 56 77 67 185 159 139 193 146 44 122 94 160 132 157 14 151 132 98 177 138 64 37 31 182 153 48 11 90 57 122 130 2 180 19 42 8 9 196 117 86 196 159 113 47 15 179 58 98 107 30 124 60 59 20 11 137 80 162 189
197 190 17 105 188 124 95 130 157 4 130 8 76 73 160 154 74 33 180 146 22 77 21 88 63 34 174 130 154 9 144 76 56 34 156 12 190 9 21 154 61 165 171 53 31 110 182 106 38 65 173 36 0 13 53 11 16 72 71 34 114 13 20 185 115 182
28 127 16 70 191 169 184 122 178 131 120 115 178 26 40 188 99 92 22 16 79 32 24 136 83 154 141 49 7 55 87 107 165 181 173 184 32 174 34 166 168 61 173 95 151 4 11 169 182 74 112 73 45 54 66 186 141 168 28 99 81 195 60 94 126 5
175 163 45 16 174 159 93 140 173 90 184 138 196 19 166 174 95 118 105 37 139 10 195 71 167 18 21 167 46 108 167 99 188 161 28 50 1 184 147 55 42 46 138 168 141 196 48 24 69 0 54 94 91 67 120 99 146 65 54 141 81 80 175 169 108 149
143 15 92 78 97 61 110 170 47 39 113 63 91 154 31 68 130 82 87 179 176 127 42 200 27 30 30 146 175 187 128 121 73 20 115 111 18 27 27 12 88 140 124 141 135 60 135 63 126 47 94 51 163 73 62 180 191 64 55 115 198 77 99 165 86 38
46 49 108 132 192 49 31 80 150 75 107 77 85 168 31 64 172 58 164 183 134 123 34 164 4 133 20 73 6 195 28 116 179 80 98 103 89 109 37 124 164 30 22 55 77 68 94 164 147 156 144 139 122 47 100 131 112 97 75 162 88 99 71 118 32 105
90 140 37 169 71 57 106 149 124 53 21 198 178 89 84 60 127 137 122 129 135 91 117 2 154 88 107 101 66 170 1 27 200 157 72 155 199 199 188 46 168 19 145 65 111 4 56 43 97 77 106 83 167 193 184 147 65 55 25 43 35 181 62 145 186 64
63 107 19 6 159 176 177 146 156 50 72 32 169 8 165 187 196 153 132 190 165 122 171 63 67 120 106 118 33 68 65 170 89 140 118 32 189 71 200 145 150 149 24 27 3 169 77 165 145 187 64 94 105 67 27 38 173 194 43 160 149 37 64 75 86 2
9 22 98 62 18 74 147 64 188 9 73 109 41 172 80 125 50 176 63 110 11 60 63 117 55 41 85 88 172 12 38 30 125 116 95 197 95 88 85 135 133 45 75 39 118 40 46 83 179 89 95 97 53 51 174 26 169 187 34 45 3 117 134 168 178 66
73 123 139 135 153 94 25 191 61 86 189 120 192 118 171 172 74 150 39 57 168 97 0 161 90 84 95 120 174 1 192 8 181 41 4 66 55 114 53 185 146 164 120 61 79 151 120 70 73 85 132 168 130 117 61 186 4 17 131 88 99 163 127 194 104 64
23 140 57 26 199 116 99 81 83 120 86 77 10 31 198 35 142 169 154 166 200 132 194 107 192 50 182 20 196 173 7 40 5 136 73 87 48 15 37 89 34 15 158 0 42 165 159 8 76 79 54 93 124 194 47 41 63 32 75 116 40 194 26 129 162 163
200 24 31 149 76 47 30 80 122 72 12 52 116 17 104 15 140 96 158 176 130 134 18 132 135 154 167 98 92 74 51 108 116 19 43 145 83 130 110 67 193 140 80 66 153 7 123 39 137 36 76 132 107 45 111 141 6 31 186 105 84 154 61 116 131 132
92 172 103 123 128 15 55 161 146 198 97 156 67 62 1 44 73 106 102 89 167 180 175 70 152 115 45 194 26 128 117 47 124 66 95 29 37 99 103 82 79 81 126 124 61 136 68 115 105 130 96 20 115 171 157 194 100 139 121 138 68 102 178 128 198 199
98 69 51 47 130 169 94 52 109 51 193 83 10 85 116 15 108 38 113 51 115 163 9 1 50 114 27 109 136 46 195 160 73 143 189 186 137 167 199 157 153 26 177 190 153 41 39 85 158 101 192 70 91 152 159 115 183 44 60 56 104 150 40 69 160 158
117 197 32 119 56 95 145 27 167 97 195 47 143 131 44 183 94 193 45 31 82 186 187 62 136 85 45 143 26 6 101 172 88 42 186 59 46 80 174 198 127 200 87 25 24 14 56 15 27 21 60 132 10 179 85 70 122 191 57 38 4 62 139 116 82 56
113 16 93 147 47 189 55 62 173 187 63 101 33 66 86 121 9 136 119 55 71 143 45 33 65 171 156 26 70 81 69 1 64 187 105 37 57 19 185 162 89 65 200 112 31 68 79 149 169 195 108 36 27 102 82 13 177 104 185 143 135 93 109 52 118 55
9 24 9 135 104 97 117 173 173 135 49 64 60 80 21 130 34 155 143 165 35 165 170 82 124 44 70 17 117 84 45 63 186 138 134 68 139 148 122 169 150 150 61 69 11 131 23 101 168 117 164 54 185 164 184 46 133 189 179 122 170 198 61 135 151 15
77 119 17 156 169 169 74 55 47 158 187 74 51 38 107 46 157 48 173 51 110 196 183 39 194 25 97 136 169 83 147 36 1 15 65 195 32 63 107 42 87 172 127 192 175 87 166 12 98 180 169 26 173 84 146 98 65 58 76 113 93 186 196 95 93 48
41 42 195 187 58 193 159 68 161 60 170 55 184 156 10 22 194 115 139 70 195 155 81 136 146 18 112 90 78 102 113 96 144 197 21 63 113 158 42 195 3 4 6 4 155 184 5 77 181 133 81 106 23 193 130 145 19 6 55 90 73 36 141 99 21 112
181 167 62 48 16 33 127 194 183 53 6 26 125 68 187 123 66 51 193 128 148 94 96 81 137 34 35 114 123 159 163 83 4 27 87 15 156 48 168 112 91 31 10 22 105 86 170 78 111 169 161 186 122 89 152 190 54 130 9 15 185 138 116 75 100 3
100 23 13 141 71 19 80 33 105 160 61 40 106 129 138 61 136 28 45 100 14 103 49 42 36 34 95 9 48 32 55 54 29 18 73 136 157 99 157 176 34 74 178 154 188 196 159 68 160 25 199 51 132 91 141 60 135 98 25 189 34 141 103 60 152 0
65 154 158 82 199 188 166 105 166 69 86 163 157 156 40 161 166 35 114 136 19 20 143 31 34 110 71 171 102 21 141 33 35 161 186 157 182 84 177 107 148 194 196 44 18 106 181 177 185 139 197 137 195 53 61 13 77 136 104 191 42 73 133 199 121 188
62 92 149 121 123 111 132 167 172 65 3 181 135 76 36 19 123 92 0 50 2 80 48 161 161 76 109 31 7 112 58 141 174 108 89 172 78 190 60 154 86 133 199 67 85 25 122 13 178 6 0 184 124 68 157 114 15 167 52 186 41 85 18 196 40 91
19 3 57 92 130 95 48 94 139 130 78 117 134 143 95 63 89 124 193 0 13 31 47 111 71 69 137 151 119 119 109 13 76 38 133 150 170 141 134 40 189 126 104 195 157 8 47 134 69 190 75 193 49 176 138 125 7 157 93 80 127 49 75 97 168 120
7 96 121 105 111 75 107 185 105 198 177 115 186 48 42 110 186 163 150 128 25 166 184 51 118 62 79 52 106 96 72 121 161 31 105 49 153 74 10 129 102 85 118 81 42 152 173 10 0 139 58 49 131 166 37 152 194 103 90 64 54 29 191 25 183 49
132 69 123 62 44 91 143 79 75 0 12 198 134 197 134 200 133 119 155 48 78 51 67 145 146 75 181 181 169 90 198 61 115 37 159 190 26 2 68 38 108 164 150 92 180 135 179 18 125 5 153 86 93 42 130 132 106 144 190 193 114 21 60 172 78 23
92 103 196 57 125 165 143 18 121 64 1 78 19 56 126 48 72 48 128 37 125 103 193 28 187 16 111 185 24 138 155 121 109 143 103 73 92 22 174 64 52 172 122 35 194 137 150 94 187 167 169 140 109 199 144 134 163 174 68 95 93 149 78 189 66 142
154 189 97 184 14 168 47 9 50 103 148 24 190 19 124 176 154 75 79 88 7 17 29 123 170 173 199 56 25 87 174 179 143 189 53 133 178 185 160 2 3 162 200 151 174 190 20 86 107 57 114 154 48 134 129 174 11 94 187 170 152 66 174 193 91 184
1 78 144 68 137 62 168 56 18 188 20 79 28 197 154 7 32 64 164 179 113 36 17 100 170 42 91 128 67 83 184 61 48 134 16 168 199 60 87 108 177 37 68 19 197 134 157 147 6 121 38 107 127 150 131 1 29 92 62 66 79 150 187 39 87 62
13 53 14 114 27 7 30 114 149 170 176 158 1 96 24 170 80 7 193 10 184 145 122 155 94 98 18 161 83 19 148 172 37 155 117 30 135 111 97 164 183 180 77 27 89 160 180 138 61 107 135 190 39 158 16 19 43 132 93 196 120 173 116 116 171 36
118 70 135 109 157 65 151 68 181 136 12 40 46 40 183 118 88 138 143 151 20 108 37 53 34 152 84 89 99 105 82 90 37 197 7 73 33 4 38 55 198 24 95 4 44 113 71 96 144 107 104 87 29 23 77 20 131 61 98 58 159 85 129 130 47 128
33 153 146 166 192 76 61 15 200 35 44 59 148 41 60 61 35 21 130 187 32 85 34 1 14 138 191 133 116 89 32 131 58 99 193 116 151 81 42 198 46 85 140 183 158 114 199 84 29 121 117 154 167 103 53 136 50 117 197 78 141 143 21 44 94 34
196 79 81 92 98 33 84 82 19 8 50 85 107 174 177 71 135 126 155 125 107 40 3 14 163 146 94 100 143 86 45 37 122 49 63 127 134 56 186 21 97 159 132 38 40 198 137 75 200 168 57 157 150 54 18 66 53 51 33 80 160 157 103 37 66 175
30 162 57 65 121 109 196 9 33 141 65 181 102 38 156 1 92 4 24 32 170 58 174 44 16 68 154 23 18 102 118 95 67 151 51 9 168 41 38 146 65 154 165 75 142 78 159 89 75 121 112 77 165 15 120 95 191 113 48 172 44 172 183 153 62 182
69 24 28 47 115 175 190 190 47 23 192 75 36 149 162 150 189 198 51 197 191 130 124 35 139 154 144 164 2 158 166 113 139 118 170 79 1 196 73 134 112 102 190 2 126 129 113 119 42 19 1 156 79 168 185 94 47 170 77 72 21 134 50 43 99 150
40 6 82 78 178 99 161 166 45 176 156 10 84 168 84 199 170 47 94 101 174 2 79 106 143 68 173 12 51 87 2 112 102 78 174 70 78 146 175 78 75 94 120 159 160 10 87 200 24 136 116 196 162 154 37 47 181 9 123 182 123 95 102 127 115 173
146 21 69 40 58 108 126 110 187 28 72 48 58 126 19 18 67 47 49 42 110 59 184 27 65 119 13 178 29 190 78 135 142 12 135 138 182 22 72 167 104 3 162 21 75 79 183 80 193 135 142 75 68 85 35 184 82 124 16 118 22 2 55 88 132 170
116 8 50 104 171 1 58 38 166 136 85 185 101 16 114 73 5 174 186 23 45 27 180 174 14 58 175 195 11 164 105 169 84 7 4 38 154 7 24 185 98 184 180 76 179 83 67 180 146 58 193 132 91 187 132 38 0 54 122 3 138 144 151 101 38 153
108 76 71 105 190 56 166 151 83 198 23 133 102 136 139 21 198 64 32 172 193 92 146 1 102 115 17 61 138 188 195 86 36 82 98 101 75 30 55 137 181 100 61 197 100 159 113 77 175 7 3 57 71 5 9 196 121 81 54 49 43 6 172 186 0 6
143 14 54 178 71 162 11 84 83 135 99 91 64 144 166 161 68 122 34 24 187 60 180 170 142 149 135 141 145 77 152 60 15 14 54 113 1 18 82 154 153 186 94 121 177 11 89 24 158 60 117 180 9 130 41 32 139 161 139 191 153 15 34 34 18 0
188 168 121 36 142 72 125 101 25 38 193 162 62 47 13 107 124 4 176 151 82 47 128 103 164 76 94 67 184 80 156 60 41 122 0 114 10 186 188 21 170 105 176 181 37 73 28 172 178 84 72 172 108 122 120 167 143 44 159 124 12 7 84 9 58 75
93 155 191 52 139 199 123 68 153 166 199 50 119 146 125 171 124 11 117 88 77 185 147 113 176 72 50 193 71 189 45 43 138 101 160 194 121 0 135 70 91 145 89 58 180 131 76 78 158 46 161 72 186 122 4 174 75 109 181 24 18 31 15 181 53 132
121 161 165 52 0 44 130 2 94 31 172 106 133 42 128 129 10 27 58 31 31 88 126 147 169 166 91 176 124 93 144 129 163 178 101 112 184 129 191 56 73 55 53 144 136 193 93 38 167 64 97 76 66 173 20 50 94 88 181 138 102 89 164 50 137 134
129 184 171 137 47 6 70 0 16 52 143 175 38 130 13 195 123 7 7 159 12 118 156 20 144 37 14 73 47 172 62 116 191 74 182 129 33 125 23 56 63 77 36 173 27 189 0 61 77 92 74 111 128 199 44 16 160 132 6 66 106 135 115 111 155 33
147 191 172 174 146 46 77 105 183 117 70 79 0 95 78 150 184 112 178 34 10 159 145 9 180 158 152 8 92 146 26 164 197 196 105 69 167 57 13 133 156 26 32 90 130 170 71 3 46 21 140 110 131 77 11 104 188 100 36 20 0 38 97 137 199 88
