40
150 181 78 10 112 60 128 141 53 12 133 176 48 164 181 5 111 171 122 102 87 56 62 117 54 143 0 154 148 16 195 28 96 97 115 1 97 56 6 46
164 150 29 175 86 170 22 106 200 192 167 43 30 197 72 83 89 194 62 123 106 42 95 168 134 0 148 106 41 190 78 131 46 172 89 71 57 173 51 179
45 115 126 42 109 129 125 70 121 136 130 7 172 128 17 10 184 13 92 2 15 145 0 83 186 24 119 161 46 23 135 115 183 134 103 96 199 114 134 159
72 95 160 26 106 188 60 108 74 81 74 142 150 37 155 11 39 198 8 42 154 115 53 95 177 34 31 137 63 117 28 174 80 142 62 182 23 0 7 67
176 73 114 6 3 149 105 129 182 185 187 80 39 175 140 30 1 30 109 134 94 144 29 108 26 122 172 156 193 39 50 91 9 151 22 177 185 42 183 80
181 102 55 124 76 200 157 18 147 110 27 143 155 73 152 42 112 104 173 112 34 73 181 60 44 95 157 3 43 27 99 90 44 188 184 36 155 176 88 162
144 68 190 15 27 191 4 110 173 57 183 151 169 32 141 94 192 139 36 55 145 70 75 133 84 104 151 32 33 46 143 56 165 131 89 180 11 150 79 136
17 24 192 36 105 119 132 13 196 80 82 57 23 166 174 181 9 32 138 50 67 109 180 112 43 166 72 68 180 116 26 166 67 43 41 64 178 106 37 73
29 68 41 157 151 25 4 43 149 82 189 122 31 6 44 193 63 59 130 142 121 61 135 33 178 190 130 192 21 114 150 127 68 18 4 187 44 182 12 175
148 35 145 97 95 109 15 58 9 103 88 68 20 134 170 198 148 59 110 13 118 40 80 159 138 102 80 187 175 142 187 85 179 147 145 127 192 183 14 132
143 13 149 136 27 105 54 187 124 28 36 145 88 154 68 149 0 31 86 120 54 195 59 38 109 154 1 16 92 158 146 156 190 126 8 128 22 25 27 140
167 172 142 89 29 177 95 150 81 129 189 133 167 186 199 145 8 78 110 196 61 181 9 90 24 149 138 95 163 192 64 135 46 177 196 42 61 6 47 57
6 12 95 125 152 135 147 196 169 99 3 94 185 12 41 99 61 177 144 64 153 30 12 61 54 13 180 195 138 55 199 73 126 69 59 182 7 186 106 90
122 175 101 23 114 153 127 100 90 95 194 154 189 192 62 105 12 87 149 47 168 97 197 164 161 182 66 98 200 177 108 88 141 42 87 97 192 69 21 121
161 179 70 72 62 90 79 93 189 73 105 188 146 144 141 22 60 43 90 163 109 78 113 118 154 49 192 83 53 24 60 153 106 184 57 168 92 111 186 173
64 199 146 180 140 5 150 151 126 56 56 7 97 187 150 21 58 133 149 123 18 130 123 68 52 170 106 76 121 186 5 49 191 163 15 164 161 35 148 173
34 19 18 108 155 108 137 182 64 20 94 74 30 98 50 62 81 165 114 198 38 104 181 177 86 183 120 62 163 11 43 157 91 107 200 49 186 13 138 49
25 92 3 172 154 179 51 127 26 153 118 161 166 25 49 119 71 127 18 71 161 88 23 185 182 175 174 90 72 169 190 14 47 114 28 25 178 45 6 162
37 127 104 40 97 22 95 59 162 59 80 21 71 165 133 195 113 124 191 12 43 4 170 183 97 107 22 167 43 182 55 155 80 53 165 69 21 54 166 2
106 159 94 123 175 191 176 35 46 37 40 182 103 142 178 44 84 37 125 112 82 78 178 118 194 62 105 157 154 138 42 142 75 62 72 86 63 163 77 111
84 199 145 49 122 5 184 30 144 105 115 198 167 136 70 117 151 61 120 51 15 30 138 55 189 93 135 159 189 118 101 199 56 49 22 2 172 6 197 151
18 76 108 15 14 98 27 82 7 195 7 3 40 19 145 199 100 101 56 108 81 153 184 142 100 21 155 125 199 100 52 113 141 35 171 5 156 122 28 101
129 65 118 16 182 180 43 177 152 20 114 170 152 146 95 115 3 151 22 144 45 133 117 158 183 18 19 147 60 5 155 78 5 142 27 179 49 38 98 99
9 106 126 127 84 58 156 130 37 17 112 46 196 125 159 144 114 63 23 55 90 103 33 151 75 22 79 133 114 178 176 179 119 133 168 77 87 156 80 53
32 3 60 72 5 37 82 183 51 54 111 94 155 131 121 160 17 10 186 90 169 129 103 48 25 148 79 107 114 166 11 66 32 170 100 85 139 164 159 115
148 186 6 39 111 59 31 79 144 7 148 18 174 50 4 157 197 113 73 122 15 119 95 186 198 83 132 86 59 181 94 120 57 156 5 64 119 28 69 114
69 2 128 119 25 14 187 73 152 8 15 1 84 151 157 86 18 13 128 8 160 99 103 100 66 186 47 25 100 114 134 183 125 90 156 84 155 116 102 47
131 111 91 20 40 47 117 56 170 122 40 66 7 134 37 96 186 36 135 113 86 118 19 52 6 114 96 30 124 145 149 108 72 48 47 30 10 55 19 103
160 64 121 163 125 96 161 41 36 194 76 111 44 13 185 39 129 144 15 47 65 63 90 126 71 44 77 15 185 48 43 194 140 114 53 182 148 21 141 13
86 34 141 127 180 99 137 28 120 86 71 165 35 30 21 90 34 104 23 68 39 195 107 29 96 113 64 1 70 164 199 21 108 196 61 98 193 110 81 57
155 41 37 21 113 177 81 168 1 137 122 111 151 87 190 5 17 45 188 61 7 21 67 149 189 119 118 11 156 122 47 126 32 98 84 43 123 59 28 53
77 34 143 192 27 83 191 173 130 84 164 11 33 4 78 104 75 139 6 113 141 161 187 106 67 176 68 22 144 64 160 178 176 144 186 138 7 199 50 52
84 16 153 8 46 150 118 44 90 86 39 53 131 152 97 167 151 121 4 74 142 191 12 71 48 55 46 179 1 150 61 50 85 44 92 8 74 35 42 99
72 187 36 6 165 43 104 200 101 147 187 23 93 151 95 191 161 78 131 57 184 73 87 110 69 95 107 39 40 103 112 105 3 9 195 19 162 109 173 79
199 148 68 127 105 163 2 109 131 115 122 180 160 137 112 20 177 9 168 35 9 16 31 41 136 75 48 0 163 134 98 71 32 178 55 103 28 68 189 73
25 83 108 115 116 138 35 51 122 182 144 14 23 165 174 187 92 126 62 69 124 28 101 175 112 81 12 8 23 157 174 38 91 168 192 65 10 189 23 30
29 79 180 174 64 99 36 34 198 27 151 106 65 160 77 151 42 177 71 84 9 120 115 90 127 20 155 94 11 9 118 68 147 147 199 90 167 23 172 133
25 52 50 130 110 64 99 14 125 62 156 128 184 70 94 159 105 185 107 43 183 80 19 156 31 71 71 149 105 155 181 35 192 77 26 181 152 78 93 129
88 33 38 30 109 196 61 89 33 2 155 197 160 169 181 76 73 67 78 166 119 32 127 42 160 81 103 35 67 60 123 23 116 185 62 26 151 159 7 189
36 91 170 108 42 150 27 26 85 96 113 128 150 77 91 146 167 184 177 173 19 144 165 46 128 49 192 75 115 173 16 148 3 49 150 26 20 40 104 131
