46
197 126 3 159 153 198 147 129 18 23 115 130 1 153 44 125 192 113 155 78 183 26 33 130 91 110 190 132 167 9 77 173 78 110 62 154 141 199 18 149 20 93 11 2 37 98
2 69 62 85 58 194 26 124 88 68 90 69 9 154 135 171 196 11 141 187 94 17 178 199 86 29 67 161 74 192 96 80 136 38 126 6 35 138 84 197 200 194 101 157 111 19
141 168 155 195 149 2 76 149 114 117 127 151 114 10 47 82 33 112 162 42 78 170 108 79 100 10 189 83 56 28 99 139 88 24 21 14 144 134 89 33 159 173 32 149 132 155
195 140 152 5 69 182 105 107 61 70 17 85 83 44 163 95 122 169 130 104 140 68 28 44 165 58 85 127 35 141 178 146 6 54 62 145 146 43 0 180 65 43 139 6 77 155
145 191 179 127 80 162 92 163 114 162 136 20 100 72 78 154 185 118 135 71 63 179 178 195 10 161 173 64 14 3 191 153 56 125 82 48 32 54 188 23 99 36 96 156 160 118
85 6 116 178 71 91 3 77 137 141 195 128 55 45 118 136 158 118 107 68 88 178 67 74 7 115 74 105 34 180 145 1 84 18 166 191 128 145 61 158 79 73 4 165 146 167
33 54 124 74 149 49 184 71 149 45 169 20 142 23 70 158 13 199 89 151 70 140 131 88 150 99 145 141 163 95 148 87 24 154 14 84 194 145 30 15 78 110 83 93 29 84
143 40 170 195 89 147 92 110 155 190 5 77 78 124 50 42 67 69 44 155 29 67 134 16 128 137 45 156 121 172 59 169 142 105 150 48 73 43 136 112 81 64 78 1 9 126
63 55 95 36 90 183 168 51 152 161 48 9 26 82 1 33 163 18 171 169 154 71 22 118 148 147 199 110 199 190 141 156 63 184 76 171 124 27 47 112 64 150 41 144 68 194
104 182 54 63 168 189 106 190 161 179 107 192 88 188 125 177 79 25 193 112 2 41 168 31 100 81 124 192 35 24 4 184 76 160 114 20 146 40 144 115 184 94 17 7 78 9
27 39 174 153 63 171 92 14 191 85 29 175 90 58 94 183 19 11 146 169 61 118 193 152 62 50 170 114 21 158 120 108 75 159 2 41 186 67 121 18 182 150 192 84 174 99
13 149 99 144 74 80 1 64 42 160 185 90 141 193 141 46 98 190 164 72 78 74 36 1 176 57 103 118 71 71 168 1 200 134 182 161 112 181 150 73 31 108 137 188 186 22
26 5 100 162 163 51 19 23 105 42 181 73 98 113 155 72 85 37 59 33 24 82 141 82 162 22 124 183 93 20 168 155 169 40 198 100 143 103 160 7 16 96 192 0 148 23
196 174 69 138 191 117 172 160 34 8 189 9 135 109 29 198 5 104 48 4 190 154 41 182 81 117 5 109 155 51 7 69 36 129 97 24 124 62 85 2 7 182 37 141 109 9
124 137 159 136 76 190 141 182 140 16 8 16 53 192 154 98 33 180 80 63 134 83 129 148 36 128 20 82 140 133 94 196 78 171 28 152 1 124 118 196 124 154 176 9 121 103
78 166 25 3 70 81 26 183 116 109 6 79 76 144 117 38 146 5 184 129 127 64 41 94 156 79 123 137 196 64 165 75 192 142 8 176 56 134 113 27 97 7 0 136 14 128
82 88 26 141 87 33 22 162 52 161 49 119 146 32 146 110 199 97 170 144 71 61 104 157 53 54 104 64 146 43 118 97 9 136 17 91 0 34 130 188 133 35 49 83 80 87
126 64 77 91 125 101 190 52 4 75 68 68 52 91 22 160 93 46 187 35 86 175 127 85 66 26 11 187 123 176 177 22 108 56 29 42 44 22 158 191 189 99 177 163 199 134
58 142 72 48 20 72 41 9 174 87 121 68 26 98 192 19 113 33 140 192 146 147 180 66 38 168 9 20 107 163 46 167 81 154 28 138 161 187 190 196 176 141 149 184 130 54
162 141 99 105 113 39 144 139 181 109 69 42 152 80 2 170 14 44 95 40 32 90 119 39 74 194 95 62 94 113 181 35 23 106 145 18 17 104 80 129 79 197 166 107 4 87
197 176 15 54 181 0 56 74 148 65 188 16 17 147 87 122 89 111 61 159 36 164 105 178 11 128 170 80 174 165 113 80 85 7 18 4 87 151 185 138 15 134 72 63 132 181
166 13 9 134 26 57 40 35 32 159 107 134 103 149 113 171 157 26 149 20 96 143 198 0 172 194 149 122 154 191 86 36 194 171 109 191 36 18 67 19 37 34 168 124 9 137
25 64 109 119 187 73 45 12 6 112 108 45 154 8 67 118 11 166 146 19 183 93 153 98 168 131 174 165 28 78 36 69 138 56 126 112 195 17 85 132 175 91 125 21 168 199
60 181 86 183 163 43 117 133 153 128 53 198 27 148 140 164 60 40 138 88 4 16 100 53 171 142 134 57 193 95 176 71 148 180 12 26 117 124 148 120 123 30 186 35 82 182
159 138 168 64 115 141 63 5 138 70 122 114 123 76 164 125 68 95 174 178 200 36 197 117 194 87 193 57 46 170 18 71 26 85 41 4 38 23 44 166 136 184 106 112 164 132
46 41 64 91 185 41 63 18 163 184 37 149 99 7 58 58 91 148 55 30 37 160 27 84 76 111 140 181 23 112 2 29 166 11 72 50 193 172 6 152 166 39 116 154 37 178
121 10 139 166 140 166 172 165 113 105 129 172 99 128 159 120 117 50 164 86 92 161 96 21 109 52 66 164 3 136 119 110 93 136 20 74 54 143 190 115 103 119 154 176 85 7
78 45 197 134 39 177 82 50 142 200 143 94 16 15 104 137 84 12 156 6 16 170 5 116 161 121 193 143 116 123 37 143 175 178 195 117 111 86 14 197 132 67 197 7 82 124
163 162 86 128 3 134 129 65 109 179 122 21 79 81 160 3 25 31 42 65 122 29 146 72 53 178 67 191 149 182 26 115 136 39 139 107 112 78 192 11 112 151 63 64 46 121
59 134 16 199 114 200 3 74 56 195 154 115 41 105 67 192 3 182 31 96 88 160 15 151 185 37 34 49 16 12 118 2 61 149 3 108 36 73 95 87 97 168 109 79 124 197
103 100 55 147 24 108 64 47 1 84 175 149 139 5 120 156 23 175 32 120 19 123 33 79 106 167 29 157 29 174 125 157 33 123 9 125 139 127 54 63 113 178 108 162 8 106
134 160 190 63 167 200 11 4 18 189 69 54 116 158 100 142 99 8 6 9 172 77 46 35 163 169 65 107 19 62 25 160 0 168 118 16 35 9 163 17 123 180 16 42 140 126
30 183 85 40 184 190 94 67 103 167 140 70 45 34 1 42 27 197 149 149 102 198 172 143 43 47 96 54 7 77 191 14 168 194 156 13 192 30 108 59 197 181 157 95 37 57
107 116 147 166 95 84 22 27 40 108 62 102 60 47 69 43 178 94 50 68 164 19 136 104 68 12 42 57 137 173 108 167 196 137 157 67 107 47 143 194 99 94 38 168 137 166
181 148 106 177 129 185 146 144 162 97 106 33 177 4 66 106 65 179 7 25 43 18 77 53 182 180 109 100 64 94 163 90 174 14 199 66 155 39 126 128 23 71 183 10 101 129
175 54 22 95 36 106 190 46 70 156 15 173 114 14 140 183 31 18 40 140 121 67 5 170 109 9 12 190 134 96 71 27 84 179 88 167 84 91 125 22 105 148 50 136 44 126
45 200 96 10 49 191 80 110 38 83 193 24 58 112 174 39 186 26 86 36 90 7 59 99 45 111 189 130 82 164 130 58 114 45 111 6 199 72 102 179 111 132 168 108 12 184
111 153 53 74 149 59 50 70 74 174 79 130 75 38 191 176 22 89 114 68 120 174 125 130 95 73 61 165 159 167 108 106 152 131 125 127 187 98 198 25 188 134 32 122 163 112
187 99 117 5 187 77 37 73 42 166 199 155 129 162 111 143 110 163 124 125 119 149 87 20 71 99 136 67 123 107 153 27 187 138 64 100 93 177 130 166 81 153 55 150 150 172
198 109 47 44 60 49 152 82 198 190 86 149 16 112 94 83 188 91 7 83 182 38 75 140 114 128 10 27 168 25 120 76 189 10 100 123 46 190 159 149 56 193 96 86 26 72
8 108 61 40 162 77 124 111 159 96 55 26 194 151 148 115 190 193 161 116 46 45 25 171 108 54 198 65 181 143 104 143 140 128 36 73 20 20 195 161 94 55 0 185 8 139
170 141 182 163 33 152 182 28 190 0 175 122 54 78 173 50 200 155 39 50 15 139 164 155 78 113 161 121 138 197 139 181 10 79 200 42 22 127 30 163 69 191 35 125 33 196
10 78 191 134 120 86 73 126 73 123 161 24 3 171 1 113 67 45 168 185 12 136 143 185 150 9 195 59 198 9 73 47 61 135 81 180 7 161 83 14 191 199 166 154 137 22
123 107 126 76 30 169 49 147 45 180 129 10 177 68 183 56 16 12 36 39 71 183 173 113 68 176 4 58 77 125 163 143 61 19 61 156 41 116 131 184 164 133 124 4 57 75
64 120 42 144 55 199 137 116 132 60 132 28 2 144 10 186 78 38 23 55 9 94 127 98 137 57 190 127 17 175 192 182 150 147 96 103 50 75 26 133 118 172 51 41 108 25
53 10 35 69 30 184 156 60 170 15 81 66 79 112 180 103 114 33 123 194 179 16 177 69 148 159 64 181 93 165 144 97 30 63 108 132 152 34 78 13 122 152 159 12 86 71
