64
143 186 79 41 163 130 39 36 196 13 190 52 161 12 162 162 68 62 81 10 168 150 177 117 1 28 176 151 128 14 174 56 93 179 58 7 79 5 74 70 176 155 153 7 37 19 102 151 80 51 179 98 70 127 50 145 63 144 123 58 13 83 155 76
7 154 142 172 174 189 177 105 147 70 0 176 82 41 19 118 66 58 29 103 135 159 133 178 146 89 122 82 44 53 36 154 42 105 108 56 43 111 7 63 144 152 156 50 124 115 122 85 91 9 200 104 53 67 148 17 170 100 70 17 53 77 165 147
20 19 104 125 145 84 59 23 8 3 156 140 37 144 197 41 64 158 155 69 131 62 29 174 35 160 7 155 93 142 124 117 17 10 112 195 50 163 191 55 48 28 75 22 77 30 44 131 51 108 134 160 96 98 97 33 112 164 114 194 124 131 173 155
46 83 96 59 35 165 168 111 34 192 150 98 144 74 142 70 50 140 165 187 48 8 132 71 51 63 198 53 106 95 165 148 108 175 125 164 195 176 141 122 92 102 141 194 17 118 157 189 151 136 18 6 64 120 196 76 82 106 45 0 174 155 29 16
129 47 125 84 61 101 92 20 76 147 188 190 20 2 113 48 177 161 141 36 36 11 124 165 103 184 121 18 28 139 43 195 79 119 159 136 127 139 159 57 151 120 36 153 73 139 194 192 82 52 6 134 99 14 158 180 142 8 194 101 77 77 129 189
102 72 153 149 196 173 179 174 184 176 11 118 182 170 36 180 28 154 104 18 155 141 7 120 17 167 53 8 155 194 123 53 102 77 72 93 36 125 64 129 107 192 174 107 71 90 141 174 164 103 96 186 18 3 161 10 52 187 8 81 60 40 123 66
72 69 58 193 63 103 88 60 173 195 45 33 151 18 62 88 91 134 51 172 111 104 151 10 44 7 107 62 53 128 36 15 69 189 78 116 197 191 89 123 11 171 47 20 115 162 157 143 73 95 192 116 86 5 114 115 117 141 194 197 186 75 151 157
0 67 82 114 191 61 93 35 103 71 37 144 139 188 175 173 187 152 103 132 179 58 145 140 118 48 64 36 192 135 81 34 176 3 195 179 11 139 141 109 12 39 44 148 33 28 14 111 149 117 85 107 17 147 62 11 132 118 59 151 173 146 31 28
19 86 154 184 75 5 153 115 124 83 43 16 156 0 2 37 132 43 163 54 50 117 193 39 48 2 168 2 30 168 58 72 137 137 176 77 15 148 92 122 50 19 51 72 129 26 151 111 121 87 65 170 88 70 82 116 36 68 128 158 35 51 52 194
187 30 79 173 21 150 75 148 39 77 200 79 169 167 81 75 60 167 40 96 58 5 145 199 97 163 196 176 163 68 155 197 113 11 137 52 188 25 65 93 66 168 42 121 14 25 145 94 103 139 11 34 90 99 104 84 0 100 67 141 121 1 90 151
136 56 93 179 144 12 68 91 155 167 6 182 24 66 188 19 9 123 151 9 198 163 82 159 26 55 129 21 187 59 8 123 140 6 103 34 35 199 166 145 109 132 146 189 47 59 33 46 117 101 11 73 40 84 82 129 118 25 122 118 59 65 40 181
166 37 191 27 64 175 10 96 164 185 130 18 104 134 163 123 136 178 180 1 50 91 25 148 122 134 138 92 130 30 117 145 91 147 48 8 42 44 107 91 15 113 17 105 62 85 84 98 81 8 39 85 176 45 104 11 134 156 93 70 62 187 158 46
10 151 74 108 58 18 27 186 113 2 132 41 188 195 198 102 125 87 126 121 188 82 113 40 193 91 105 158 11 175 23 28 195 172 34 31 34 161 38 40 26 86 37 70 38 182 102 166 43 88 127 93 167 48 110 75 156 145 84 98 81 79 166 108
184 46 147 152 5 177 191 145 58 23 197 135 54 117 138 141 136 62 128 64 115 31 112 132 35 49 33 92 190 158 116 143 169 51 99 125 140 38 124 181 106 5 96 147 21 139 66 172 133 198 42 33 87 142 31 40 159 89 200 132 71 3 159 108
91 128 113 17 65 59 173 42 36 8 102 97 8 61 135 15 115 179 172 89 104 101 49 163 185 83 37 189 120 101 189 78 50 98 151 116 187 96 190 67 153 134 30 61 84 71 119 160 25 110 171 2 47 118 178 168 167 109 98 115 91 163 109 105
152 155 85 137 157 53 26 26 173 52 94 140 119 25 109 143 152 194 18 26 96 192 68 101 165 82 98 26 107 183 51 33 39 168 65 54 156 57 72 128 107 175 35 167 44 18 51 9 1 50 114 99 75 6 75 77 76 108 180 128 43 101 179 185
144 118 124 64 72 192 190 108 69 51 20 7 162 149 131 78 177 70 175 59 77 109 2 76 147 53 9 18 98 113 125 102 165 124 122 163 124 37 102 193 118 146 76 20 21 41 29 154 176 199 1 183 14 113 196 21 79 46 65 69 144 148 22 132
132 29 192 52 81 195 39 158 102 149 77 194 148 119 60 144 184 100 3 188 33 80 157 32 197 198 52 36 181 98 71 64 125 137 161 14 172 16 1 107 193 134 163 158 23 144 76 8 89 63 33 127 136 117 128 48 51 194 52 21 87 61 9 181
154 181 190 49 24 117 173 192 191 25 145 141 91 11 106 192 15 16 20 42 61 188 192 16 89 90 129 166 131 116 169 189 198 171 2 70 91 16 3 166 142 37 166 124 76 90 63 101 60 105 189 60 71 76 28 138 46 50 129 175 87 35 151 148
121 98 32 133 76 3 21 65 48 145 6 11 156 99 156 29 2 109 160 73 164 82 169 173 71 81 155 59 66 159 194 104 143 143 100 127 97 109 91 86 195 140 86 27 154 28 7 135 47 98 105 113 106 25 189 34 158 195 25 183 59 28 54 181
3 52 20 53 102 137 77 139 101 126 23 104 49 161 58 182 116 58 157 173 65 128 130 29 38 13 192 12 21 174 154 93 199 5 49 141 133 58 102 97 40 169 52 145 149 59 167 6 48 53 116 66 149 89 16 105 129 164 158 13 51 3 44 163
187 158 181 36 154 9 155 82 69 91 55 158 40 9 146 190 183 121 200 161 197 2 146 18 143 87 89 74 147 110 199 129 132 192 118 88 196 97 5 121 52 100 158 86 140 170 19 196 99 115 61 12 34 186 26 150 93 80 7 195 180 183 92 154
88 136 96 11 149 61 81 123 171 190 200 111 153 187 0 102 71 121 101 42 45 187 120 54 171 23 72 88 140 120 140 112 133 20 65 67 104 19 34 92 172 81 129 84 20 198 50 195 195 110 34 86 176 139 37 30 158 84 113 61 133 65 172 80
8 192 109 114 87 107 108 13 154 91 115 2 169 110 84 173 71 200 155 40 128 125 74 66 28 174 40 156 13 172 134 196 126 139 33 38 152 50 149 182 124 189 183 119 125 50 182 176 0 153 50 110 184 48 147 68 67 96 190 148 83 0 122 155
119 149 135 131 137 124 64 168 142 167 41 31 126 62 2 154 115 132 103 52 130 83 76 146 184 163 56 55 104 11 173 105 89 22 128 87 194 111 149 184 168 30 85 112 70 18 39 180 71 75 12 88 20 171 95 190 90 57 13 183 147 98 156 195
5 200 115 184 143 64 15 199 115 99 148 166 167 200 9 169 89 47 129 116 46 4 41 192 49 140 175 192 0 190 74 88 48 32 79 163 40 95 146 2 65 185 21 35 164 16 188 188 24 36 146 59 158 163 147 80 5 23 90 189 92 113 18 94
73 155 45 83 188 154 91 177 180 194 128 7 134 96 66 82 104 140 150 75 112 175 168 142 79 38 111 6 78 50 78 148 76 142 85 19 13 200 112 29 188 2 75 63 176 47 73 198 80 150 104 159 69 116 17 0 86 155 143 39 48 97 154 106
21 14 57 49 147 160 145 57 130 100 44 104 178 44 33 158 14 67 108 59 153 71 88 58 83 77 195 52 57 121 97 154 134 78 96 8 181 135 8 179 54 32 22 8 23 37 54 76 31 119 57 73 29 143 125 33 18 139 70 81 192 90 107 21
182 146 182 150 138 195 45 31 57 182 161 194 100 103 134 72 42 68 84 192 111 56 166 142 40 73 35 48 9 0 112 100 135 129 113 27 99 50 78 82 74 76 144 75 93 77 137 35 68 150 49 173 69 185 17 164 184 28 15 47 87 73 126 57
49 54 110 4 148 83 167 51 198 113 169 186 111 145 36 168 110 16 77 125 171 150 135 188 130 193 186 128 141 136 29 170 34 39 81 182 41 169 7 33 139 155 55 153 87 8 58 36 99 121 95 26 116 8 183 148 6 54 122 117 93 186 144 124
35 1 55 132 191 143 132 181 120 146 75 105 187 145 17 170 86 38 160 172 125 21 107 147 93 125 94 51 130 154 162 171 59 114 103 45 80 10 7 126 67 27 38 114 92 129 116 7 124 89 13 143 148 126 188 158 62 173 47 113 82 27 56 11
127 182 99 68 143 126 49 101 45 154 150 85 104 79 164 163 194 175 156 108 52 189 198 84 48 123 165 150 78 35 50 108 109 197 186 19 125 171 94 193 100 179 199 192 164 50 127 9 21 183 56 2 34 52 104 73 93 143 94 177 30 119 161 49
9 73 192 116 76 141 125 100 119 104 81 169 82 194 122 64 66 45 30 93 73 178 127 1 129 149 67 172 145 126 118 69 189 111 26 13 79 73 142 87 17 113 19 23 23 34 110 100 184 167 140 94 88 25 84 64 146 127 195 86 20 139 29 34
116 122 186 100 63 99 22 199 150 56 42 73 16 170 37 57 160 73 160 45 12 78 156 144 107 62 173 157 36 101 126 44 143 164 42 144 1 74 51 119 93 195 128 98 77 165 174 2 138 31 85 186 58 104 103 63 170 50 199 129 35 170 73 154
186 112 62 70 55 3 12 142 197 150 117 123 172 128 153 191 5 19 179 101 184 170 175 115 132 72 119 111 156 144 2 61 197 120 192 46 101 86 106 15 58 57 147 111 111 29 94 180 157 75 111 40 166 44 43 13 14 102 185 112 17 178 53 64
44 181 60 149 39 187 62 121 4 93 164 10 68 110 18 138 195 31 41 129 140 146 53 67 93 161 153 2 193 67 51 50 169 143 129 26 129 144 166 133 143 156 196 145 67 110 23 135 62 91 110 59 120 104 47 147 5 186 52 106 1 114 51 185
136 111 196 179 133 187 70 168 43 189 10 116 100 129 125 111 58 63 143 37 82 25 1 172 86 29 16 75 185 176 174 150 74 9 38 66 155 22 168 27 111 3 88 91 133 101 19 161 158 80 39 148 18 62 95 155 12 143 171 169 192 162 106 34
67 179 1 37 35 15 28 138 190 146 90 159 163 60 19 133 158 8 133 10 4 63 62 142 105 34 59 197 41 191 94 170 35 41 171 120 85 151 69 67 200 5 136 191 135 141 37 95 86 113 127 17 35 120 106 160 71 73 182 23 111 160 60 146
3 153 18 0 131 184 136 101 129 171 138 39 23 105 81 199 9 170 142 162 150 12 78 193 153 86 114 197 131 84 153 108 68 43 8 50 59 95 166 152 7 120 183 107 181 41 90 191 73 7 13 161 136 179 199 162 33 118 14 48 196 110 171 197
175 16 148 3 32 179 83 66 168 85 92 74 48 103 7 91 6 186 49 180 139 119 178 84 129 122 84 30 198 192 146 14 59 63 123 92 25 148 66 160 174 54 67 94 125 122 175 58 106 194 178 39 192 131 65 109 80 80 177 109 21 96 80 21
115 73 133 195 73 124 157 75 196 94 147 15 109 17 1 68 18 169 183 138 48 168 105 197 9 143 51 35 38 78 150 140 140 23 63 173 185 134 37 98 29 110 73 167 63 134 72 109 140 155 103 30 142 19 150 92 196 19 177 11 71 21 114 45
133 191 10 151 162 105 164 8 40 33 133 72 157 27 67 194 45 141 53 36 21 190 189 85 79 67 151 27 95 143 150 98 56 117 20 105 150 190 139 190 127 147 159 30 128 173 166 19 62 12 115 153 93 32 56 76 22 110 9 126 23 132 52 118
100 140 169 119 137 189 196 140 28 32 110 149 107 16 100 187 65 139 160 19 160 104 0 56 53 165 119 185 127 6 107 75 94 118 74 184 56 96 197 197 60 185 18 190 187 103 54 84 77 198 158 69 107 175 156 138 200 98 72 154 13 152 88 59
162 26 144 170 112 87 94 61 199 131 63 50 184 66 68 63 0 85 197 116 167 106 73 9 18 74 162 13 48 40 71 115 66 29 127 157 23 69 184 5 77 152 175 57 112 0 57 8 27 48 58 143 120 163 42 140 74 129 127 72 20 67 89 105
26 56 20 179 43 28 78 98 134 111 103 110 130 117 97 105 197 3 118 31 19 200 152 161 51 165 39 91 148 72 186 35 151 80 30 169 113 168 32 35 32 147 168 55 167 88 0 128 110 185 168 88 17 105 20 77 121 21 99 42 170 7 13 177
74 113 17 30 126 48 131 85 176 62 62 131 72 30 119 197 97 5 82 196 104 145 124 19 24 190 145 51 27 137 113 160 140 120 167 33 11 39 162 1 164 65 22 169 81 88 185 191 118 80 153 169 38 65 120 111 124 14 19 102 197 188 106 100
22 120 9 153 6 198 80 34 75 143 132 106 153 59 156 53 16 126 64 99 36 127 199 40 163 158 36 170 136 71 101 155 66 22 21 69 152 115 5 138 119 131 152 148 144 41 115 70 121 187 129 109 116 125 49 37 124 113 103 70 26 60 13 19
105 180 90 32 197 79 99 163 42 88 59 11 6 32 74 91 102 1 147 115 138 1 160 93 3 7 134 111 53 44 135 116 196 29 64 38 75 35 190 178 44 73 115 155 106 115 35 184 182 63 35 199 16 197 45 27 75 134 41 162 134 183 20 61
167 144 88 50 159 110 113 58 189 13 166 32 196 78 193 83 121 72 82 4 87 3 176 30 34 37 64 8 48 189 57 159 30 81 60 145 191 55 95 12 120 55 77 35 180 94 87 134 59 84 25 118 175 95 66 23 155 12 100 29 103 185 143 15
178 163 100 191 162 184 50 173 196 175 23 19 131 67 127 66 60 186 76 58 27 61 17 14 122 167 8 7 75 63 106 155 66 168 68 148 120 90 61 87 200 195 107 193 137 116 24 143 91 58 37 14 110 100 123 94 193 168 149 107 115 19 163 113
92 89 42 39 79 170 100 35 120 84 85 195 190 140 141 85 68 37 92 53 125 185 124 152 2 199 35 28 119 86 118 44 88 92 178 69 16 172 42 194 36 124 59 131 6 199 90 60 136 62 100 108 7 170 180 65 113 75 2 96 167 177 52 136
124 24 146 128 103 177 64 11 172 92 79 190 144 81 131 60 71 152 195 161 62 187 66 63 193 196 87 29 18 179 192 157 104 25 101 53 143 131 121 32 5 19 162 120 74 163 181 30 84 109 151 91 76 193 153 47 110 137 184 92 119 0 9 136
98 117 110 198 172 148 130 98 43 149 2 126 99 97 140 27 68 37 128 87 57 151 78 30 197 188 56 59 39 69 178 150 134 178 192 133 33 11 139 198 13 64 44 115 113 23 197 157 34 161 126 188 3 186 192 13 101 2 56 188 87 93 92 17
83 172 8 120 133 146 24 31 170 120 156 132 191 153 69 47 104 73 93 80 20 180 172 169 45 114 96 147 30 176 136 47 153 155 161 39 122 110 178 174 141 140 15 149 159 40 135 177 97 70 73 43 13 78 176 105 108 89 33 5 193 191 40 171
14 71 115 191 8 173 37 16 119 34 22 97 181 56 108 58 149 14 5 90 95 63 184 193 72 90 162 101 107 89 135 13 51 1 95 151 3 12 77 36 191 65 133 123 70 168 14 156 63 71 79 25 55 153 76 45 67 105 118 71 14 164 62 38
54 44 125 162 28 93 197 161 12 15 123 159 138 120 169 146 50 48 139 62 10 185 64 154 109 34 30 70 55 107 130 139 96 36 163 165 41 25 101 61 33 128 27 33 188 173 120 34 188 127 71 33 51 155 79 68 79 86 110 87 147 155 122 128
41 112 153 131 195 199 123 144 184 103 128 175 16 119 190 99 28 15 168 26 137 0 169 195 162 34 83 46 189 183 26 192 53 59 171 150 102 64 200 124 31 69 160 65 72 32 187 183 142 100 154 120 31 197 52 10 55 13 142 164 146 109 73 36
138 164 63 119 114 185 103 69 90 71 148 49 151 75 163 81 124 143 66 64 11 73 59 190 78 16 4 65 137 156 129 130 133 101 158 192 48 82 111 3 110 72 15 73 125 188 185 105 177 50 171 133 144 93 26 105 17 40 28 52 193 101 90 163
41 165 178 23 46 129 16 114 50 16 36 91 82 159 84 111 90 172 187 67 43 43 0 38 52 151 170 36 126 69 159 77 16 21 32 30 77 167 51 58 170 14 114 77 50 16 151 55 131 153 159 142 11 193 107 117 8 100 16 20 164 25 95 118
53 53 152 144 19 11 105 141 32 191 61 87 116 180 167 175 122 27 133 116 108 94 2 131 179 141 56 109 37 66 106 4 154 98 195 63 113 73 153 200 159 116 154 21 71 98 143 36 28 106 157 73 71 133 127 12 145 21 125 96 89 148 150 101
197 113 151 109 126 135 53 79 90 71 92 134 20 195 177 83 143 103 163 15 92 91 75 141 105 44 7 163 182 193 58 171 143 165 30 49 26 85 157 182 13 16 122 113 19 109 172 78 11 142 153 45 56 104 157 36 174 199 171 173 81 168 160 98
51 78 73 13 161 191 69 176 15 105 55 128 103 71 44 124 121 140 113 139 147 179 149 198 162 0 157 29 61 135 85 78 13 9 191 139 150 96 173 151 57 161 48 16 125 141 34 120 37 39 154 58 193 156 48 192 77 22 3 54 50 200 22 138
181 54 171 115 183 52 125 112 117 135 156 24 196 59 182 125 75 157 129 40 147 44 188 71 107 16 111 59 73 146 30 76 169 76 11 123 0 156 132 121 176 54 73 130 181 2 33 142 195 126 113 47 77 92 121 102 66 59 192 35 21 86 106 75
142 1 96 90 85 162 77 128 119 184 198 28 23 42 46 29 197 180 13 121 89 190 9 19 143 83 62 49 180 134 160 103 162 154 193 49 108 121 92 155 84 104 91 27 138 62 161 99 0 15 155 116 153 152 63 44 1 161 38 67 159 77 85 105
