43
31 49 65 61 118 168 107 64 40 129 23 47 38 146 141 102 181 144 197 133 1 62 196 30 89 76 11 97 9 179 0 155 1 87 78 54 68 172 139 57 56 112 40
171 130 172 0 194 177 81 152 194 176 35 132 101 62 78 141 102 41 114 195 121 34 92 155 102 174 65 137 192 65 194 169 161 112 165 85 61 61 112 8 139 189 141
19 19 114 135 160 59 90 33 42 120 106 97 190 115 192 56 151 172 107 17 118 156 193 1 105 122 13 150 101 19 137 102 131 88 126 37 46 57 98 100 60 88 40
59 139 81 117 33 20 113 61 73 51 158 168 18 181 170 175 138 10 9 69 93 164 165 141 139 44 143 125 159 119 5 42 29 57 118 121 135 38 138 179 69 66 83
168 116 117 71 112 21 70 106 26 20 195 151 105 0 155 196 54 47 22 98 96 110 109 86 188 147 131 198 52 119 1 54 189 187 2 93 62 159 62 115 130 186 155
31 128 154 10 65 15 29 194 137 168 111 3 104 111 6 25 86 196 156 159 111 75 119 89 58 43 138 48 151 200 124 175 162 146 167 21 190 135 188 133 116 47 22
36 190 92 118 165 113 132 18 104 7 142 32 82 6 78 1 56 4 119 59 183 171 77 107 80 17 51 53 133 66 131 159 99 71 151 172 86 148 150 162 156 2 11
178 53 192 167 84 109 68 196 63 24 92 86 105 12 101 29 32 105 164 99 133 83 85 60 160 0 47 77 159 150 130 182 195 175 132 82 176 41 161 125 105 109 50
94 47 153 12 16 2 33 109 70 90 96 30 38 156 156 12 128 23 116 12 132 43 102 127 78 149 125 181 42 197 110 2 40 63 69 28 76 121 185 143 152 25 177
157 96 88 58 197 122 190 1 6 67 144 191 95 138 22 27 51 28 41 14 186 15 189 84 111 156 78 200 85 138 0 177 64 48 186 135 58 94 38 99 111 146 56
53 105 122 109 135 33 92 153 107 47 134 138 132 48 113 94 20 133 15 151 7 181 10 157 162 151 31 187 157 72 35 133 90 180 116 177 130 126 41 46 48 43 0
58 111 143 135 101 199 32 128 1 133 101 108 125 66 13 86 196 93 77 76 58 160 157 44 36 45 64 5 194 110 168 83 195 127 61 179 67 68 175 43 61 119 78
111 136 122 66 49 52 155 3 74 85 35 5 196 89 182 161 20 63 194 62 155 23 46 37 21 55 19 194 141 80 187 60 127 196 175 142 42 120 171 98 94 148 99
157 53 87 118 71 162 12 67 6 116 163 34 175 9 81 29 170 153 126 75 151 95 69 76 12 179 189 124 183 39 47 98 33 156 185 11 193 47 112 200 143 72 54
196 192 111 127 18 49 161 52 199 147 35 178 1 134 189 31 10 106 34 67 142 18 27 112 182 79 31 149 8 137 111 79 190 25 79 62 79 181 187 111 35 114 70
79 118 45 145 163 155 183 179 56 176 169 162 6 129 52 189 185 83 197 183 157 99 36 128 90 191 71 87 154 9 97 59 163 191 18 27 63 166 125 97 86 92 70
2 48 173 37 148 183 60 53 77 83 95 115 80 160 56 185 140 19 34 87 115 180 73 101 194 159 186 93 25 11 159 77 49 136 11 199 89 93 46 84 33 92 26
48 43 55 66 45 117 168 197 34 132 143 11 160 76 7 26 29 25 80 64 189 167 166 181 50 144 105 68 62 114 142 114 155 72 130 50 126 155 178 59 61 39 200
91 157 146 109 156 1 90 118 185 177 149 96 48 155 18 39 60 93 1 186 107 185 16 162 185 22 108 120 4 43 147 104 154 106 110 126 144 78 53 151 169 104 164
155 64 199 161 35 157 43 47 141 37 112 136 113 18 71 3 96 98 33 182 60 160 71 57 153 11 144 78 10 120 4 12 156 131 144 128 85 157 87 84 164 172 59
78 25 44 8 68 77 116 63 93 167 191 103 17 52 134 168 143 23 150 117 109 147 79 46 25 23 100 107 153 135 93 37 49 98 180 181 143 119 21 177 11 84 117
109 147 171 195 76 132 8 146 158 13 187 196 174 20 189 3 4 75 170 128 36 64 82 148 59 3 9 47 132 72 44 35 115 169 117 88 177 99 69 95 109 135 20
142 157 86 64 107 15 84 167 195 170 57 53 111 141 63 87 179 11 50 6 86 162 66 29 87 194 97 198 176 136 152 14 129 46 66 18 64 72 161 27 139 97 160
146 67 82 166 44 186 89 85 80 12 32 163 53 93 78 51 30 124 109 5 31 14 171 29 185 80 121 57 121 184 63 23 41 53 24 124 60 180 138 67 25 25 141
185 192 167 154 83 40 125 18 143 11 27 136 59 120 143 119 53 101 147 129 25 89 97 46 96 137 9 40 104 35 78 92 179 43 193 58 155 23 15 162 12 55 146
127 127 27 121 11 94 161 32 1 16 185 196 21 44 32 200 106 155 184 173 79 156 152 92 39 93 46 54 62 122 71 62 109 175 126 121 28 62 130 112 25 139 3
107 2 192 103 4 181 104 186 69 110 89 61 90 28 61 56 0 155 114 79 122 35 56 132 180 108 108 7 75 128 182 143 153 195 120 194 172 143 44 135 77 169 140
0 71 51 195 120 130 71 62 53 14 51 143 61 44 37 2 162 171 39 133 111 155 102 72 85 200 92 123 55 133 118 84 77 155 66 161 83 131 74 21 182 134 19
122 79 168 113 36 163 118 47 5 116 60 29 46 55 98 134 184 25 118 145 35 66 70 97 179 190 39 103 115 170 41 43 90 90 77 146 195 40 80 106 69 80 35
177 94 51 102 144 56 157 91 108 127 25 99 29 139 77 94 61 9 107 169 19 196 80 25 127 20 199 104 169 35 105 151 65 69 184 116 94 199 89 26 26 51 5
46 119 55 24 125 199 23 123 6 54 88 41 150 85 33 1 99 154 29 21 108 96 173 28 100 165 119 170 47 155 139 57 44 110 146 161 74 92 80 100 101 28 50
134 149 33 138 173 16 152 58 118 123 16 159 87 100 140 168 55 137 78 44 26 90 97 128 88 153 45 48 98 56 58 128 98 23 32 23 93 14 182 24 78 101 87
112 95 140 37 45 132 182 200 198 43 192 94 23 168 165 171 133 174 62 95 141 145 76 183 88 131 97 156 192 82 61 95 95 192 23 2 175 51 40 28 176 158 197
37 8 156 98 107 199 41 111 175 135 2 32 88 10 45 21 118 132 46 128 179 82 112 46 30 160 18 68 167 86 64 70 86 37 152 130 83 57 166 99 96 38 98
20 184 93 153 105 6 113 162 91 154 82 83 54 167 88 15 124 69 63 53 144 162 187 22 176 49 121 71 194 142 146 70 175 28 24 51 74 52 76 33 108 70 117
67 93 105 171 175 39 178 182 118 96 182 156 162 155 78 63 74 79 43 82 102 74 159 60 178 99 87 6 110 117 14 121 149 129 28 44 154 95 73 182 146 18 137
29 145 106 75 162 187 145 62 76 15 0 136 105 96 22 114 164 151 70 116 13 149 190 136 92 104 187 122 200 67 190 153 182 166 178 38 152 72 83 188 76 73 145
151 106 30 8 195 155 0 79 25 125 151 109 172 106 90 108 194 15 198 14 106 20 98 27 122 72 65 124 1 68 172 93 180 47 46 171 28 39 132 183 4 82 20
66 70 168 46 66 143 125 161 73 73 16 72 171 139 69 180 144 97 102 199 121 34 183 162 52 125 27 57 144 68 99 189 83 197 200 190 32 199 184 79 139 30 72
182 84 142 51 174 43 190 107 131 187 74 199 96 78 100 14 31 67 85 97 73 155 123 9 128 60 107 111 195 105 187 145 131 151 166 178 192 22 111 114 40 190 97
126 170 45 32 124 100 62 100 17 4 195 79 13 194 23 69 47 196 173 196 32 140 79 116 17 53 61 119 90 103 165 65 73 186 56 28 149 27 190 55 68 143 2
10 166 144 60 179 40 29 7 155 53 96 165 19 199 101 97 71 51 69 188 127 4 180 78 117 102 174 177 181 76 173 181 193 72 108 73 186 134 183 120 92 115 130
24 186 31 71 9 13 84 142 144 136 9 34 59 196 96 19 67 38 115 60 98 120 14 12 72 29 82 173 32 121 79 55 153 106 55 101 188 36 61 88 118 0 187
