89
22 54 184 108 56 155 63 180 71 40 101 69 179 188 200 78 9 116 71 110 197 181 8 102 33 190 144 184 154 195 184 177 14 95 127 123 57 77 157 96 186 191 80 125 102 21 184 0 32 58 82 186 165 105 81 163 73 37 64 164 132 197 45 175 69 123 76 140 189 13 35 200 81 191 74 55 155 66 75 29 186 168 83 2 66 81 186 165 26
51 19 172 163 199 85 16 77 133 170 53 58 3 118 137 111 93 187 67 24 6 39 96 43 13 106 29 2 113 2 54 100 29 44 191 105 82 179 35 78 152 73 36 5 146 131 37 31 167 5 9 146 120 12 104 177 172 33 86 85 105 65 0 24 179 16 80 121 8 55 105 7 20 45 163 12 113 154 193 11 182 186 110 76 145 80 61 166 47
4 7 165 35 186 64 128 145 180 125 167 50 34 27 0 41 54 126 92 113 101 33 50 185 199 91 76 66 80 93 119 153 183 105 155 101 82 14 155 149 90 109 4 180 8 161 74 76 134 71 46 2 144 70 166 193 144 59 181 43 59 142 107 8 129 158 113 173 115 11 87 135 76 181 152 47 115 103 180 3 86 86 133 133 70 143 54 36 78
176 16 35 199 120 49 77 200 172 170 113 136 166 84 121 73 160 90 146 67 174 89 99 138 35 194 11 156 66 85 85 153 41 75 62 85 60 47 6 170 118 40 163 18 103 137 77 4 131 71 69 53 24 162 129 130 70 124 125 181 81 13 130 9 143 1 144 12 138 43 194 134 96 89 161 122 76 174 43 183 71 54 65 135 4 101 32 166 117
13 174 157 178 68 199 135 9 151 143 34 147 60 153 55 168 176 135 52 119 168 85 2 182 24 62 185 177 3 156 0 128 179 116 148 97 53 37 149 31 138 143 1 21 72 63 68 56 22 25 127 161 163 61 145 177 134 170 0 63 169 93 73 9 115 52 130 85 0 157 53 138 56 119 78 86 173 50 102 160 27 170 194 125 98 97 79 158 109
139 42 78 179 54 135 6 1 128 43 69 141 173 77 155 43 100 172 44 15 185 17 41 95 20 151 85 17 91 142 13 98 48 172 52 148 40 40 196 109 109 40 44 103 193 98 69 164 110 2 90 141 169 117 50 97 46 144 53 156 72 146 38 103 136 197 175 41 161 93 0 162 93 132 75 166 24 76 129 69 127 194 71 71 121 109 149 24 3
173 97 149 1 16 166 0 106 27 186 73 53 68 57 154 131 76 172 101 19 18 25 104 40 70 63 132 164 135 153 144 93 86 56 86 191 178 117 76 78 93 56 42 107 103 51 172 92 15 1 175 53 131 3 52 58 50 176 45 163 65 182 17 106 23 66 160 34 6 117 110 82 155 122 86 24 122 185 162 11 77 135 176 84 200 138 122 47 168
116 8 73 78 181 0 139 146 40 195 168 26 172 173 146 19 145 26 107 39 24 138 158 123 139 83 112 164 103 51 178 183 58 153 7 13 43 104 95 75 20 25 87 185 191 133 150 154 187 142 142 38 90 34 153 170 32 103 179 8 8 181 153 165 2 15 1 187 82 22 33 120 28 40 9 67 68 69 37 200 30 174 37 183 126 14 23 13 159
81 8 152 191 121 21 132 54 107 30 56 47 78 83 76 178 195 119 90 66 63 149 148 100 21 126 183 86 68 28 96 35 114 156 67 27 89 89 39 32 84 15 7 25 137 131 27 199 107 119 97 50 17 16 181 3 90 83 148 161 116 111 140 113 194 71 183 195 110 13 151 174 69 161 149 52 8 99 95 33 100 49 114 179 170 27 32 134 112
61 122 192 121 14 3 123 25 132 131 86 144 192 172 129 130 176 196 60 43 143 161 143 70 26 100 5 78 39 69 28 104 143 103 71 115 71 4 184 155 97 127 40 158 33 42 26 199 102 37 32 143 33 86 128 72 67 197 170 35 176 138 109 8 87 195 163 137 173 89 109 82 195 3 25 159 45 199 132 43 127 128 114 55 33 107 167 193 100
192 173 91 175 186 89 36 162 19 61 53 159 14 129 64 80 153 16 37 194 171 140 134 66 143 49 162 156 18 98 67 103 139 194 18 57 29 4 58 133 112 199 124 112 115 54 108 131 145 102 24 0 29 161 191 137 179 157 40 188 134 36 40 30 153 155 145 130 127 144 29 189 4 133 116 0 103 89 191 142 90 106 67 51 106 158 20 32 35
67 21 172 129 106 117 67 98 23 18 141 72 86 83 18 107 177 59 9 26 137 38 174 188 120 22 158 92 43 143 157 94 193 69 87 48 90 118 192 172 69 198 40 181 8 95 183 123 27 168 54 177 98 190 144 146 178 102 0 193 111 168 44 127 159 178 168 111 106 72 160 23 135 105 126 117 104 14 27 159 33 165 75 129 16 79 62 16 47
109 25 166 58 154 11 2 80 14 21 106 22 52 24 10 51 35 98 96 17 79 17 103 52 53 199 187 157 76 181 127 139 172 46 117 69 20 133 116 67 63 161 80 107 102 110 40 178 144 27 194 187 33 195 14 23 155 121 10 133 120 199 0 23 187 180 71 62 101 129 146 147 108 59 2 118 161 177 198 77 14 147 143 91 118 24 28 81 178
10 11 14 73 94 91 52 50 149 156 144 128 80 8 76 8 175 59 113 102 176 101 77 61 119 150 29 34 32 98 18 103 173 41 120 2 111 80 87 83 33 118 199 35 0 155 114 192 135 32 12 30 58 34 170 126 18 62 180 135 102 177 110 162 165 137 69 122 50 181 182 36 148 71 117 43 58 128 105 123 186 12 191 88 91 136 58 38 134
94 46 77 16 110 74 25 122 192 179 182 15 72 147 89 168 115 13 127 79 157 96 194 13 177 107 135 103 152 82 103 166 197 110 20 86 160 181 37 196 144 51 54 0 94 97 115 153 55 166 6 32 87 182 141 187 50 58 106 194 138 110 147 36 119 73 15 152 92 70 17 183 166 19 80 199 154 105 191 160 87 22 26 145 152 138 61 160 72
159 110 6 20 58 155 186 148 25 113 180 53 196 63 51 61 97 103 109 197 27 174 85 43 16 143 32 0 86 94 65 133 104 200 130 159 69 191 162 177 155 94 56 176 108 38 63 48 180 108 111 116 131 17 61 151 196 130 2 38 192 153 79 155 67 1 140 140 84 170 143 104 187 95 84 43 177 144 15 96 76 19 23 119 50 91 129 132 141
7 33 191 14 111 39 34 107 88 41 100 134 111 193 35 145 22 193 11 60 114 196 13 188 93 139 119 132 195 141 99 94 136 188 94 5 9 75 81 76 149 61 179 141 4 117 118 49 197 24 151 196 20 133 70 31 98 17 144 188 158 86 97 194 107 193 110 102 14 134 29 10 4 8 185 200 44 194 174 165 143 149 130 26 99 117 180 144 184
94 121 41 25 84 183 154 163 38 35 159 129 132 175 165 149 17 53 170 198 177 101 154 59 16 91 18 142 33 34 168 183 53 80 82 140 139 65 26 17 166 48 86 108 178 115 102 111 155 110 15 101 125 128 32 66 195 151 97 98 70 178 85 172 194 64 53 59 174 74 184 178 154 130 56 111 180 156 131 30 144 159 8 8 191 82 199 59 53
136 72 33 15 96 163 44 167 136 68 168 35 107 178 27 158 187 188 136 197 105 179 88 183 132 45 33 138 64 125 100 85 6 118 40 154 199 121 127 108 65 111 22 177 71 79 4 193 31 77 190 115 8 46 38 190 91 1 11 50 138 168 129 62 109 83 56 180 7 53 24 174 182 197 28 180 134 75 177 149 39 5 182 167 160 136 9 36 147
119 85 10 111 22 43 83 101 119 13 179 97 19 32 155 15 56 119 136 65 158 39 90 157 102 174 71 194 1 72 51 32 93 103 119 78 161 22 55 199 2 42 2 29 67 11 140 122 111 70 43 180 5 6 157 171 60 129 70 149 128 117 163 82 162 131 87 19 147 186 199 193 185 50 136 103 50 53 70 156 75 165 12 65 114 18 4 105 26
40 176 200 5 176 62 64 134 101 75 158 2 32 195 138 10 199 61 157 169 82 83 199 116 27 94 130 109 129 35 40 183 77 83 72 64 35 81 158 174 99 124 182 173 138 167 185 68 91 49 178 126 14 24 4 67 151 49 47 97 89 100 180 177 176 85 85 119 59 172 111 193 60 66 93 6 53 170 123 184 8 127 154 49 20 4 53 154 32
128 139 175 88 165 89 178 166 74 96 104 26 39 178 77 21 97 98 131 161 32 95 198 35 113 53 6 197 187 18 18 80 104 57 145 148 136 158 89 36 122 102 113 90 37 138 36 142 159 172 75 120 54 63 176 64 124 90 97 185 30 181 82 28 52 22 7 91 75 122 75 76 101 178 125 11 70 200 54 62 126 200 95 88 66 158 167 118 169
84 82 86 52 26 61 92 96 1 105 101 67 123 195 163 16 99 187 102 90 123 54 25 119 0 170 182 140 135 79 197 182 123 68 63 79 153 34 35 5 68 125 112 187 56 151 152 12 178 185 87 72 68 27 22 174 115 145 134 27 24 166 20 14 13 99 67 177 68 158 163 137 33 109 19 176 145 157 67 78 173 27 40 117 84 119 129 154 1
92 122 145 2 23 14 127 62 113 12 170 64 92 63 107 130 152 91 162 36 105 38 130 62 180 122 8 160 3 173 61 142 131 18 117 108 88 109 34 68 23 57 138 137 155 170 200 186 93 9 91 148 150 43 142 191 133 105 144 169 11 107 15 198 127 74 19 193 183 181 156 73 167 73 91 111 79 191 164 131 177 70 141 172 26 191 15 99 160
80 107 40 56 184 24 86 66 166 10 165 115 31 71 23 82 57 170 102 130 73 183 68 103 56 66 4 88 62 84 47 110 160 22 122 141 32 25 110 12 137 87 15 73 166 12 96 188 81 46 65 61 69 141 57 31 139 162 89 64 157 152 65 176 175 187 195 75 117 34 120 109 150 112 181 50 183 80 16 81 61 126 102 152 52 155 57 88 197
2 132 48 22 157 26 16 45 162 118 194 82 31 179 16 139 129 0 9 142 116 104 175 90 156 183 31 90 126 4 161 55 121 28 87 181 28 132 81 5 16 99 136 11 37 149 101 16 174 68 33 173 95 23 64 64 88 120 107 81 57 192 106 118 145 72 144 37 35 185 147 0 155 118 168 162 108 168 94 134 52 78 194 133 31 66 109 137 57
101 27 38 182 182 80 171 129 97 64 78 113 56 150 179 94 121 33 65 36 125 105 140 38 104 125 186 183 179 128 181 155 20 15 2 146 40 185 117 38 22 178 111 116 147 41 34 52 174 68 34 41 111 149 40 80 138 29 124 3 112 200 112 88 120 88 152 117 174 138 30 190 49 52 35 12 149 29 195 120 155 86 17 94 145 192 35 85 70
161 136 84 24 161 84 21 120 131 100 71 189 195 175 94 44 164 33 190 8 111 40 101 87 93 146 148 52 176 122 120 89 177 83 25 194 119 79 75 31 79 2 158 36 172 37 131 146 67 100 100 75 107 165 179 33 182 109 185 120 74 28 162 128 133 59 137 110 23 145 62 129 61 99 69 35 185 149 30 7 108 115 32 173 74 22 78 129 145
177 46 34 0 143 111 130 18 182 44 151 92 157 101 151 135 79 143 128 181 132 24 152 61 97 161 6 106 181 18 119 31 171 19 130 33 74 25 12 194 190 166 86 146 52 39 185 23 144 142 130 130 59 180 57 126 188 40 78 50 86 107 70 195 17 194 49 2 47 152 34 165 119 106 120 7 34 150 66 171 146 200 89 135 11 110 7 80 104
29 53 57 79 174 187 112 107 134 84 58 47 165 122 196 145 128 169 36 51 187 21 114 179 152 80 68 41 166 133 170 175 60 60 41 4 134 95 44 112 112 168 71 184 107 128 85 195 128 8 92 170 139 184 54 191 89 110 135 165 28 127 94 117 176 151 0 105 48 159 80 1 110 145 146 61 57 103 68 29 13 165 197 184 154 43 153 139 19
163 95 51 34 56 95 197 30 128 149 148 42 119 159 103 193 157 86 88 21 82 192 33 97 193 31 155 113 160 142 92 65 173 165 7 38 115 105 127 173 37 44 5 80 24 36 167 28 141 194 28 114 74 115 0 125 17 193 116 106 70 68 55 99 152 27 43 197 17 31 110 115 136 150 116 175 21 23 39 58 142 10 62 82 94 19 107 52 101
187 91 114 106 100 72 138 180 168 59 79 166 174 64 145 34 191 94 18 55 109 20 113 182 4 121 26 158 149 48 28 19 24 39 140 151 97 179 110 100 170 183 149 147 191 42 116 10 65 32 20 159 159 4 189 136 98 23 197 55 168 63 23 47 138 92 29 102 158 75 11 60 68 92 106 23 190 1 111 33 181 161 153 5 55 157 75 32 42
129 59 122 86 5 28 102 168 94 152 199 77 153 65 132 13 50 188 193 79 141 69 91 119 116 32 65 123 117 134 118 93 36 167 151 52 40 101 6 18 186 23 18 64 199 102 100 78 151 37 49 136 134 146 124 40 35 54 185 26 76 10 126 190 42 44 3 127 61 6 92 148 164 35 134 82 173 98 126 6 8 198 126 35 149 85 11 132 45
134 170 32 94 110 95 65 99 72 90 141 102 49 200 173 24 88 98 100 87 145 99 12 133 15 65 48 102 62 136 76 190 196 166 114 92 195 175 92 173 12 176 80 107 79 15 128 148 180 140 87 34 115 139 14 117 91 129 139 27 62 94 12 92 106 134 125 60 125 172 162 167 6 116 175 55 163 195 126 194 182 121 190 191 128 147 87 131 163
157 104 180 48 97 172 126 177 195 139 141 151 114 43 195 36 184 143 86 81 74 5 46 96 76 98 150 91 98 79 60 157 194 94 161 139 44 185 138 154 164 151 17 95 70 146 4 16 59 103 8 62 186 126 110 58 137 93 61 165 37 169 55 137 84 139 84 5 79 89 186 87 170 72 191 32 6 198 57 98 35 168 188 114 181 35 79 32 94
175 49 85 148 41 68 120 61 46 99 78 146 102 68 78 38 164 152 177 164 168 125 118 52 164 151 28 74 121 87 19 26 59 92 193 88 51 26 26 5 179 127 14 115 43 117 37 117 45 154 148 72 137 69 96 13 109 93 141 191 27 3 128 189 31 140 195 121 74 26 69 34 13 52 51 64 171 63 136 10 73 101 71 54 31 73 189 164 55
131 26 123 109 82 91 170 44 45 57 97 168 44 41 92 44 55 91 12 39 60 187 76 65 52 147 55 4 136 103 90 26 106 97 160 116 14 144 135 11 88 9 143 177 82 66 81 115 58 40 108 21 10 89 145 83 135 164 94 29 185 88 49 72 53 32 149 91 33 34 80 163 13 47 6 71 10 86 102 153 112 88 38 68 143 124 158 128 69
125 3 167 194 50 20 104 67 117 54 62 160 147 198 0 141 72 138 22 168 120 70 130 14 13 197 26 156 95 13 36 70 123 173 157 5 121 5 149 47 146 35 152 189 154 178 38 165 194 67 57 142 80 197 196 190 102 30 1 101 166 13 151 99 178 105 36 141 186 162 78 46 21 152 98 10 22 128 18 169 167 98 107 12 43 88 43 188 114
133 75 180 19 39 168 18 122 199 81 120 50 29 100 195 47 153 107 7 146 116 27 93 170 103 200 96 191 94 129 33 121 9 131 184 102 194 132 187 193 184 159 168 21 80 125 49 73 197 138 183 169 182 136 23 146 59 20 24 133 76 200 143 194 161 194 107 172 33 140 39 134 10 85 84 129 1 26 66 174 110 136 184 142 104 178 5 171 116
126 133 128 81 77 163 149 92 27 107 169 124 81 197 103 27 47 59 122 120 170 62 34 180 179 33 37 3 147 109 67 199 114 0 195 150 90 1 173 177 150 96 43 75 20 91 141 47 173 98 138 43 52 95 175 91 44 170 4 57 116 146 193 11 92 81 102 46 40 107 21 33 119 171 38 93 195 110 62 158 75 68 147 151 55 155 14 72 178
22 35 57 175 157 165 89 178 173 23 182 36 56 175 30 115 12 192 115 147 188 172 68 161 34 190 70 47 195 56 185 108 135 122 99 77 147 165 56 91 86 91 32 58 67 78 77 184 102 176 177 102 18 125 189 119 0 104 50 168 34 44 57 45 76 139 131 186 81 8 106 187 130 90 145 104 100 14 197 49 80 16 177 73 92 183 199 59 45
92 148 114 137 23 169 18 71 78 165 70 169 63 182 130 152 16 200 77 18 129 80 77 7 8 196 119 157 164 120 78 55 145 23 45 9 68 147 139 156 121 74 4 37 32 191 143 39 40 182 184 128 200 19 60 196 116 30 152 17 121 159 54 73 145 144 16 63 157 123 31 198 137 121 165 23 4 27 20 41 179 108 31 118 120 191 19 161 108
122 37 86 140 165 75 127 142 21 195 113 133 35 95 126 79 74 20 121 47 53 116 7 115 25 45 63 181 111 153 50 69 0 45 59 119 200 151 163 23 78 5 15 148 71 24 158 153 89 31 2 28 66 89 1 22 81 153 138 152 98 16 131 8 165 194 113 114 113 183 63 105 92 119 30 16 9 149 112 144 19 104 58 103 132 78 74 113 34
130 36 59 135 68 117 8 121 84 111 167 67 169 158 32 122 35 63 62 66 36 8 92 143 124 185 70 153 144 17 124 144 69 182 154 182 156 0 82 83 0 169 35 139 169 150 20 180 28 33 191 7 104 130 120 180 67 19 166 199 38 16 151 111 115 123 198 171 97 124 189 62 103 81 67 192 193 172 133 135 86 141 66 59 11 155 120 193 88
27 57 194 120 86 167 70 195 174 175 108 134 99 128 36 81 57 38 11 1 104 147 16 20 75 86 126 156 97 145 21 192 160 180 189 173 2 145 8 152 23 197 99 74 87 67 140 65 77 162 186 196 158 169 67 5 67 142 66 11 2 157 50 171 58 175 11 31 85 62 62 94 20 0 190 50 174 14 165 88 173 198 166 193 144 48 29 22 126
13 140 182 151 57 19 13 39 200 150 55 188 158 160 26 179 84 134 0 19 88 156 39 20 98 67 73 114 200 22 132 76 127 141 116 153 41 149 6 105 101 101 64 150 108 143 67 146 115 117 102 82 54 31 86 30 154 143 144 36 41 57 29 117 178 123 51 170 124 8 73 145 139 81 25 73 73 116 156 116 58 27 105 108 71 160 196 137 17
90 108 136 49 39 4 170 28 99 80 8 119 159 93 45 92 89 188 148 164 81 199 134 143 177 1 120 197 120 150 177 43 174 189 74 149 179 126 155 50 197 138 170 76 35 140 133 39 42 66 99 34 29 139 63 156 128 116 129 52 135 47 51 164 15 70 110 25 72 190 39 15 196 111 168 102 173 159 150 147 51 49 109 109 77 144 159 104 108
132 179 26 87 147 40 35 71 81 17 2 99 111 141 125 135 142 122 166 93 37 98 173 178 90 107 150 116 64 166 120 36 62 12 162 131 42 35 101 58 106 86 83 190 153 169 131 74 102 89 95 13 2 70 89 92 115 127 89 165 101 42 165 186 92 38 25 148 109 170 163 23 73 143 64 19 160 107 6 31 32 11 44 11 29 132 113 15 76
97 184 81 37 139 7 3 167 79 60 89 35 164 183 170 62 97 83 88 111 167 123 11 57 177 181 59 180 19 184 91 18 124 122 196 83 15 116 184 56 18 107 148 80 48 73 29 100 73 186 142 171 200 47 33 106 106 14 176 33 19 72 171 25 59 29 172 153 33 136 153 101 65 156 123 191 85 46 73 117 139 60 161 70 88 62 59 173 173
27 122 3 83 177 199 160 117 93 159 95 99 21 34 151 33 175 168 142 66 87 144 54 65 135 116 127 108 180 65 49 8 78 49 125 165 14 27 117 42 138 50 166 117 183 76 33 62 159 47 15 190 79 116 33 183 157 127 65 4 78 194 74 77 38 36 134 69 113 180 114 196 81 80 139 134 86 148 56 139 143 145 154 23 144 106 55 64 97
170 97 175 77 88 4 168 164 166 64 58 111 66 15 185 16 32 123 150 166 35 21 98 128 11 146 121 70 156 20 143 122 28 100 195 48 50 8 27 142 4 29 103 31 43 3 12 184 168 99 38 126 114 80 57 155 36 199 12 139 41 195 159 90 175 90 64 6 122 87 40 105 47 186 144 151 196 156 186 16 167 109 198 72 42 112 94 5 167
133 187 53 199 54 39 199 169 92 159 57 76 83 29 29 93 16 116 31 29 106 19 77 145 54 126 35 184 46 86 77 6 62 153 6 121 68 69 105 166 22 58 5 48 39 78 110 41 147 0 147 79 17 173 129 73 85 133 9 138 141 53 191 21 166 55 85 1 138 41 74 156 18 193 111 160 27 71 3 61 47 138 186 158 129 125 152 12 124
158 22 8 3 150 143 0 101 155 99 113 129 136 71 166 36 49 83 184 147 114 55 20 65 79 117 188 152 160 85 177 66 37 85 89 182 43 22 195 144 38 1 180 35 143 186 125 37 80 22 164 143 160 53 83 45 180 195 161 130 14 173 46 48 59 141 197 2 62 114 12 92 45 106 25 184 91 123 173 26 89 198 130 167 129 112 200 38 97
5 22 122 66 71 22 134 178 92 48 98 187 107 47 29 7 16 141 62 158 188 158 89 145 2 117 12 54 155 68 132 16 192 198 140 106 185 194 64 87 71 77 81 103 133 15 153 15 143 13 145 57 71 129 91 77 141 122 113 70 137 99 85 88 68 114 40 48 84 154 32 89 176 188 96 45 59 183 125 190 21 132 147 8 64 104 164 106 80
114 153 35 75 21 44 79 5 74 94 71 61 173 59 1 60 57 192 133 185 162 66 85 28 1 132 4 134 63 49 76 179 29 51 145 133 29 89 10 35 21 107 192 175 190 40 109 176 194 110 50 146 45 57 86 108 194 157 67 165 194 105 58 118 168 142 1 75 192 50 122 84 107 141 107 29 107 185 105 153 145 156 79 48 153 179 97 133 177
41 127 48 71 117 119 73 98 24 125 123 134 101 198 169 91 33 139 10 87 173 196 7 106 175 23 183 39 129 111 125 175 53 78 118 128 123 75 43 59 171 57 122 151 36 77 96 175 33 137 182 127 22 155 6 61 41 198 79 177 53 6 118 35 48 86 198 136 137 121 50 79 57 78 102 165 39 78 63 151 36 22 32 165 65 129 40 159 122
154 43 144 149 195 9 144 162 100 50 145 175 81 157 100 163 115 49 11 2 122 1 105 137 56 5 106 48 70 139 42 186 188 86 184 166 88 23 163 170 3 65 161 86 60 18 162 193 149 83 106 15 193 48 4 34 117 141 30 114 43 99 31 139 140 103 46 121 30 58 60 79 88 148 55 32 12 90 126 124 133 50 82 166 198 100 108 6 29
175 199 64 57 9 52 42 182 105 111 158 27 149 17 61 75 50 104 8 103 47 59 65 83 183 198 27 107 8 159 115 132 138 2 23 177 110 154 60 129 188 123 64 179 125 32 175 74 182 49 196 86 149 1 133 182 130 8 108 93 124 76 143 176 14 173 157 187 23 60 0 43 13 194 46 40 191 92 70 12 2 135 39 63 12 75 114 195 26
189 149 106 45 97 129 160 114 139 13 122 112 86 69 93 42 107 140 119 198 153 170 115 34 60 45 15 60 195 7 106 32 73 140 40 50 114 168 163 15 135 61 81 197 131 47 106 117 173 2 197 22 95 192 167 12 80 0 98 64 17 178 158 196 176 135 54 110 110 146 29 161 126 189 85 67 168 197 19 28 131 173 192 171 188 188 11 34 20
67 16 40 155 43 87 71 65 76 161 171 164 126 124 69 124 176 148 174 155 130 182 103 142 125 129 27 49 14 177 190 6 84 78 115 172 42 30 21 197 59 84 179 111 29 6 64 135 123 171 167 121 48 91 137 39 7 147 69 105 107 14 32 200 65 44 167 116 158 168 107 157 38 191 52 1 55 128 155 78 61 31 147 134 16 27 35 124 3
86 178 64 52 97 136 65 20 100 153 129 156 180 140 161 74 182 111 118 174 195 7 84 73 134 32 153 56 100 150 17 188 47 60 1 23 121 0 48 108 195 135 101 139 21 174 138 132 11 52 130 67 51 187 149 7 94 112 103 135 132 83 34 192 188 161 88 170 87 171 35 194 170 112 128 54 21 181 80 16 10 102 7 98 71 98 93 67 90
78 177 21 87 58 176 103 122 162 39 99 7 171 146 137 120 35 104 149 152 71 191 198 162 118 18 98 131 169 6 183 104 169 100 67 196 20 177 186 160 162 182 93 13 172 42 134 40 112 10 96 135 8 124 87 107 41 45 196 1 197 17 95 157 195 2 4 81 18 105 158 99 182 163 193 22 181 121 160 53 132 93 146 64 148 97 200 72 166
134 161 166 40 48 191 176 87 156 146 187 155 7 111 126 86 88 140 153 181 52 168 50 42 198 21 31 189 164 154 39 2 170 91 108 102 47 125 183 165 14 162 91 133 55 48 34 144 82 53 114 61 148 146 42 123 76 173 0 131 148 72 149 191 144 172 11 175 160 169 162 22 106 59 136 149 190 189 132 67 196 4 65 77 140 56 147 31 37
46 82 100 173 190 121 31 60 29 99 190 111 1 37 131 89 69 78 52 28 134 165 41 101 107 198 159 146 136 14 61 149 191 145 39 93 119 183 155 93 45 179 121 120 70 6 136 152 67 61 6 196 4 16 136 170 113 92 134 117 185 73 123 63 57 94 121 150 42 19 149 108 29 91 156 194 158 86 48 71 43 151 152 21 16 149 153 64 92
28 189 118 118 129 119 78 181 199 58 28 66 180 136 149 196 83 194 0 149 100 195 29 156 149 94 47 68 90 107 127 65 184 23 176 135 139 177 172 54 124 43 166 2 82 194 146 179 11 101 45 77 65 48 116 5 169 193 169 182 85 94 144 17 187 55 155 114 182 75 91 171 143 141 172 10 199 101 57 68 23 48 6 7 53 170 128 84 23
118 182 148 158 188 82 146 194 50 62 144 64 119 36 53 84 101 94 148 33 75 74 89 93 167 44 74 89 90 48 87 32 124 129 154 159 140 123 88 189 14 16 131 155 168 28 14 72 147 58 14 21 30 181 35 55 115 62 101 107 35 57 16 72 133 159 71 22 59 71 117 113 127 190 23 108 10 126 61 98 117 26 43 37 116 84 173 104 126
163 176 90 142 159 160 122 101 70 15 74 137 131 187 59 120 109 188 46 44 126 115 197 165 129 162 182 63 1 176 57 57 87 60 109 49 132 140 135 20 169 51 14 93 58 25 153 193 126 167 123 17 105 165 47 16 12 142 172 156 10 45 19 103 83 82 126 127 64 49 90 12 152 10 120 68 77 148 64 166 189 3 126 69 33 185 148 157 188
186 190 142 76 42 50 34 4 29 108 95 171 165 159 28 105 132 28 146 39 11 148 115 23 124 184 93 178 20 78 108 45 160 86 118 170 75 182 185 76 85 54 84 151 143 34 151 11 21 179 15 165 39 51 186 3 171 130 117 180 98 162 142 57 103 195 157 2 120 181 100 29 72 33 65 25 99 100 82 57 20 137 184 97 70 26 22 24 168
138 64 105 1 157 139 18 22 46 112 13 105 107 148 67 41 37 79 116 95 194 5 103 61 114 38 99 182 181 148 54 55 32 9 17 105 156 20 36 199 56 122 69 57 104 101 111 76 177 168 102 196 181 177 0 169 38 11 120 46 154 34 188 59 98 27 93 107 128 110 199 71 158 119 95 65 169 53 37 115 182 171 153 187 28 46 46 121 21
72 57 130 193 93 167 125 164 12 188 53 184 9 163 41 28 154 0 18 74 25 127 144 124 0 138 199 53 147 49 9 67 115 91 62 70 178 199 27 28 190 1 62 161 130 173 7 126 112 142 127 142 77 146 5 51 139 91 11 29 140 93 157 119 17 86 20 145 47 70 51 21 194 170 188 162 152 148 193 67 121 149 17 144 43 146 174 105 26
2 145 79 20 50 28 120 151 153 151 4 3 34 41 195 4 64 85 166 92 63 126 180 81 185 133 5 118 173 131 38 43 194 146 112 167 193 49 52 19 15 63 77 109 43 125 24 114 48 128 102 88 13 37 88 117 178 84 29 38 103 115 77 42 60 136 200 52 115 79 15 13 33 192 49 49 80 21 123 76 60 58 147 58 75 37 132 6 95
185 188 182 200 80 95 158 158 164 155 50 173 188 21 137 41 121 186 24 150 29 38 162 145 60 43 184 45 57 114 106 71 48 124 179 132 68 135 97 63 1 81 119 197 106 104 143 151 157 39 39 73 156 70 84 171 2 26 193 130 80 154 11 152 153 174 65 56 87 146 132 7 42 109 133 140 78 122 169 142 140 96 135 187 113 200 102 168 42
149 45 18 94 184 71 8 197 179 137 106 196 38 84 113 56 44 2 130 133 146 148 44 188 21 159 137 127 60 103 35 124 141 190 15 91 56 47 145 3 66 100 43 91 129 125 172 31 21 93 124 37 128 147 26 129 114 130 139 66 37 82 23 28 70 74 112 169 96 161 58 110 189 181 59 180 144 119 103 155 43 118 96 154 22 26 2 69 12
200 2 137 8 138 183 118 71 55 193 104 54 149 7 121 181 181 103 95 35 114 177 178 155 178 178 44 20 125 155 154 62 84 7 188 11 15 171 177 123 103 176 21 113 143 49 107 81 156 1 111 32 138 34 115 81 131 114 177 8 145 39 34 126 64 138 160 193 55 111 5 39 11 16 70 110 105 10 116 101 164 162 100 196 43 108 36 136 104
0 98 190 184 182 65 5 81 123 184 142 36 100 152 110 52 141 181 159 85 149 108 92 158 183 14 73 18 19 77 8 135 4 140 80 69 52 82 87 192 54 103 78 156 49 88 77 145 35 168 2 166 66 157 196 186 24 104 137 124 158 10 10 129 50 15 26 52 26 126 24 137 158 158 35 79 134 62 6 18 1 46 174 176 48 39 157 161 84
164 186 128 68 155 8 6 192 165 195 120 6 117 190 118 64 122 194 25 107 111 78 198 117 117 184 6 117 92 131 133 118 37 2 46 9 183 58 92 51 70 159 194 21 77 44 196 82 108 192 139 129 158 43 70 180 132 154 61 92 68 147 150 114 150 70 171 110 118 128 66 29 142 15 48 13 0 145 88 166 129 60 183 82 62 176 114 150 100
103 192 87 40 26 80 126 189 76 44 181 180 6 51 45 99 186 117 191 91 135 103 53 199 20 170 49 22 114 138 176 80 135 159 169 16 179 179 51 84 17 15 99 194 26 193 94 106 148 105 183 183 11 32 44 19 157 109 55 92 190 122 48 154 75 16 130 39 79 40 52 72 0 168 22 37 196 98 105 98 182 166 54 36 14 146 137 182 143
63 76 192 31 129 120 108 82 114 68 176 59 19 105 199 60 124 175 198 191 89 106 134 42 56 57 126 196 194 118 35 24 151 128 3 23 70 101 18 199 14 0 65 154 69 156 77 199 184 118 148 61 11 16 116 135 60 82 117 33 72 1 97 58 138 11 177 1 92 135 182 195 130 191 103 95 70 155 32 153 132 151 135 166 139 45 171 182 104
101 42 176 48 109 162 172 162 24 154 125 178 198 130 54 36 170 55 198 129 121 181 30 34 180 190 193 189 86 3 16 55 131 170 133 94 21 106 110 197 76 25 104 112 13 62 94 90 56 49 180 150 52 3 17 189 3 125 140 102 130 96 34 73 148 42 194 143 121 165 99 120 158 102 41 27 146 197 49 178 94 116 140 3 87 185 134 43 110
31 146 11 181 52 133 148 27 159 4 7 143 133 123 113 69 177 124 159 17 161 122 149 77 174 128 95 65 29 136 27 109 103 82 127 80 152 168 84 99 78 17 119 42 158 137 150 180 149 135 182 77 54 163 196 59 31 15 100 105 110 179 169 139 161 189 93 140 11 1 98 33 160 22 131 140 176 150 141 104 54 142 186 157 67 172 170 70 79
139 121 55 189 54 126 155 200 132 128 72 109 95 120 157 2 93 67 100 41 51 149 65 25 14 38 174 106 192 114 146 75 75 124 79 137 169 184 54 93 183 89 11 129 44 172 105 107 71 167 158 181 160 1 153 184 147 113 63 81 88 9 140 36 151 45 109 95 96 110 179 103 101 145 10 122 131 109 136 178 49 128 43 112 53 60 152 145 172
34 78 195 79 103 112 82 47 187 193 71 77 1 120 186 115 177 119 52 59 63 26 139 38 77 176 14 186 16 197 113 36 172 139 184 81 180 32 192 112 0 28 66 22 78 100 189 199 45 113 176 133 55 20 45 20 88 152 90 115 110 193 26 96 67 171 173 165 136 26 62 185 143 29 173 26 119 19 164 83 105 152 37 83 183 193 200 46 43
76 14 134 80 67 46 128 143 159 75 104 50 54 39 149 104 76 101 113 55 182 59 72 84 164 29 100 152 88 176 117 114 181 174 4 143 42 162 22 169 195 108 164 13 176 176 52 61 190 154 120 116 21 136 198 174 192 42 196 77 62 126 174 167 105 93 66 3 198 178 80 80 150 145 88 54 179 123 88 101 93 180 141 187 160 61 106 26 8
165 142 3 171 136 39 113 130 26 158 105 16 89 64 156 155 40 193 137 23 113 24 83 168 178 11 14 75 34 68 26 96 61 32 62 62 127 9 23 192 162 65 68 166 17 56 54 182 27 66 101 166 91 105 47 101 165 196 136 125 119 175 189 139 95 5 171 186 194 153 25 100 35 60 172 191 101 48 164 62 144 199 87 129 139 57 81 72 119
195 80 137 41 125 86 7 58 43 86 76 102 105 118 148 94 190 45 136 85 86 141 142 3 31 87 95 162 191 77 176 85 89 77 99 93 130 17 108 138 76 174 81 9 70 24 92 7 180 124 96 111 72 90 127 200 161 69 94 43 144 181 34 90 74 111 121 158 169 65 87 155 18 83 144 73 170 100 53 133 157 88 56 79 31 194 19 28 56
32 186 112 171 10 9 77 180 52 1 118 190 62 74 34 130 71 91 42 139 159 123 193 31 124 157 47 90 166 59 96 70 54 164 139 59 176 50 96 148 35 48 133 16 3 130 15 50 96 184 70 189 46 32 118 182 33 173 50 53 187 104 116 37 72 157 65 188 81 94 8 55 45 129 58 23 140 159 138 75 173 161 84 9 62 6 73 66 122
159 75 48 104 146 168 11 129 157 170 159 194 159 52 121 98 121 70 157 68 75 58 43 68 153 81 21 9 130 35 5 32 13 129 102 139 191 32 113 190 96 17 152 111 76 112 32 129 158 81 14 140 16 179 13 44 170 112 140 164 46 111 81 165 120 30 66 87 190 151 6 136 68 37 91 124 163 15 81 31 183 6 74 146 167 130 28 199 195
153 122 76 43 130 31 85 28 120 24 144 2 70 188 141 77 72 180 31 58 69 6 28 25 196 195 152 49 44 0 152 86 111 50 117 118 79 129 57 87 181 3 137 130 198 47 17 166 174 104 168 148 31 171 25 86 19 17 170 114 143 140 20 133 48 8 37 14 85 103 66 145 109 71 48 82 23 149 47 17 59 31 150 169 57 4 137 186 18
79 13 10 40 90 92 46 69 76 148 1 54 33 109 96 81 91 149 87 181 57 27 155 64 1 142 39 139 50 39 21 123 102 38 62 13 69 130 101 89 98 79 97 179 174 149 33 15 111 152 57 160 163 121 189 3 190 29 187 164 53 139 119 169 113 63 108 66 118 26 108 25 69 31 197 136 119 24 47 144 156 13 145 110 111 68 34 171 171
