18
174 17 80 56 138 52 47 109 135 20 189 187 17 33 63 69 158 81
199 14 194 44 166 144 99 46 86 137 172 85 15 117 195 181 173 56
9 93 19 119 91 131 70 7 105 77 155 124 94 154 171 113 191 124
165 145 76 124 48 37 0 155 166 48 56 6 200 160 118 178 84 185
9 50 75 124 40 96 131 56 108 39 100 62 182 172 180 52 45 89
195 89 46 41 86 190 12 5 56 134 121 70 63 48 152 191 135 30
44 158 36 20 116 152 119 60 62 144 111 97 23 56 170 47 78 128
12 72 39 46 84 78 61 95 67 25 178 47 10 151 12 26 185 94
64 139 39 0 22 168 25 195 3 129 10 83 91 11 45 69 6 175
10 90 65 112 184 73 136 165 73 75 8 187 32 162 36 76 170 102
54 78 58 80 162 164 166 115 128 90 184 32 126 27 92 95 93 29
52 111 32 151 91 57 148 134 60 134 60 40 150 59 165 86 172 85
53 38 13 141 26 22 106 177 29 29 120 15 122 48 120 19 143 103
36 171 24 148 33 37 16 121 152 70 11 38 172 1 22 79 174 55
96 47 51 147 153 187 29 21 33 154 112 46 99 155 117 114 17 2
181 104 175 107 130 137 160 96 144 6 170 2 86 87 115 177 18 111
48 136 65 185 18 171 93 108 49 79 172 180 0 120 88 53 187 183
73 92 21 190 105 126 22 27 128 128 34 34 80 120 155 68 55 6
