54
144 192 161 102 72 94 185 122 76 149 165 30 3 119 68 187 196 113 195 116 64 161 46 77 17 82 72 52 185 59 140 8 16 61 156 100 163 52 7 154 126 131 82 153 52 153 49 113 98 153 13 25 63 1
18 30 143 170 136 10 164 172 183 7 170 180 45 59 40 8 43 28 142 10 70 94 54 74 77 51 1 176 124 66 69 108 45 1 30 162 120 79 119 111 51 179 1 141 82 63 21 168 157 193 166 181 78 184
45 121 80 50 97 179 95 109 112 114 129 191 10 164 198 160 101 129 80 149 199 188 29 38 23 163 198 91 157 144 41 25 124 180 103 10 135 11 68 53 177 82 5 199 86 53 171 3 125 15 159 52 88 189
102 11 108 52 113 78 114 167 193 20 5 58 174 150 123 108 156 14 144 142 73 156 190 151 88 184 7 48 192 58 30 1 133 115 193 97 122 10 25 6 125 113 141 189 127 160 81 84 97 100 108 139 161 61
0 123 115 195 110 190 82 127 70 197 50 7 36 84 19 102 182 173 32 39 101 133 75 66 25 87 2 83 76 198 142 76 83 43 163 24 166 68 113 158 92 42 151 4 162 47 39 117 128 153 115 28 111 143
83 32 78 169 170 75 162 127 14 32 60 13 136 70 131 67 50 110 123 173 25 91 51 157 68 96 34 98 57 134 163 94 62 195 11 7 18 200 113 44 18 49 14 178 86 145 120 35 108 56 151 192 44 44
50 27 198 141 137 189 88 49 7 173 23 9 180 160 138 149 67 52 83 25 99 64 86 151 145 146 17 47 163 96 181 52 164 37 65 103 82 34 190 77 90 161 73 31 24 200 25 121 177 96 155 74 111 150
33 40 43 156 172 175 192 42 10 68 14 83 173 100 69 137 46 123 150 83 94 101 105 54 58 100 104 61 64 131 138 128 148 19 27 21 177 74 113 35 45 54 152 161 141 171 143 101 141 109 150 63 20 17
118 37 84 0 181 85 89 35 98 124 63 111 116 92 150 156 68 116 34 176 102 161 138 73 79 5 139 43 115 112 127 93 71 195 172 32 164 178 139 105 38 82 110 143 91 196 79 107 62 118 29 123 18 33
67 18 139 104 155 91 188 22 82 151 156 106 57 25 92 14 126 70 147 101 180 144 95 138 107 147 179 82 90 95 23 55 131 55 74 50 65 121 92 192 42 105 177 144 150 195 127 107 117 36 107 167 155 15
55 115 43 97 110 142 176 77 18 81 81 23 70 6 25 47 10 22 167 200 152 166 150 67 117 75 161 173 19 147 103 166 18 11 3 133 2 63 152 185 155 41 0 40 27 48 2 118 143 146 131 143 63 21
23 130 140 45 188 120 194 104 31 65 99 119 71 6 100 108 153 148 151 181 102 117 116 125 8 85 95 92 74 95 99 30 101 163 161 126 183 100 108 161 110 93 100 136 4 36 22 179 14 127 35 82 74 26
171 149 96 40 153 109 68 64 42 110 34 176 43 114 125 1 41 144 44 124 86 98 188 165 82 12 111 108 163 76 48 177 31 26 190 144 114 139 169 160 44 135 45 101 151 25 11 175 155 84 196 88 35 164
8 58 155 14 138 124 131 97 66 22 167 9 83 65 51 48 50 125 27 167 167 92 170 85 160 66 43 171 65 103 131 52 18 104 11 5 103 17 28 163 94 54 200 79 195 9 45 64 139 127 193 128 169 131
45 26 114 92 197 98 176 60 66 1 118 135 188 101 110 153 90 17 77 181 144 105 145 188 18 69 151 174 41 187 98 11 100 60 123 76 83 107 191 96 107 58 181 40 135 72 157 111 118 114 61 8 38 62
186 51 153 36 81 67 102 110 199 49 96 64 131 166 131 182 157 87 139 176 43 41 148 75 192 168 79 151 3 157 81 137 49 145 85 100 36 20 28 52 141 185 199 101 34 108 178 15 54 162 20 84 91 55
47 95 199 69 55 131 191 141 33 187 156 48 64 167 190 103 18 92 140 31 189 152 113 91 180 40 74 197 81 93 104 180 126 109 180 56 183 77 26 146 125 85 160 146 65 168 171 68 142 136 30 29 55 11
157 168 93 9 81 36 15 27 15 66 37 8 75 69 73 63 190 110 31 107 152 90 17 190 161 121 106 107 80 115 68 139 163 145 100 5 106 75 10 18 59 101 145 146 162 77 120 83 55 185 66 146 43 54
79 195 79 180 73 87 69 196 25 6 107 0 33 99 84 43 6 19 5 81 14 27 199 149 83 13 122 188 135 198 137 167 150 98 46 18 43 153 92 85 93 19 44 155 69 46 147 87 156 147 197 120 92 57
198 200 124 79 6 93 187 50 161 66 67 27 173 2 175 92 75 105 115 179 62 79 160 37 8 47 101 110 9 131 19 90 62 47 168 134 152 14 99 130 176 87 14 150 28 47 112 78 74 172 36 54 94 156
100 167 36 52 18 150 44 98 121 172 153 167 4 119 181 97 155 37 55 177 152 44 155 23 135 162 24 197 65 117 105 3 92 200 48 18 193 98 22 109 138 58 44 111 5 154 19 179 41 171 188 166 88 79
27 18 189 19 191 132 5 134 6 178 51 193 11 182 187 91 159 46 9 181 42 1 140 150 90 112 104 127 32 85 3 106 178 24 127 192 87 115 46 65 181 19 174 94 136 42 33 94 163 16 158 175 83 157
169 144 181 115 153 172 64 37 126 124 23 105 192 177 128 43 41 86 56 175 186 136 88 79 43 5 105 78 114 4 198 23 92 2 176 146 77 135 160 193 107 93 113 136 60 99 178 34 41 167 151 53 1 156
89 38 59 56 192 15 97 161 11 17 97 44 1 100 77 166 62 82 54 6 9 192 84 160 30 68 55 141 48 64 112 164 157 30 26 34 148 4 165 73 156 148 13 125 27 83 17 108 177 161 2 150 77 139
140 80 107 109 56 105 32 64 68 30 92 177 175 191 94 139 175 129 28 97 18 195 186 6 30 174 64 35 11 103 200 90 101 19 57 12 15 129 69 178 192 17 113 52 31 147 112 91 15 134 183 11 68 29
37 34 2 112 123 121 25 72 101 179 137 114 30 92 183 161 169 169 10 132 53 197 90 36 137 26 34 29 86 96 52 179 61 154 6 194 170 197 58 18 82 100 193 0 157 163 0 194 59 193 58 27 191 16
73 94 139 72 98 28 71 168 92 12 153 180 29 73 58 118 63 153 65 122 163 90 31 36 155 118 174 108 166 172 190 139 76 31 117 190 181 64 167 107 0 172 195 195 73 76 195 57 117 188 169 181 35 177
100 172 103 65 4 123 141 91 20 44 164 161 166 181 179 99 121 18 106 66 185 135 50 52 142 189 41 64 113 28 110 160 119 101 172 92 20 195 23 30 47 189 157 7 51 145 8 142 182 78 89 151 12 164
153 49 0 118 83 197 47 2 195 24 6 191 70 148 38 71 186 92 122 14 183 38 101 107 139 158 10 25 40 184 102 142 117 125 182 184 154 9 74 196 194 49 194 163 68 171 29 42 139 166 108 85 92 61
147 43 23 196 40 188 19 83 85 130 109 103 15 120 60 71 43 107 129 197 76 185 65 121 12 110 36 127 130 179 117 100 145 183 159 160 177 98 194 178 142 96 46 116 26 65 159 173 123 88 126 13 43 138
42 98 119 46 70 88 119 73 114 184 77 97 103 185 120 134 121 200 57 18 123 95 91 121 199 160 174 157 1 78 146 109 149 186 96 168 23 38 31 139 47 64 36 167 88 196 7 64 147 48 77 9 135 131
60 134 186 151 87 1 161 92 56 129 109 69 21 92 118 143 18 157 79 42 158 32 56 82 148 150 56 38 136 44 80 27 18 104 132 109 89 169 184 74 120 188 110 188 0 159 42 145 76 29 167 25 94 2
84 15 195 152 180 24 21 122 41 117 188 175 193 185 42 91 9 188 91 177 123 102 198 158 2 92 49 112 153 125 126 110 70 30 99 175 131 192 98 69 64 79 123 177 106 145 104 78 195 165 159 138 0 84
42 149 97 141 169 134 197 155 20 151 2 134 87 154 39 18 20 86 68 171 18 33 106 153 18 104 81 51 59 150 16 127 20 79 12 183 87 186 108 130 70 42 146 132 137 68 197 180 194 187 60 196 121 152
153 142 154 177 55 114 187 185 27 88 88 90 70 26 75 8 197 184 1 184 20 104 141 175 75 17 192 32 38 122 175 100 117 84 99 73 133 1 139 101 133 32 24 41 186 143 189 177 73 157 83 11 84 44
142 85 172 97 160 18 124 110 148 96 32 91 151 192 42 124 102 73 176 177 95 140 70 140 104 88 161 196 12 158 18 20 182 58 41 142 89 52 128 25 99 107 36 34 155 167 154 20 75 110 23 147 21 168
163 125 190 16 30 22 164 59 144 52 170 117 35 23 9 69 10 29 155 139 142 40 109 95 132 180 89 77 52 38 72 117 116 16 98 171 100 200 57 48 8 125 185 115 20 37 6 93 188 60 125 16 1 102
108 1 194 33 200 181 43 113 156 18 27 143 146 163 23 174 63 69 105 117 18 156 67 199 5 119 87 24 160 83 57 2 41 194 141 17 20 144 6 1 56 10 0 148 188 35 6 172 98 58 22 20 116 153
49 155 65 198 11 184 82 103 93 176 28 55 16 116 199 91 9 105 145 62 15 75 1 32 128 80 117 60 1 129 162 144 69 78 76 97 133 47 151 33 41 175 21 75 117 46 124 149 17 107 5 123 132 64
163 15 94 153 116 160 22 153 138 31 199 11 36 79 2 81 23 33 136 25 60 79 146 196 81 76 99 126 115 35 33 177 68 61 20 120 104 133 198 135 128 177 49 20 155 134 167 192 70 30 36 108 0 48
75 21 28 36 117 64 177 42 25 164 128 153 7 191 64 95 7 125 102 61 151 40 191 36 136 57 74 63 158 132 154 190 179 94 9 106 11 123 33 131 190 187 108 50 10 21 156 193 20 77 142 110 109 74
100 182 8 61 23 170 69 61 167 4 171 76 28 80 143 106 116 75 172 170 168 195 25 1 120 144 68 108 102 12 47 63 82 176 87 122 81 152 154 3 61 140 182 42 88 87 184 63 40 101 193 97 105 199
0 12 122 44 118 196 134 172 1 161 51 63 89 129 195 58 30 174 18 115 187 85 102 94 118 132 41 5 78 172 194 51 82 34 156 149 82 188 116 165 32 41 64 168 0 169 49 176 10 132 89 46 76 42
36 196 156 113 115 0 41 47 26 88 125 50 145 75 85 109 13 32 198 111 159 152 145 16 109 120 143 168 99 91 20 146 172 53 132 177 134 5 98 118 185 123 20 116 156 9 0 176 121 115 77 86 65 181
59 105 167 133 86 161 130 83 151 148 17 194 147 11 26 52 34 56 55 110 165 162 77 24 85 90 129 97 91 114 94 194 4 146 7 41 191 162 41 98 52 142 64 94 53 115 50 173 33 136 27 143 87 179
110 45 75 105 135 21 53 98 30 97 130 192 22 58 168 174 185 42 46 105 128 15 47 118 134 23 171 97 145 21 59 56 114 132 50 193 133 126 155 185 41 16 200 179 35 89 76 187 81 173 78 55 50 5
98 127 40 180 31 156 151 103 154 189 30 0 172 175 17 143 81 65 179 16 170 101 95 48 8 72 190 137 43 81 31 97 119 3 72 88 93 71 66 136 153 147 108 185 31 33 141 80 100 75 175 23 110 9
30 128 185 71 138 94 159 28 160 168 49 31 81 75 93 176 169 60 105 88 190 141 160 148 14 173 80 166 15 110 54 74 153 193 91 79 152 189 33 142 58 145 161 26 190 83 91 133 36 44 192 176 16 70
17 0 113 84 103 144 179 163 182 175 66 87 183 123 157 156 199 9 139 173 28 198 125 79 143 53 108 172 41 198 23 169 4 18 125 188 13 139 69 157 120 15 200 33 58 127 98 149 117 21 150 117 165 45
1 81 71 103 180 17 51 101 72 55 77 120 41 100 140 126 119 153 123 80 177 104 124 84 35 51 165 134 7 65 47 14 33 32 83 145 40 119 194 151 39 10 176 181 48 140 194 74 139 110 161 2 184 131
62 7 184 60 79 76 195 68 162 24 108 139 117 129 50 152 31 12 54 97 29 28 109 131 200 61 104 83 6 133 53 67 167 168 49 29 85 36 31 114 137 139 69 156 95 37 158 58 126 110 57 47 134 173
152 94 61 103 41 150 179 95 192 72 77 170 21 62 25 197 40 57 171 33 33 122 181 140 186 34 163 116 5 200 90 56 92 169 177 116 20 47 8 182 134 106 56 146 180 23 157 112 86 104 92 149 130 71
85 138 175 116 35 96 86 12 150 134 160 93 160 78 7 167 72 25 86 67 79 183 15 87 97 47 70 168 18 104 183 136 185 9 195 62 175 181 39 61 150 45 82 82 194 176 143 113 3 18 88 25 160 68
0 106 128 138 180 164 54 113 148 69 115 173 84 114 19 152 18 105 99 48 125 61 11 11 65 158 47 102 72 49 90 58 60 147 106 62 173 105 23 143 154 166 27 176 116 12 194 68 144 43 138 45 30 11
