91
47 27 101 9 187 160 147 146 88 17 57 53 138 190 177 191 19 130 179 12 41 117 5 58 47 159 88 120 159 80 58 30 193 165 134 139 55 86 183 165 73 34 70 95 112 147 157 17 135 183 190 54 15 125 198 9 187 130 2 66 24 156 143 102 27 183 104 72 197 38 200 171 190 145 138 194 75 24 106 175 103 177 127 187 42 60 197 105 63 94 85
101 4 41 23 199 95 80 25 69 189 149 61 107 3 113 111 1 143 132 89 182 120 40 90 0 149 48 111 116 198 37 174 183 185 110 48 125 45 145 52 113 20 106 169 160 32 56 44 45 150 69 17 92 166 48 78 81 101 102 32 102 41 15 73 146 27 126 176 126 107 58 75 139 93 21 30 141 164 116 21 136 153 159 138 120 141 52 98 159 171 116
35 53 76 159 160 52 33 153 197 53 46 52 110 193 133 18 10 13 185 116 52 7 129 33 81 76 72 161 147 71 99 172 110 32 117 113 92 131 168 139 114 94 179 130 106 37 72 41 26 14 66 72 198 162 126 100 60 198 115 139 50 110 53 154 172 181 83 172 157 192 196 3 146 193 186 109 123 28 186 158 199 162 146 75 144 163 63 200 19 166 45
38 116 36 42 84 154 105 88 25 2 182 67 106 1 51 106 147 83 33 52 196 142 50 32 64 136 38 29 51 68 155 95 98 75 59 156 108 3 14 193 179 180 149 81 136 139 193 44 0 9 135 98 175 14 123 129 84 141 98 128 89 93 141 82 148 54 149 47 113 63 27 1 120 160 146 30 142 103 11 181 75 73 168 39 190 198 56 80 100 99 167
28 49 137 84 147 166 67 79 69 170 11 168 140 19 80 109 152 10 108 33 100 42 41 107 114 199 189 191 122 74 129 144 108 15 22 123 115 8 157 162 13 38 121 33 68 18 31 79 121 157 57 169 43 126 77 87 162 94 89 77 124 119 150 62 127 192 130 139 39 3 13 136 89 81 193 189 141 183 59 116 192 91 200 89 28 34 110 90 26 145 124
72 138 152 27 137 97 182 108 15 145 23 49 164 28 194 18 109 188 49 79 109 172 186 149 30 122 132 7 86 146 77 79 87 123 149 91 185 196 5 45 25 47 61 17 71 95 33 155 97 81 74 178 1 136 36 139 141 2 151 13 104 27 11 51 174 94 28 38 23 18 189 111 175 97 148 138 78 74 129 171 78 70 173 18 18 151 173 74 54 68 166
29 29 139 116 155 50 187 57 170 112 85 186 102 134 120 96 15 19 158 166 71 8 164 183 54 68 191 142 26 180 27 32 131 160 140 5 156 111 49 123 152 165 74 124 70 63 158 134 120 45 67 170 163 130 14 55 68 79 164 166 13 162 91 35 188 79 179 174 47 147 93 174 182 103 106 32 171 157 188 50 197 168 162 42 160 173 6 198 39 192 47
111 79 139 49 139 188 155 6 70 63 176 17 133 190 58 113 92 162 50 97 142 98 37 6 192 161 122 57 90 181 94 65 1 178 122 82 30 174 13 116 121 15 192 91 44 138 134 158 126 20 97 120 47 62 18 178 156 187 196 74 114 137 129 137 11 137 20 193 123 181 30 56 131 150 23 111 39 37 53 118 162 151 127 5 147 33 60 75 135 116 29
45 198 191 180 181 192 41 185 90 111 29 27 110 14 53 172 195 82 72 25 61 74 9 103 34 71 187 174 32 69 167 111 73 135 110 0 134 58 5 169 96 55 169 13 142 59 22 125 188 172 51 102 108 143 0 105 147 101 63 165 114 154 145 140 60 131 27 171 110 192 46 32 123 106 198 55 196 49 49 154 117 197 64 1 74 165 158 196 57 0 93
186 94 90 193 6 188 191 59 44 65 157 145 3 5 69 121 19 78 61 191 128 39 107 130 154 138 103 190 76 70 140 3 10 189 31 59 6 152 134 147 194 170 56 160 34 156 183 34 193 58 19 85 42 124 180 69 50 144 95 178 136 136 126 150 195 90 4 79 47 132 25 7 10 108 30 190 153 79 43 191 23 53 102 64 35 101 167 191 87 168 81
182 49 100 99 16 108 91 86 42 197 43 140 10 24 163 62 173 110 48 197 42 155 105 132 128 71 39 72 15 149 79 74 44 122 104 125 69 56 7 199 53 167 72 162 126 88 27 169 40 59 85 129 100 177 11 107 144 185 48 117 188 192 83 111 185 109 113 142 190 144 59 58 116 166 72 38 100 179 48 74 105 108 116 11 194 129 173 32 173 95 111
30 192 107 121 196 94 14 185 127 197 179 101 12 103 61 167 28 188 150 139 142 102 173 22 199 14 75 60 89 190 13 192 74 58 10 171 89 10 34 58 73 30 182 169 35 91 175 173 193 70 150 127 86 189 81 139 11 144 92 183 16 169 114 63 185 103 42 18 25 8 106 190 44 26 154 158 139 183 69 56 73 89 41 144 132 13 7 134 187 123 75
91 169 80 109 79 82 179 8 55 200 151 47 29 137 63 123 53 79 157 31 180 165 16 194 96 161 107 36 151 2 50 188 147 61 63 126 103 150 37 74 65 61 195 108 61 137 94 34 75 154 183 176 111 186 96 81 130 93 170 173 100 3 96 110 52 115 199 13 154 164 34 136 2 51 54 0 23 76 195 192 3 0 78 158 200 49 134 155 134 90 102
119 60 108 162 36 76 174 93 193 41 99 76 147 183 10 170 29 154 68 120 152 185 197 51 44 143 186 24 159 30 55 99 35 115 136 182 122 154 182 84 48 102 58 56 141 43 53 55 144 130 138 0 126 33 160 70 95 31 139 49 27 158 6 104 113 93 119 122 133 135 28 10 119 78 158 45 79 81 158 71 148 142 168 88 57 62 1 65 43 102 82
119 111 78 108 182 140 70 176 82 50 80 103 53 11 186 0 152 160 164 63 181 194 160 87 57 5 195 64 50 121 175 157 163 111 110 197 45 54 6 104 141 39 147 40 23 102 168 194 0 61 106 99 173 122 17 70 31 125 19 121 129 176 102 108 40 161 112 119 6 3 181 82 134 122 74 86 65 175 24 147 169 93 144 81 116 17 157 153 131 125 54
47 187 105 60 103 1 139 56 137 67 191 25 52 151 91 197 145 102 41 169 42 193 115 40 16 80 199 56 8 135 97 169 41 149 60 190 64 153 130 195 126 115 50 54 1 151 174 118 90 155 18 55 51 86 174 46 168 35 141 11 108 116 164 198 77 26 143 175 14 15 17 167 146 23 92 82 136 65 56 170 194 65 193 21 65 21 130 168 134 170 93
129 67 40 58 144 40 182 159 167 176 7 39 54 95 91 172 133 143 75 53 34 163 29 184 81 57 39 94 88 154 0 107 129 22 89 32 83 107 97 181 194 173 32 172 167 125 26 170 164 152 50 14 12 16 94 76 138 121 79 56 151 115 51 97 196 94 132 27 96 170 115 163 33 36 171 113 112 198 18 87 179 185 192 174 173 97 179 80 37 147 142
47 12 0 47 101 180 152 26 32 100 11 152 88 28 19 135 153 175 144 187 132 121 102 199 82 98 86 153 48 102 79 116 89 161 2 193 111 97 199 98 178 122 139 72 167 111 86 81 2 43 62 26 152 171 197 84 45 107 135 138 143 152 171 145 160 75 19 187 46 115 112 22 59 32 110 140 19 56 56 63 166 117 100 60 33 74 17 77 106 2 166
121 49 176 81 139 71 53 174 6 11 26 51 103 134 181 133 138 191 188 50 130 195 109 71 173 11 75 110 161 161 12 142 18 29 168 175 162 5 56 158 195 75 46 134 154 2 132 26 102 63 35 57 49 101 195 15 143 175 17 148 72 37 87 65 122 41 61 53 19 45 175 27 116 108 39 40 110 34 4 6 125 46 87 109 178 64 25 97 12 117 166
85 172 44 188 127 11 58 64 197 6 58 181 185 126 66 167 139 168 185 168 12 175 99 52 29 156 169 104 2 36 137 190 5 92 2 16 10 124 96 93 94 52 78 36 11 26 68 147 84 78 7 119 96 100 199 69 159 97 75 22 119 58 104 134 1 170 57 8 65 174 164 78 122 77 96 67 175 91 129 99 102 145 55 126 27 49 158 199 138 80 139
199 85 93 5 150 118 194 180 20 105 63 70 80 10 123 191 4 62 59 191 62 162 164 171 138 71 91 16 154 128 157 155 96 160 37 107 106 140 97 162 18 152 32 81 153 52 24 138 75 188 0 199 143 52 172 132 0 186 66 27 145 31 85 199 198 133 184 180 32 116 2 134 102 87 195 115 155 43 178 193 14 101 19 7 61 41 172 175 79 45 108
20 4 24 46 193 42 1 194 139 153 69 111 132 192 180 144 55 142 113 88 55 58 172 108 76 28 194 82 84 145 173 54 137 135 183 85 50 115 157 123 125 163 10 74 42 89 44 174 38 183 128 31 112 33 93 129 155 192 63 89 53 32 29 29 15 38 83 161 12 52 95 107 34 100 40 76 7 73 153 27 142 61 85 67 142 80 3 134 110 194 91
137 148 125 129 81 123 106 157 157 151 93 110 78 142 133 70 115 129 179 15 56 74 33 16 79 54 45 141 146 57 135 61 28 157 5 169 82 176 58 105 77 136 33 80 131 67 89 99 190 11 45 67 36 138 102 95 3 74 185 43 136 192 166 19 104 29 166 165 165 105 0 8 49 150 126 110 11 42 57 145 180 37 103 182 161 29 195 29 157 3 187
127 31 62 112 123 91 116 83 200 43 30 140 93 186 195 188 84 117 98 171 95 106 93 39 194 125 200 118 158 76 115 68 161 62 38 80 38 131 193 117 115 88 166 19 57 136 125 44 102 77 66 44 0 180 37 92 96 89 183 56 128 82 57 84 171 187 49 124 28 113 193 154 1 29 104 9 74 58 112 188 127 184 165 37 130 28 34 31 158 194 139
132 67 161 13 94 171 34 165 111 121 49 191 49 140 12 195 193 2 8 32 151 21 4 23 193 131 153 50 127 144 38 149 120 195 74 182 178 26 179 197 163 139 167 125 4 143 156 83 137 145 183 90 127 96 155 187 120 40 127 8 7 6 87 130 139 74 136 78 90 43 187 182 2 186 50 138 163 72 57 127 42 110 176 164 74 126 18 191 187 179 135
187 97 28 94 100 54 176 171 73 144 180 64 78 3 7 113 96 46 189 145 65 116 159 118 36 75 47 66 184 188 180 106 19 165 73 115 158 89 139 38 92 90 195 74 123 74 28 13 19 140 10 194 134 103 95 82 21 107 56 57 192 142 26 45 163 110 170 76 103 77 140 178 79 47 72 100 34 1 50 186 136 107 176 125 21 134 83 40 127 129 70
121 141 115 44 87 65 182 55 58 110 16 169 15 16 31 23 25 52 77 136 171 30 199 116 189 70 83 57 29 127 114 128 68 131 197 81 199 15 65 89 153 34 89 38 22 81 160 192 135 113 77 26 96 155 72 48 104 73 186 67 87 123 112 108 115 67 15 185 77 120 127 1 3 73 134 49 122 0 186 68 172 166 200 114 181 54 98 178 11 27 30
129 182 103 186 187 44 159 52 195 100 40 174 124 178 192 189 178 177 123 195 59 156 160 10 60 138 124 89 89 187 28 73 99 3 79 16 78 121 144 145 132 27 119 91 151 95 181 9 31 63 132 132 29 195 184 44 179 67 171 1 2 197 57 174 55 73 44 24 114 79 143 80 162 161 20 163 188 81 132 145 47 156 58 61 105 188 74 153 134 157 0
122 189 185 125 151 56 134 123 8 182 200 79 100 57 173 36 179 29 16 71 185 181 3 164 123 1 27 131 30 126 39 134 20 183 54 4 11 176 195 46 74 136 162 88 98 182 190 133 17 185 21 169 49 182 79 145 128 194 90 5 132 42 160 17 106 31 123 84 165 72 147 175 16 114 11 18 51 127 197 129 52 36 5 33 39 105 80 36 133 12 87
77 114 53 171 1 142 140 6 134 95 99 126 95 117 75 21 135 168 137 87 192 193 7 94 26 190 75 190 178 1 17 26 32 76 94 58 73 132 91 119 89 158 133 200 124 155 69 136 71 140 47 56 103 67 109 74 47 200 98 41 36 86 19 80 62 163 73 153 103 87 145 74 38 24 176 97 31 146 3 51 64 40 188 123 79 41 65 93 103 115 126
100 71 164 86 188 20 24 9 15 83 96 53 54 142 31 58 110 100 48 132 112 111 84 52 142 184 114 124 118 146 164 184 165 21 7 12 27 41 191 180 59 130 151 158 20 116 159 104 178 165 193 28 184 2 34 136 101 41 74 49 103 108 100 146 46 54 24 146 176 63 17 27 64 106 76 190 25 127 87 4 189 102 72 105 181 64 75 164 104 140 75
152 102 45 76 47 5 92 139 64 133 10 84 90 41 162 71 121 153 92 95 199 28 194 25 152 177 100 33 116 195 138 34 193 120 190 192 26 84 185 39 5 107 44 103 178 28 184 165 109 127 2 104 18 187 27 33 115 117 93 125 0 0 147 9 168 82 14 155 138 39 42 107 172 27 98 153 20 127 74 105 1 50 77 110 73 14 177 173 199 188 52
153 149 182 91 193 89 171 127 196 178 191 95 9 22 1 81 55 65 88 109 51 99 129 196 171 13 91 174 56 150 14 48 60 178 22 51 153 184 199 83 196 191 175 121 101 118 152 29 188 147 72 78 130 84 54 126 196 173 116 187 28 128 69 123 18 146 149 114 159 166 17 124 62 143 51 128 162 191 64 39 189 133 200 5 34 75 21 11 167 117 107
87 80 48 167 23 16 43 142 51 62 175 80 181 100 151 49 166 173 77 103 178 194 49 172 139 113 110 63 18 2 44 72 55 98 180 176 193 121 150 52 160 101 121 62 61 181 5 35 195 20 128 158 144 32 134 42 186 14 92 165 32 46 118 182 98 1 112 155 64 27 15 169 57 121 79 68 35 175 122 133 4 55 3 181 192 15 55 152 115 177 81
186 1 51 196 109 14 108 34 190 104 20 160 75 135 183 153 191 69 174 119 148 98 177 58 194 93 45 115 193 54 74 117 44 198 86 188 23 108 132 146 170 9 162 162 163 116 164 94 78 151 29 16 156 62 115 184 37 165 196 94 128 174 136 49 5 45 74 20 25 160 78 128 133 165 120 35 178 191 10 198 164 31 58 137 192 115 0 33 133 13 193
109 114 141 126 7 194 149 6 91 116 188 23 170 149 13 65 161 20 124 64 177 149 57 71 101 71 49 85 89 1 37 159 30 119 34 200 110 45 159 98 73 30 63 144 164 136 146 26 73 52 80 121 10 52 195 176 95 110 83 115 105 79 51 145 52 24 176 159 78 94 37 176 14 102 101 104 177 179 59 80 169 169 23 192 186 51 150 143 100 109 41
81 91 108 16 200 99 6 64 105 116 110 36 38 148 38 165 175 18 38 79 123 122 99 163 17 53 110 200 130 142 79 35 124 93 141 7 198 43 154 70 46 66 37 106 60 99 36 13 74 61 200 179 175 146 36 43 36 76 4 124 11 40 167 155 36 125 111 101 97 185 131 160 131 6 111 43 161 58 44 135 146 3 43 37 148 58 44 177 32 42 64
134 1 75 175 95 193 182 188 107 84 60 104 136 63 43 143 112 152 119 45 200 168 94 84 82 8 28 134 123 157 96 143 86 72 13 50 62 24 108 11 33 57 124 55 79 16 136 133 107 151 88 162 95 7 72 185 164 196 7 107 43 33 128 182 68 53 84 163 73 172 166 49 173 89 194 14 66 109 115 68 85 200 144 159 160 35 151 88 104 55 170
133 101 187 151 119 128 61 94 109 12 56 31 71 123 189 169 19 17 193 143 167 3 83 42 63 62 23 43 151 19 36 100 176 49 69 171 44 50 97 126 2 159 89 144 3 45 119 134 73 116 131 27 56 152 150 128 110 158 128 156 9 189 122 5 92 195 93 171 141 105 160 110 141 179 92 92 190 146 162 60 71 155 191 64 83 154 104 150 41 152 7
20 182 163 149 172 138 77 127 108 17 34 188 190 104 120 47 30 146 67 94 61 14 54 69 32 30 79 134 193 43 90 35 177 55 120 186 79 183 44 170 66 75 76 104 50 164 138 49 127 143 176 29 76 24 62 99 122 181 5 56 109 169 92 114 47 9 138 24 132 44 40 137 65 197 172 79 107 62 9 140 41 32 66 57 158 81 173 157 108 59 122
93 168 63 77 17 124 97 113 26 24 0 199 161 155 53 56 125 62 29 154 15 165 70 36 131 140 50 165 164 30 96 189 200 30 196 109 133 103 55 29 67 38 107 93 190 5 200 199 71 13 171 167 17 187 160 166 141 128 3 116 199 73 136 127 13 144 10 126 162 98 92 188 55 109 92 23 65 53 130 1 94 159 174 96 135 0 38 55 5 190 154
46 21 108 67 196 29 65 158 168 155 185 128 78 134 105 114 38 107 145 94 141 21 33 30 171 37 105 189 118 18 32 101 185 140 129 176 91 62 134 69 3 110 13 158 34 124 168 90 85 195 154 164 126 149 176 135 57 133 89 138 197 120 9 124 59 43 9 195 139 183 192 26 43 163 80 78 120 17 22 44 42 144 57 23 1 121 160 196 31 80 171
141 175 159 23 158 63 156 165 3 48 175 68 173 50 114 175 168 80 176 141 193 43 75 72 76 120 121 195 120 150 116 90 179 178 6 163 78 171 116 76 51 67 15 105 86 133 100 7 90 89 120 67 127 133 195 73 137 145 134 134 65 179 23 111 170 135 138 54 118 127 145 132 166 97 74 137 125 77 139 82 31 121 135 139 100 139 24 111 60 144 96
183 58 0 166 156 183 157 58 38 74 54 19 113 115 25 130 12 22 69 180 26 37 195 48 92 128 72 63 182 124 144 196 5 41 112 25 137 184 105 71 95 60 187 96 195 160 109 166 8 23 120 166 92 137 25 0 64 2 87 66 75 135 150 111 134 76 105 63 12 105 75 120 128 148 137 73 129 45 97 165 87 168 13 56 186 2 185 52 182 195 115
97 6 148 12 182 47 143 57 74 191 174 156 107 17 7 108 20 50 154 192 8 158 179 179 156 187 107 89 33 188 130 7 34 30 158 3 149 36 186 146 34 115 154 194 39 36 75 179 162 8 145 163 57 194 196 46 32 111 35 192 68 184 85 93 23 165 52 58 181 113 120 9 93 120 125 52 6 200 114 153 161 129 12 107 123 153 75 59 195 79 183
160 92 168 134 72 159 88 141 0 7 138 98 131 140 171 99 85 110 52 42 198 164 109 132 156 191 129 107 29 193 78 69 43 93 163 55 6 186 142 29 30 86 76 77 42 101 89 13 48 45 193 194 160 3 52 2 13 35 198 11 17 82 194 33 38 46 190 4 71 148 93 99 136 197 113 30 47 92 146 26 12 43 67 165 193 14 24 106 74 8 36
104 10 86 149 99 146 12 131 159 186 108 58 129 12 124 137 17 142 137 40 17 161 96 0 56 14 44 39 112 144 24 177 179 188 91 32 19 134 80 96 153 49 4 157 39 51 169 118 42 65 90 192 26 149 77 70 126 84 95 62 176 151 161 93 12 182 64 191 50 98 57 103 142 64 86 63 59 46 154 53 65 18 42 53 30 93 50 142 90 114 192
128 17 33 39 62 128 71 25 69 30 189 72 115 7 175 192 148 194 4 156 70 9 26 158 63 46 14 44 81 39 123 144 42 58 102 8 78 140 18 142 106 65 186 108 164 86 21 66 99 57 126 51 100 139 166 98 71 188 22 100 66 22 118 150 52 0 6 173 1 179 95 78 126 107 94 109 46 101 143 165 172 110 1 91 74 168 102 24 37 195 22
93 103 5 108 149 139 147 36 108 198 138 181 118 142 44 46 76 58 169 65 92 114 102 99 86 55 128 81 112 141 99 100 40 43 168 163 160 60 102 147 72 174 93 88 119 151 147 37 76 38 100 51 3 23 128 86 66 51 146 91 139 95 9 161 61 89 10 184 119 53 119 159 45 126 94 157 170 47 112 34 9 96 107 118 195 91 172 1 195 46 170
71 14 50 146 9 57 56 83 146 42 191 145 160 153 49 96 131 32 144 99 17 114 118 114 196 79 23 108 122 43 123 138 12 169 55 66 153 24 174 194 193 144 101 134 79 42 110 50 89 106 148 33 131 187 138 165 97 135 57 1 19 42 97 72 52 106 16 115 116 124 156 40 96 190 6 43 15 11 168 141 167 153 189 171 175 141 147 45 28 106 44
91 46 34 104 183 191 108 111 192 192 173 54 184 155 132 164 71 61 10 175 118 45 117 5 157 91 137 106 146 135 97 38 97 112 139 187 79 30 126 143 23 22 148 139 187 142 84 54 92 2 135 18 107 193 164 118 101 6 0 188 157 77 52 172 148 41 77 152 42 98 26 125 175 96 47 80 74 59 122 16 47 71 125 102 158 32 164 174 134 77 20
164 174 106 149 64 179 4 52 176 176 88 66 163 58 122 143 35 186 113 12 106 190 65 40 3 37 89 93 76 140 3 116 51 97 62 84 68 137 145 129 93 180 111 125 56 165 174 74 116 95 145 93 115 42 146 67 160 61 130 157 193 186 200 24 145 6 20 200 197 79 168 36 167 61 122 83 200 77 118 48 141 153 140 138 148 56 119 148 51 12 81
94 189 20 167 111 157 75 175 187 181 73 41 121 13 145 32 86 133 39 147 56 2 67 127 139 96 130 149 67 65 62 60 159 63 147 12 18 22 180 69 148 168 156 141 182 49 64 32 13 61 110 16 150 71 166 25 115 165 103 67 26 151 126 52 5 101 198 145 40 14 195 33 25 136 132 159 99 60 38 90 135 152 116 58 16 176 113 119 179 116 20
18 195 122 13 102 96 91 136 27 89 158 84 187 181 159 185 195 190 127 145 29 46 114 21 192 140 94 72 178 160 57 97 5 126 7 21 60 187 144 108 38 45 192 6 22 41 79 174 169 113 70 90 64 161 160 119 0 159 24 193 78 117 51 91 58 97 129 175 60 11 54 109 33 107 114 84 6 146 65 198 94 34 105 86 82 38 4 10 98 72 61
121 124 29 88 185 59 30 113 83 110 155 13 138 98 193 146 150 120 88 145 142 78 108 100 153 140 171 179 142 70 118 3 104 196 45 72 110 198 46 41 50 117 174 200 146 12 1 170 51 98 115 48 197 155 135 14 198 68 168 183 123 27 71 86 143 119 157 111 15 165 180 51 17 200 194 45 54 68 200 186 61 50 38 106 63 6 3 51 137 27 48
85 100 135 136 4 66 127 81 148 126 147 52 117 181 166 13 149 93 84 200 62 86 189 50 45 174 83 179 29 139 107 184 139 172 51 194 102 194 138 182 135 136 81 17 71 3 8 80 127 87 106 189 148 47 199 97 196 168 164 64 91 69 39 156 180 152 83 71 8 60 85 17 110 30 76 18 148 138 111 43 140 12 76 65 136 26 185 98 71 92 10
96 50 16 129 172 140 55 128 12 169 114 150 172 108 108 113 18 156 21 64 119 161 15 86 101 133 33 86 177 31 8 108 152 81 0 35 123 95 51 110 164 98 153 49 25 6 100 41 109 34 188 91 136 187 195 79 11 34 26 181 20 35 1 121 54 21 62 127 182 77 125 73 109 114 37 58 39 75 170 92 68 176 59 145 132 180 177 32 156 13 142
158 143 47 193 1 66 159 6 154 175 145 25 93 111 178 113 198 27 187 91 62 32 0 55 147 107 97 20 169 95 104 188 88 169 28 116 177 181 28 33 195 104 60 191 168 61 15 30 42 20 190 145 25 7 33 48 107 185 164 37 57 65 82 10 43 156 157 93 135 48 175 121 7 12 59 118 111 149 168 149 77 59 110 94 101 47 46 157 15 14 123
93 129 168 69 126 71 122 168 196 114 19 161 166 135 68 38 147 134 117 31 135 97 125 82 82 6 136 81 107 63 96 64 87 140 164 200 196 63 189 34 165 160 27 127 79 8 173 180 189 179 88 126 181 76 154 3 102 198 192 95 123 113 126 121 190 51 72 41 33 171 9 13 75 180 79 131 197 52 152 21 190 155 121 114 70 62 2 4 20 178 19
38 183 103 68 181 48 12 40 119 144 22 186 84 84 51 151 125 196 153 1 1 80 129 62 148 88 65 31 137 32 149 60 7 42 55 135 97 9 105 8 31 41 94 82 69 22 19 43 87 66 56 106 2 91 62 87 14 195 149 135 70 62 189 71 136 132 188 11 129 137 126 1 82 86 43 26 36 196 109 183 155 103 200 190 38 17 180 104 117 123 192
37 60 126 16 136 23 121 7 8 172 107 157 119 92 149 169 108 191 33 96 166 33 59 180 149 153 67 177 50 17 84 44 67 104 181 167 158 68 43 106 85 133 39 77 154 109 67 184 29 103 53 186 59 147 137 126 154 120 167 36 148 176 46 139 51 87 5 58 41 121 155 48 147 3 85 155 149 143 137 197 22 126 136 133 1 10 149 183 47 168 193
151 52 35 97 109 187 183 170 51 71 6 84 109 160 81 189 131 59 35 13 195 173 24 128 142 189 139 108 191 176 116 113 36 197 3 8 179 80 11 33 60 61 67 15 51 153 180 15 94 128 119 159 6 151 164 152 104 46 47 119 130 153 65 43 124 122 69 35 117 83 129 87 196 193 83 155 37 98 50 180 118 147 114 69 12 59 97 34 107 50 183
158 53 75 100 67 135 2 97 94 138 66 140 169 27 115 130 34 171 18 75 192 52 54 91 170 20 177 102 33 9 172 66 146 125 17 106 9 41 123 8 184 147 123 121 79 95 160 75 78 121 49 6 120 177 153 184 89 144 70 76 53 121 131 117 155 188 113 184 82 117 61 142 131 16 157 176 25 140 76 20 167 124 122 4 144 199 94 87 149 102 185
131 29 92 55 117 111 164 193 29 68 178 24 92 36 118 42 188 41 39 192 115 1 74 193 194 64 35 146 189 13 55 143 5 8 5 53 85 127 150 158 50 182 160 13 186 150 102 163 3 36 50 148 6 10 117 133 47 78 56 159 131 159 6 185 42 60 48 132 54 189 170 82 41 54 90 75 178 117 174 40 128 98 146 90 95 144 14 92 106 32 131
81 78 117 181 71 104 19 143 104 79 68 30 160 121 186 116 40 65 47 133 60 187 172 105 97 28 198 111 128 152 135 57 109 186 154 58 175 54 37 24 115 192 144 46 115 23 36 54 178 133 65 66 183 115 97 56 189 61 142 54 176 165 38 59 187 182 89 37 54 176 136 36 141 92 173 75 83 90 136 78 178 131 163 68 163 52 33 119 123 165 173
23 126 190 28 120 56 121 37 143 143 155 45 49 55 130 10 133 182 11 131 48 127 182 84 197 185 67 132 27 119 102 111 151 25 16 52 115 64 92 96 18 46 140 124 117 20 28 127 48 147 189 121 21 188 159 36 72 189 195 164 69 39 40 187 28 39 94 191 70 158 59 61 86 37 146 154 3 190 191 144 88 50 153 25 52 76 89 129 126 107 82
97 186 133 177 157 100 38 93 118 141 72 77 189 76 19 53 153 1 101 197 29 89 126 191 186 177 100 48 139 86 69 155 140 154 58 13 82 130 187 138 182 185 182 132 41 55 3 113 162 109 135 194 24 162 154 109 120 22 51 26 25 185 137 143 59 22 27 62 181 162 167 159 98 198 167 4 136 199 169 121 164 154 135 66 190 196 181 53 184 87 35
159 191 37 63 137 109 6 98 18 21 5 62 63 173 119 152 160 83 18 26 0 63 113 117 83 53 47 26 117 187 74 120 169 155 200 133 70 12 91 37 110 8 18 114 94 16 3 126 69 182 88 1 51 20 120 152 107 48 83 172 60 134 21 25 109 190 138 113 80 62 76 70 26 31 102 103 86 122 17 109 43 186 109 48 187 8 121 32 27 173 17
178 59 127 145 183 12 79 14 145 172 192 62 112 42 167 155 11 46 188 115 71 103 92 95 144 192 103 87 197 16 115 57 188 195 107 145 3 185 106 145 86 10 165 77 98 25 146 52 74 55 38 128 184 33 5 3 3 173 151 133 39 19 197 57 105 71 19 135 160 60 154 74 156 133 136 152 136 166 170 63 64 177 140 176 36 197 53 43 103 104 21
40 151 139 57 7 97 54 91 165 30 190 105 86 55 34 119 87 44 11 111 146 194 174 67 151 70 180 171 70 97 73 188 141 159 15 78 46 25 31 96 145 156 150 133 92 0 24 22 188 181 111 120 47 2 159 192 48 99 41 121 7 163 187 88 16 7 143 90 119 17 144 147 11 29 15 85 191 73 59 117 62 28 83 120 165 49 11 80 171 190 89
185 175 197 134 47 35 33 193 193 155 26 10 61 130 144 185 58 133 5 143 70 70 156 94 142 15 86 21 46 96 45 97 122 6 183 195 149 89 166 138 41 133 3 105 69 56 38 72 10 89 52 200 7 161 191 41 171 164 57 132 134 17 23 10 18 31 119 57 40 158 125 101 171 133 155 141 164 79 17 88 112 113 67 72 156 68 42 177 59 7 95
132 78 121 118 167 64 102 71 113 91 116 47 141 132 66 190 79 194 188 45 30 159 189 35 62 76 130 115 187 92 172 56 34 32 1 164 31 193 46 48 83 54 64 117 76 115 23 124 105 15 38 90 39 39 66 107 42 41 60 115 84 101 168 67 82 20 187 27 71 193 62 153 196 200 140 105 49 11 178 59 185 99 137 150 188 162 161 179 82 31 25
121 147 145 56 108 63 200 8 1 144 34 110 92 116 75 195 64 182 112 136 166 170 131 58 52 144 131 152 10 194 57 189 8 0 172 47 142 155 167 34 95 39 82 45 166 2 49 139 159 125 9 63 58 28 129 67 117 200 29 39 183 184 25 94 54 84 198 15 191 39 164 188 139 30 35 172 182 60 52 199 46 117 88 197 76 197 154 197 53 2 78
69 80 52 83 104 1 192 76 177 168 150 179 197 172 6 12 31 106 118 83 175 40 200 45 137 168 195 84 175 4 18 165 149 163 87 78 149 114 138 93 20 116 188 87 139 192 4 118 158 67 159 172 128 115 21 178 0 182 102 45 81 11 108 3 145 19 38 79 174 113 102 78 148 132 152 151 69 62 89 179 117 7 117 70 78 165 133 128 55 65 191
95 84 120 164 190 53 24 128 130 29 89 103 180 92 19 64 149 123 84 163 71 164 2 139 46 48 162 99 181 82 152 196 0 53 34 164 37 31 51 164 147 192 76 89 172 136 177 91 12 119 132 56 50 90 164 149 139 131 131 26 148 19 183 145 132 139 79 59 111 123 109 57 179 46 157 11 129 2 18 75 31 179 185 50 143 185 95 29 49 29 40
86 69 29 190 70 56 55 37 133 68 32 119 161 143 131 113 35 192 138 94 146 1 80 115 107 48 120 120 136 139 70 63 100 106 150 30 188 43 14 4 13 111 25 122 122 52 71 167 76 46 152 18 7 164 120 156 48 158 5 33 13 59 39 22 67 80 46 83 127 52 4 25 181 173 133 169 124 118 10 121 8 79 184 180 94 199 189 128 36 31 90
58 53 14 120 141 107 153 148 128 83 123 63 99 46 14 184 118 145 111 28 0 0 162 36 192 121 129 74 179 142 32 25 86 53 11 103 77 58 8 11 16 81 25 1 151 81 80 112 126 84 200 99 31 62 200 171 156 119 111 173 177 75 105 113 11 127 175 141 92 15 83 98 52 155 119 41 165 173 16 186 198 50 143 169 63 98 99 67 2 47 56
83 97 98 173 106 82 73 163 91 68 112 156 143 6 143 77 41 173 112 182 118 62 105 59 143 197 27 0 82 195 104 136 15 193 19 21 37 182 171 49 140 13 98 97 127 187 50 195 173 58 89 25 123 1 165 155 66 166 196 82 132 177 176 36 177 14 36 34 193 166 67 31 110 94 102 42 0 92 122 170 36 30 128 159 50 160 165 101 161 195 185
150 149 167 78 16 76 187 118 184 188 35 133 136 173 141 120 78 66 28 20 177 52 100 13 161 156 12 175 13 33 32 120 131 13 93 161 101 90 96 176 130 57 182 190 132 35 95 72 37 43 15 106 16 5 59 85 135 122 55 184 93 188 57 11 7 96 122 111 123 183 171 0 153 159 154 74 69 107 157 178 36 80 30 53 11 97 199 194 57 51 51
119 104 127 28 26 150 186 99 61 72 151 142 79 121 103 19 24 101 70 54 15 126 173 172 82 98 159 41 124 62 49 172 179 192 32 61 17 65 24 50 104 94 187 166 105 65 24 62 58 171 116 102 103 64 8 69 80 138 58 140 3 107 59 4 150 0 43 124 22 111 185 83 19 137 79 200 58 83 111 94 125 72 40 158 121 18 13 106 197 12 57
73 153 200 127 158 52 90 64 10 199 34 103 144 195 114 75 98 4 55 170 60 82 94 115 110 104 12 111 14 93 187 29 166 146 112 161 74 178 33 88 90 126 80 15 131 157 31 12 37 5 63 132 157 157 144 90 109 2 15 134 170 18 145 127 96 16 146 23 153 167 185 34 116 27 37 132 99 49 121 83 24 121 130 69 32 146 22 24 80 110 170
19 46 144 148 122 46 62 195 65 6 149 118 33 173 176 160 21 71 46 71 129 34 198 45 111 40 3 147 117 35 86 84 198 31 5 168 8 27 50 93 86 66 125 179 121 28 180 19 37 36 185 188 151 145 48 166 129 60 78 69 56 111 43 36 82 100 182 157 78 115 63 2 6 154 91 44 9 178 192 173 149 124 108 53 134 28 96 157 186 109 87
39 159 80 190 28 195 182 80 2 65 8 100 77 28 152 165 82 30 196 96 26 178 52 135 108 192 30 184 56 126 192 105 47 155 123 175 32 130 166 149 96 104 183 127 22 177 163 118 152 167 75 126 183 156 133 182 194 17 38 116 75 24 107 25 22 144 16 53 165 66 0 140 144 122 43 66 155 183 114 162 181 131 138 39 131 81 35 178 47 123 58
0 19 42 91 59 26 145 51 103 80 119 143 46 17 115 142 82 3 10 136 82 195 31 82 8 69 47 175 126 46 41 196 174 195 130 18 55 24 153 93 59 178 122 110 194 152 188 57 13 66 88 107 147 159 178 198 76 7 51 123 186 131 182 165 109 100 158 40 139 64 174 193 105 101 188 178 75 184 153 195 52 109 118 50 112 94 83 171 63 4 90
142 133 161 170 96 99 163 110 53 24 121 126 114 127 43 73 101 62 132 38 51 167 162 98 126 53 32 128 182 28 30 13 64 79 196 168 52 59 195 37 18 174 84 179 10 141 129 54 22 13 30 29 65 178 126 184 128 143 116 78 48 103 47 135 98 33 156 65 130 168 26 34 60 156 105 150 157 132 6 180 37 153 144 173 10 102 25 42 119 106 167
86 157 129 117 192 9 54 166 141 144 37 179 185 105 126 9 124 32 161 121 130 161 104 179 123 33 152 77 180 34 105 198 197 69 194 29 56 190 168 55 57 190 163 0 153 37 106 180 26 119 26 14 59 122 108 7 76 154 158 23 192 96 120 12 127 96 126 82 133 131 75 138 153 179 185 155 187 137 118 68 160 131 156 76 95 176 12 114 169 49 138
167 139 58 138 11 161 191 31 63 151 187 12 150 194 40 174 101 20 189 25 34 11 126 32 128 175 31 144 79 153 182 96 156 71 10 120 15 56 171 117 32 34 70 17 155 130 31 49 157 110 193 33 114 199 104 55 70 43 3 120 148 137 62 105 187 57 112 149 5 164 171 32 135 190 150 26 179 112 78 34 149 19 178 115 120 149 151 23 173 172 63
5 22 23 145 11 197 135 14 103 58 178 93 192 62 177 92 71 114 24 60 82 115 91 18 103 122 75 186 27 149 85 156 198 165 79 84 96 98 91 141 135 63 133 72 15 138 178 77 26 44 14 144 83 115 35 96 137 194 118 21 122 103 55 189 199 183 34 51 176 2 120 51 53 32 200 123 12 41 32 15 21 10 147 139 138 181 65 56 159 166 181
95 4 11 94 129 15 105 116 169 96 2 9 198 141 107 19 43 91 55 99 183 38 172 24 155 68 172 92 150 85 4 42 128 165 171 100 98 170 10 129 131 188 38 99 110 188 18 176 17 109 68 157 78 194 158 43 125 1 48 63 41 117 135 27 14 156 22 125 87 3 25 64 102 95 145 56 0 34 84 167 148 198 33 33 91 42 79 34 71 35 199
188 102 102 130 18 89 60 159 120 47 32 174 175 115 136 24 107 65 108 116 108 181 12 101 63 46 94 86 142 109 111 170 138 144 28 45 58 38 169 42 142 165 99 6 40 105 135 16 146 155 157 30 16 193 49 194 164 30 150 137 113 128 83 129 177 38 18 60 150 113 109 94 110 79 8 29 163 45 190 186 91 3 117 56 70 157 33 153 149 15 61
142 130 111 172 162 6 117 73 129 167 60 90 97 6 65 150 30 40 127 52 69 89 114 153 149 83 155 42 62 124 147 46 180 161 44 60 197 2 140 84 115 179 176 66 3 101 75 102 141 116 131 198 144 54 153 16 62 151 100 74 166 63 15 47 7 6 37 76 93 124 135 0 166 196 178 73 181 138 158 61 128 193 188 71 23 120 94 107 179 93 167
