70
32 54 79 193 71 34 32 118 158 186 89 48 126 102 198 84 62 177 100 152 58 28 87 35 50 75 114 81 76 26 67 127 124 101 106 36 111 77 138 163 51 70 117 152 149 0 121 58 4 61 23 142 119 152 185 166 14 142 63 160 23 15 169 103 20 181 57 77 189 178
93 55 63 69 137 14 87 195 200 160 193 93 194 11 128 85 171 193 95 100 142 13 15 129 151 35 64 199 113 74 183 111 130 200 30 136 41 149 17 54 35 1 164 187 4 115 15 15 140 93 197 37 21 84 154 195 191 80 183 125 153 18 107 24 17 36 189 5 20 82
48 114 26 169 6 110 163 117 7 52 16 184 133 180 137 159 128 77 36 76 193 152 182 89 79 21 43 146 119 61 120 174 87 195 51 144 178 72 163 135 62 185 156 8 7 148 159 21 131 8 129 179 177 127 110 32 174 101 174 195 23 120 134 5 122 53 165 152 23 122
28 153 140 12 19 0 65 183 199 197 97 50 82 49 108 149 14 148 66 125 180 91 115 27 83 195 118 88 17 187 78 177 24 47 189 16 103 75 143 55 16 191 139 12 29 93 123 68 146 169 67 7 38 31 179 45 187 8 177 73 54 30 155 25 4 158 78 116 3 5
179 119 168 105 135 144 135 10 9 112 93 154 20 160 11 139 137 99 82 111 62 148 144 3 119 104 94 179 23 168 22 163 85 134 28 40 160 107 143 167 111 2 170 22 111 2 154 10 76 46 178 187 68 38 116 92 20 139 58 35 190 58 93 37 92 145 147 146 121 200
48 52 146 126 131 6 65 197 150 181 108 145 94 175 166 161 164 183 29 119 34 2 197 87 8 125 83 70 140 184 10 123 154 199 149 119 17 37 60 75 168 57 157 12 82 12 198 42 97 177 86 60 40 195 1 182 200 120 7 171 97 136 75 26 149 60 148 64 171 86
138 74 116 115 88 156 112 88 179 47 191 155 137 146 99 108 52 6 93 65 20 74 32 94 101 162 180 182 131 42 45 136 39 148 106 140 120 99 35 48 13 87 109 134 59 131 114 149 180 48 37 74 198 129 185 86 121 78 167 30 113 186 46 9 97 77 189 185 168 41
199 115 123 122 18 166 56 72 7 57 153 181 156 121 110 17 150 174 6 164 110 183 2 119 133 34 139 198 137 198 134 134 68 51 90 54 34 181 0 198 112 174 48 82 107 192 180 19 82 113 28 177 143 124 93 193 117 189 12 137 150 13 68 185 181 25 175 108 95 4
84 64 52 180 92 71 142 170 194 177 200 129 11 93 101 29 21 158 156 58 69 38 157 104 164 11 38 63 191 177 136 198 80 68 121 49 171 13 97 161 162 31 25 69 179 38 123 51 124 97 118 2 35 35 64 66 6 196 77 98 27 71 42 129 32 22 68 28 186 168
2 47 98 91 35 97 111 33 20 170 75 125 105 49 177 44 63 125 89 105 41 96 125 4 123 157 28 185 49 28 150 9 98 53 3 57 72 2 119 148 79 9 73 43 174 173 169 174 146 81 36 107 102 71 12 142 86 120 168 189 58 132 86 184 188 77 77 49 177 140
1 171 165 161 125 159 3 38 27 8 74 183 58 103 145 1 107 189 189 67 13 136 137 46 135 46 167 163 164 120 4 112 151 143 13 123 184 23 132 163 103 70 78 53 56 178 198 28 171 57 39 197 193 55 121 163 25 196 4 80 44 126 110 17 7 8 43 41 77 176
41 196 94 169 173 119 185 19 198 7 119 119 159 159 58 8 23 139 46 189 103 85 190 182 20 37 25 132 36 68 142 199 43 29 89 180 60 34 66 43 186 98 102 179 83 80 160 136 189 59 85 67 8 90 96 50 28 16 13 115 61 150 104 135 78 146 112 157 160 27
128 162 169 194 76 68 114 23 171 190 57 24 95 151 62 160 185 166 198 44 197 16 128 142 181 150 24 92 195 155 199 135 188 179 74 168 174 31 180 59 149 144 123 88 93 111 98 83 63 69 44 140 50 46 19 120 18 127 74 13 175 52 28 197 75 46 82 62 165 4
200 35 198 146 58 194 144 39 93 180 119 180 97 99 84 129 84 95 139 174 79 80 157 63 165 198 68 200 6 2 39 96 109 104 135 188 12 73 36 139 90 65 128 19 13 76 25 50 98 113 109 168 124 0 125 138 20 70 186 181 175 117 126 68 133 34 90 23 149 73
79 49 104 139 115 114 50 159 111 70 147 99 156 172 97 23 180 159 57 106 62 162 63 39 156 14 144 128 168 38 149 68 7 111 96 2 94 113 167 150 71 156 119 36 66 46 193 118 75 105 133 199 17 1 23 125 86 91 87 195 82 102 37 128 100 85 21 160 22 72
113 48 5 9 7 97 102 20 37 75 177 141 158 148 198 60 34 169 141 40 6 53 107 26 112 49 56 147 4 34 22 2 99 181 175 34 33 74 81 175 136 135 11 185 38 15 142 182 48 42 121 15 159 138 29 0 63 193 200 150 186 134 5 176 154 23 134 82 114 187
149 150 113 23 98 32 161 152 45 48 146 168 95 99 176 139 134 154 50 192 150 110 127 82 162 113 196 163 55 97 2 92 183 153 48 200 176 49 199 85 95 47 156 99 135 197 107 183 195 109 95 47 108 111 60 85 168 5 61 183 100 129 179 28 87 140 96 74 108 118
196 107 170 94 182 36 146 95 47 74 140 71 13 5 156 82 48 143 142 182 138 24 36 42 100 175 197 86 196 68 3 127 60 181 86 128 133 54 40 133 13 120 53 196 57 170 145 164 143 62 150 24 163 161 128 10 104 104 8 51 172 181 46 143 79 135 164 6 12 133
112 10 94 64 95 159 80 169 13 122 114 46 161 158 133 157 6 18 6 92 78 117 174 147 125 98 109 194 146 124 159 147 11 172 85 112 44 121 142 95 105 152 181 44 110 100 108 30 22 107 71 5 167 27 158 139 145 193 69 96 138 15 126 52 128 109 190 10 144 81
171 20 24 30 135 149 146 178 148 196 165 175 107 29 129 175 133 68 200 161 105 24 143 176 35 181 157 149 194 91 43 193 38 112 53 87 155 53 10 105 97 55 11 195 106 25 27 128 16 179 119 83 24 132 59 92 60 72 182 49 148 73 110 150 104 172 124 18 140 69
159 12 9 151 103 24 170 22 120 13 124 86 28 35 53 168 123 169 71 56 86 15 81 173 191 46 190 80 151 43 167 72 158 154 99 104 46 157 15 95 84 78 1 132 123 122 67 198 16 99 66 167 112 172 39 121 144 102 163 143 160 67 167 53 45 15 183 117 113 157
200 178 112 80 118 24 200 30 34 116 41 130 140 137 106 161 177 7 85 81 160 102 48 186 95 176 40 79 181 105 5 177 26 144 170 178 106 119 10 166 97 168 97 194 154 163 61 113 133 19 192 125 19 71 168 62 105 158 128 61 81 68 137 136 52 93 133 42 131 97
20 148 120 34 125 38 138 133 48 174 181 29 19 131 45 138 145 110 185 108 193 14 91 120 86 125 7 50 87 84 124 165 7 100 172 91 99 168 26 107 189 113 62 26 91 102 16 157 1 141 161 134 64 122 175 119 189 78 44 133 155 43 107 92 93 184 160 132 187 142
46 195 66 141 25 47 189 170 92 23 77 182 3 79 87 139 16 1 89 43 82 199 84 7 63 158 70 94 27 131 74 164 47 84 171 150 150 110 166 165 24 26 166 130 146 127 116 169 15 59 108 56 17 184 134 158 146 35 152 138 103 142 148 132 145 197 189 169 151 58
82 99 96 112 96 103 76 20 21 189 30 146 190 165 96 66 58 66 84 138 166 33 108 99 137 34 188 5 169 200 165 193 102 60 14 159 100 80 190 8 15 152 6 157 23 43 33 40 67 112 150 28 152 51 83 168 52 91 148 197 192 112 183 84 67 7 2 58 128 145
83 170 151 40 144 141 5 194 159 90 87 149 179 54 195 107 179 102 70 14 81 54 47 0 136 188 95 105 166 61 73 90 141 170 3 65 193 80 38 144 177 161 26 20 167 25 24 82 14 162 29 146 96 26 193 72 170 95 118 196 6 126 198 168 200 74 44 109 190 21
28 20 198 178 106 58 22 87 16 145 12 113 63 63 132 157 53 109 62 192 107 40 157 25 157 135 55 116 120 112 116 53 160 146 176 80 65 128 69 38 24 42 112 196 1 102 156 138 184 110 23 141 57 157 177 46 64 8 18 67 185 171 190 50 157 136 12 5 15 163
28 154 190 22 163 101 191 93 143 41 173 188 139 48 198 153 170 24 40 49 170 149 84 82 73 79 192 87 101 31 180 99 106 56 147 47 185 89 58 79 150 147 15 133 46 187 61 121 60 152 3 70 4 174 178 114 67 120 51 99 158 52 42 158 97 99 95 12 18 70
123 198 173 192 188 19 170 162 19 94 181 76 133 73 139 129 196 73 188 128 98 42 186 163 181 89 1 47 196 115 189 50 45 79 160 44 88 26 140 107 28 125 130 191 92 19 101 85 38 196 170 120 40 36 146 175 168 154 142 116 55 134 152 64 30 188 142 45 44 141
77 196 43 2 114 44 7 21 112 89 88 43 117 15 41 14 142 21 89 159 120 64 129 41 69 151 22 175 135 131 181 80 140 200 163 35 177 72 14 21 2 133 68 51 49 82 122 6 30 80 39 34 111 113 14 69 158 150 145 147 124 50 17 159 64 48 97 105 60 73
188 74 168 180 54 128 44 115 194 101 24 38 45 134 90 101 61 15 115 128 0 3 71 149 130 107 47 160 18 53 180 133 22 110 85 167 195 85 56 115 7 165 53 160 189 30 95 177 70 19 88 167 150 72 190 91 193 63 49 166 78 48 100 199 6 48 24 200 181 35
18 122 114 0 32 174 72 75 97 150 89 195 180 10 22 179 118 31 158 121 147 72 116 139 105 37 72 0 156 193 65 36 102 130 154 173 96 7 185 169 150 141 45 146 184 65 116 106 167 59 169 192 7 20 44 93 144 21 147 194 86 110 48 43 164 134 89 86 58 149
100 8 152 33 156 102 167 20 167 194 102 154 70 23 134 164 13 21 177 84 157 131 13 102 137 188 75 100 130 66 93 147 67 155 178 128 116 117 19 86 149 174 13 122 193 162 14 35 195 76 64 191 53 86 47 86 148 85 40 149 157 5 19 33 195 75 126 191 66 15
170 93 54 155 59 168 153 91 17 38 52 39 71 128 7 103 117 100 165 28 91 78 190 180 192 45 13 100 108 152 43 179 38 12 169 2 91 15 97 127 135 158 35 182 56 122 193 0 2 192 196 40 87 70 4 0 50 195 11 50 183 122 136 185 197 108 195 195 197 174
196 102 74 134 168 95 182 196 10 90 118 187 145 13 45 107 92 99 181 139 186 149 88 200 33 169 163 163 171 32 195 103 139 75 18 168 115 49 14 150 111 143 65 42 174 153 10 72 40 104 150 14 60 158 122 179 92 123 5 185 110 12 159 22 129 75 185 162 11 144
197 122 108 167 76 5 137 131 43 34 12 157 112 56 117 105 1 112 126 100 96 71 114 133 178 102 56 175 63 135 143 169 118 110 193 64 189 92 123 101 1 153 73 50 89 50 119 181 68 168 75 142 147 179 18 16 161 80 138 166 188 151 84 134 121 132 58 143 166 155
14 158 28 35 162 136 31 166 151 19 153 114 125 171 175 186 6 95 197 63 5 160 143 45 127 74 86 107 54 78 137 128 172 19 68 184 62 46 109 161 20 135 147 161 63 98 129 46 152 130 199 95 120 53 50 107 97 33 108 42 128 186 105 180 88 137 22 6 153 38
79 82 200 132 10 123 145 195 43 43 26 44 0 147 136 23 88 87 199 150 190 126 32 1 69 118 76 60 133 134 67 3 194 171 190 71 41 9 115 160 140 102 146 176 182 176 185 169 129 80 123 78 88 195 58 186 155 121 198 88 74 129 186 47 95 25 138 72 169 7
151 111 194 189 122 23 94 193 76 199 88 96 57 28 74 183 33 164 101 71 144 170 172 72 140 188 198 165 114 128 61 126 199 102 164 158 126 76 92 28 174 13 65 144 170 118 114 75 190 132 122 181 63 184 83 57 88 167 81 79 159 50 14 179 37 132 183 75 135 164
114 177 4 146 73 109 128 141 74 81 69 89 16 189 188 76 170 116 44 29 44 183 115 154 177 153 141 23 71 125 10 145 57 142 181 98 200 66 101 182 91 36 115 7 105 155 178 192 170 156 97 16 122 52 30 178 161 175 116 128 42 97 192 86 94 176 65 174 104 25
44 120 83 155 68 94 153 67 148 114 4 154 97 141 16 7 91 58 167 168 23 152 139 135 36 75 53 63 69 165 48 160 72 128 30 155 159 190 67 134 165 115 101 164 54 174 118 147 60 108 109 67 64 157 183 110 168 147 179 23 162 109 157 23 30 153 22 157 30 153
115 91 29 32 132 170 42 142 167 13 7 58 170 190 133 86 109 191 188 92 135 190 149 125 115 71 64 130 161 138 92 65 143 168 143 22 80 31 63 37 126 3 75 106 2 89 74 147 28 2 145 69 22 54 75 155 176 67 129 62 41 124 165 59 132 106 170 98 106 11
86 40 76 40 11 6 11 139 105 89 76 65 156 102 21 156 124 111 68 143 2 69 104 66 178 40 16 110 83 58 22 82 169 70 145 1 34 152 42 14 39 20 157 65 27 42 13 132 81 156 58 12 97 172 25 42 18 21 184 42 159 95 91 78 27 45 55 184 55 23
120 189 51 6 198 3 26 76 93 137 99 159 143 72 68 43 81 198 160 62 186 32 189 6 33 142 67 123 158 1 93 154 20 130 79 37 46 17 93 69 102 35 185 123 68 191 75 185 16 157 153 75 66 178 10 146 51 21 120 53 73 74 170 58 182 46 79 72 13 148
148 81 72 152 63 8 113 10 83 87 58 117 30 145 130 16 70 93 159 2 21 44 128 38 69 43 91 38 92 181 25 76 26 184 138 132 4 115 151 79 106 143 135 54 65 73 122 122 79 41 32 199 140 186 43 177 162 134 134 162 1 163 125 5 70 117 78 67 185 176
73 115 46 176 178 190 19 133 99 147 161 165 115 85 177 4 63 171 55 53 169 155 144 170 117 111 170 127 116 7 51 199 30 155 12 12 20 142 117 38 23 167 192 102 186 137 22 2 43 154 115 70 98 54 15 93 159 33 82 140 164 12 113 54 19 152 148 25 138 145
81 193 34 33 187 173 151 110 74 25 102 151 183 139 94 152 119 6 103 17 29 166 176 126 38 171 49 128 200 189 52 176 102 95 24 139 133 157 26 61 71 107 198 3 103 129 139 135 156 140 158 142 196 176 106 63 106 90 23 198 1 152 75 158 185 68 54 136 187 139
83 2 35 109 1 93 88 120 197 160 181 190 109 169 63 169 21 56 120 125 79 88 68 183 91 23 16 7 143 38 0 142 148 183 49 154 112 120 21 122 179 111 116 147 10 176 19 149 135 1 41 21 125 197 186 26 79 132 40 27 169 124 72 168 63 137 121 112 175 138
18 178 15 90 83 63 48 152 33 165 77 91 81 72 178 110 169 98 68 20 86 23 160 21 74 190 181 144 2 94 116 68 115 182 121 112 46 66 136 40 16 13 48 135 69 192 165 45 42 95 147 143 130 147 199 61 64 103 184 100 115 168 41 39 183 186 9 12 139 74
61 157 130 107 51 103 44 15 16 89 189 80 88 180 101 60 34 25 192 42 117 112 177 158 56 124 110 100 119 42 91 12 24 78 179 110 155 199 91 129 34 194 59 107 19 159 101 114 40 111 48 43 77 21 19 123 132 199 141 138 7 27 129 24 13 128 23 142 169 149
138 187 85 127 136 75 27 20 100 148 163 117 139 108 77 76 80 30 44 27 18 185 184 121 63 192 68 16 113 71 156 147 188 93 157 66 151 51 107 111 51 59 172 27 119 116 107 78 10 95 164 35 152 66 135 143 134 13 155 132 125 170 178 27 194 114 192 71 155 192
86 145 164 143 114 142 31 7 25 195 76 124 24 98 174 15 33 30 22 16 170 81 120 183 47 111 193 185 183 3 62 135 198 96 175 193 10 2 147 25 7 22 53 36 148 110 168 127 133 158 26 92 64 151 173 63 186 104 93 26 167 41 30 144 60 156 15 131 60 130
173 183 135 92 133 17 0 110 39 63 138 105 15 97 61 22 30 195 198 142 189 32 125 95 81 35 5 184 34 149 165 69 125 116 53 19 180 36 157 195 176 43 8 157 48 117 152 91 99 195 152 34 164 70 44 94 159 173 88 169 10 54 36 131 125 164 79 39 146 156
13 191 31 55 171 61 73 1 160 85 153 106 29 141 23 40 181 66 4 96 42 200 55 31 161 109 13 34 167 105 34 111 139 24 79 127 48 98 199 102 1 19 154 156 167 62 179 98 169 179 8 54 8 163 49 0 73 44 111 75 185 164 5 131 9 119 189 111 177 132
55 14 172 66 37 85 167 112 179 178 61 87 17 142 46 37 21 81 160 14 20 150 31 94 152 26 179 5 43 160 121 161 129 34 67 112 118 105 192 67 184 10 148 96 132 42 71 171 149 143 125 65 51 86 185 87 170 91 54 165 83 194 0 112 76 187 183 191 128 194
199 7 39 108 23 132 117 21 58 43 105 197 90 173 38 10 127 76 199 100 31 0 146 170 123 129 82 142 89 110 81 78 119 94 200 177 105 142 129 126 165 151 56 50 58 31 115 8 5 182 1 110 148 142 60 24 91 191 81 35 102 113 88 145 142 116 195 4 179 118
32 192 40 77 165 165 162 194 156 170 121 79 150 187 20 118 76 186 69 118 189 85 142 50 13 181 117 72 2 111 72 166 87 2 58 191 180 91 73 188 3 30 157 121 8 182 56 44 169 187 160 2 10 151 75 151 192 28 199 134 83 53 51 162 21 133 135 72 121 59
141 67 175 188 61 178 93 16 44 89 137 66 29 168 192 4 32 0 142 62 144 167 7 123 36 51 97 191 40 193 102 143 126 116 107 6 183 11 184 125 105 120 176 156 60 123 60 113 198 44 109 20 125 96 121 74 112 3 160 89 91 86 47 69 195 177 187 168 135 93
196 10 106 9 13 11 111 154 66 189 3 33 64 10 83 97 104 58 185 162 95 56 71 200 155 61 103 181 63 87 84 40 177 10 89 157 135 155 99 72 160 30 84 121 29 174 82 44 153 108 144 58 78 127 100 13 164 54 107 147 119 158 166 54 180 187 51 198 2 121
112 170 48 122 108 60 114 172 185 123 56 187 199 38 42 15 111 140 49 130 155 98 9 34 31 164 133 67 162 25 123 137 186 36 196 31 40 45 64 10 162 130 67 12 137 101 186 193 127 70 42 66 178 20 178 40 115 1 91 39 50 17 111 161 92 106 24 66 33 18
73 124 137 133 114 85 176 194 55 118 26 6 63 57 182 170 46 171 128 124 141 166 113 100 167 41 170 139 145 91 159 140 166 77 19 106 171 21 163 159 82 144 190 160 95 188 157 33 160 43 109 154 58 110 48 186 16 191 92 170 99 81 18 131 187 59 108 120 7 163
174 125 186 22 112 40 122 49 176 132 76 172 53 187 84 83 63 53 93 26 76 176 57 168 155 142 11 102 83 178 25 96 6 58 195 99 111 79 109 131 195 199 86 22 24 108 181 132 171 25 102 100 177 178 115 169 61 117 15 75 46 83 123 112 140 18 197 125 44 118
183 33 62 44 52 21 22 77 187 30 88 23 161 172 82 141 112 177 13 149 175 150 142 90 103 148 184 125 19 65 43 138 31 131 59 4 178 12 147 27 27 157 94 68 150 106 17 185 62 6 102 98 105 167 141 37 45 37 100 95 143 118 53 167 99 52 24 12 19 142
82 47 199 125 118 111 66 120 7 19 34 127 14 152 70 96 160 77 186 88 199 172 200 18 18 74 0 117 105 64 44 156 147 102 129 105 123 97 184 171 83 32 114 33 152 112 135 153 18 7 30 72 19 198 73 139 190 79 54 29 115 179 5 19 170 93 78 125 187 48
172 46 182 148 81 50 103 147 121 111 128 105 162 114 52 21 38 200 37 181 35 136 77 26 146 103 166 34 181 65 82 37 58 123 4 59 17 60 17 89 39 155 69 35 21 131 90 46 196 49 68 7 180 56 123 133 95 119 69 192 18 38 13 157 144 9 74 140 154 9
147 113 80 199 53 85 111 160 126 190 78 154 129 104 112 61 35 96 35 114 75 93 122 188 32 70 189 66 145 44 33 141 21 14 74 10 144 53 15 135 92 141 57 137 192 191 66 110 196 142 15 115 58 185 38 122 172 80 105 41 0 69 113 2 19 41 124 156 27 110
118 162 63 52 90 57 117 73 101 11 164 20 196 94 14 41 133 94 142 120 42 86 181 120 200 125 183 15 121 17 15 184 142 91 186 178 55 143 173 94 79 119 8 146 188 95 62 45 2 67 156 170 154 19 102 161 126 123 104 72 135 173 147 181 162 178 143 59 15 61
102 155 57 77 95 168 154 134 133 175 123 179 37 41 19 153 11 117 58 23 198 79 40 114 191 74 69 163 7 174 33 70 25 118 165 133 64 178 37 92 12 100 5 4 182 96 69 108 45 132 147 90 104 128 86 7 40 129 19 161 38 105 140 92 69 185 36 149 167 35
85 182 52 97 71 89 48 1 20 163 102 4 3 110 183 92 44 128 142 23 34 189 109 119 139 106 42 134 120 169 53 61 89 12 48 120 159 102 123 101 158 131 183 24 125 34 23 48 100 26 136 149 122 26 35 103 134 139 84 95 192 73 96 110 175 100 175 19 85 114
135 169 70 0 127 19 89 81 10 109 157 151 161 113 98 186 26 10 103 163 182 109 42 48 9 122 28 45 108 151 58 26 17 171 158 16 60 156 149 35 176 90 3 192 71 100 127 144 146 142 15 194 7 4 99 98 48 64 103 42 152 7 116 31 25 59 91 163 136 131
