55
121 149 87 151 181 165 191 101 82 181 119 125 2 140 115 115 53 107 21 69 88 179 21 94 54 79 24 11 72 184 178 99 162 126 13 175 68 80 169 1 56 189 193 130 30 153 90 129 80 187 38 183 59 187 46
127 30 41 5 103 33 126 26 5 151 174 162 43 2 73 93 184 136 179 177 22 91 124 189 13 165 159 18 24 104 77 128 166 156 31 75 160 183 33 21 150 73 32 60 157 20 126 62 125 42 10 147 38 100 41
191 153 146 108 175 63 200 85 92 47 47 171 43 194 195 147 137 85 108 182 25 64 116 65 57 30 85 167 5 111 155 87 76 59 39 22 55 49 184 23 135 78 150 147 83 22 126 139 90 36 111 67 111 169 113
93 174 75 97 106 177 10 8 125 52 133 104 158 160 20 92 95 117 12 88 43 148 140 67 70 79 132 126 199 181 183 155 22 191 83 142 22 148 71 16 99 159 2 134 158 130 160 125 101 71 178 66 67 1 50
38 163 143 175 13 65 105 172 5 153 118 4 120 184 89 135 196 21 130 61 102 39 74 2 111 85 1 174 91 136 50 195 151 123 140 143 66 157 154 191 54 5 141 139 25 46 47 119 77 96 72 54 136 149 188
83 180 108 85 43 161 74 60 18 127 141 126 119 121 92 88 121 135 42 54 54 136 9 1 124 97 108 26 190 31 118 23 87 22 183 145 74 69 140 198 16 162 31 185 187 107 102 144 43 47 135 151 27 23 110
187 71 168 172 43 79 7 32 130 143 31 40 85 86 24 189 85 96 95 98 187 95 117 16 171 158 25 120 138 157 32 157 188 196 46 114 68 123 105 41 24 162 197 39 126 4 122 109 42 192 16 22 173 191 33
171 77 12 18 49 146 38 129 106 164 0 119 67 105 126 120 151 6 184 44 129 75 161 99 192 100 139 66 153 83 52 193 187 200 61 109 124 158 121 161 14 119 196 67 54 148 139 89 169 141 44 59 74 193 166
46 96 123 168 90 180 42 67 138 119 134 155 3 25 101 146 73 180 104 173 70 109 40 20 118 80 148 57 184 31 131 136 38 45 88 80 64 102 73 96 109 31 18 30 113 50 32 188 199 184 127 59 142 76 11
186 162 153 95 92 60 172 166 51 154 183 44 149 108 39 15 90 162 81 10 135 48 120 152 32 35 105 97 191 33 128 195 92 102 16 71 137 53 18 155 26 161 185 194 48 70 152 186 137 186 165 83 198 172 87
155 77 118 91 102 154 36 67 157 18 168 161 73 104 11 141 44 73 113 91 183 190 79 42 121 108 92 89 32 63 187 157 170 171 163 9 11 74 14 141 3 51 114 14 130 130 15 40 102 111 14 155 199 66 91
7 7 155 23 42 16 149 195 70 116 23 80 2 188 77 51 49 194 33 184 50 56 5 93 132 101 101 188 152 6 89 160 38 136 175 147 45 191 119 23 186 53 172 133 77 178 2 22 24 171 7 78 54 191 192
109 141 72 127 92 8 70 110 159 30 61 104 11 28 94 175 143 56 130 106 71 93 142 76 60 84 134 185 163 136 5 171 194 104 68 198 114 118 148 66 105 102 161 135 22 72 106 59 19 17 70 177 160 93 118
12 158 42 126 1 101 199 122 29 179 98 29 196 75 149 106 72 165 100 166 58 119 14 182 189 18 153 40 101 128 11 73 91 70 15 123 145 95 116 45 96 87 69 166 32 133 128 37 195 127 147 191 62 149 98
60 1 171 19 120 73 40 163 62 197 108 61 112 1 128 115 199 148 103 28 120 133 91 22 12 69 147 38 59 131 114 101 155 151 115 131 188 173 43 188 154 72 15 144 186 1 34 25 97 68 34 116 69 56 142
32 155 67 181 131 129 84 63 100 34 16 3 107 61 83 72 24 33 65 9 194 20 42 67 96 62 129 116 134 40 3 22 58 155 128 71 92 188 183 49 61 200 149 99 181 184 59 133 157 102 133 151 182 140 103
193 10 95 68 164 58 77 32 63 191 84 126 117 186 73 144 55 171 188 104 180 190 84 194 130 178 96 136 19 134 17 148 196 56 81 114 31 89 111 129 40 52 36 150 64 40 184 73 124 36 174 22 1 84 1
123 60 107 84 48 120 45 126 46 121 45 165 121 66 10 31 116 179 152 150 141 157 182 15 170 120 171 79 90 193 106 123 163 125 35 22 108 20 179 185 186 67 44 152 54 143 73 43 90 47 6 40 67 172 89
28 40 19 58 161 52 99 193 147 145 21 180 171 10 117 129 163 147 107 76 35 118 156 54 83 43 180 64 175 154 27 23 15 32 29 16 128 83 132 130 26 126 100 75 121 113 34 115 83 82 66 197 6 179 159
190 187 93 118 35 155 16 83 25 146 143 89 15 18 173 93 51 123 163 14 137 183 108 33 23 102 19 117 123 122 108 197 198 192 148 162 197 66 188 98 44 152 89 108 97 189 5 170 2 162 150 0 121 125 147
112 185 186 51 11 79 131 187 33 15 126 92 111 95 159 167 151 107 163 55 50 59 120 175 102 69 133 185 132 89 125 168 152 149 63 27 88 138 177 73 100 66 107 65 154 161 41 176 170 133 80 107 1 153 136
193 175 110 29 40 139 92 75 61 185 116 25 149 55 111 153 58 56 122 42 11 97 140 46 149 23 20 172 65 24 119 177 109 34 5 79 162 17 190 135 47 200 107 124 26 86 114 81 45 32 127 162 187 159 86
149 159 165 94 17 17 194 27 53 68 81 44 184 168 100 85 175 194 31 169 141 5 155 15 131 198 18 69 191 52 66 61 93 132 13 170 19 20 110 41 38 194 160 5 80 98 45 118 10 150 144 77 17 127 11
89 192 16 39 196 53 161 21 8 129 187 73 47 93 116 196 155 114 31 184 8 77 38 72 71 75 160 0 18 153 40 159 192 63 140 30 108 67 179 38 90 37 90 28 7 188 25 45 131 130 167 50 61 98 117
157 25 148 129 104 43 20 55 94 116 70 92 5 85 164 182 149 154 2 129 28 196 115 168 119 167 92 48 109 36 46 150 187 137 44 181 91 116 174 40 159 83 181 49 185 188 86 78 200 163 61 153 139 170 149
23 160 61 154 52 154 173 24 161 146 56 150 73 41 3 104 152 92 66 181 42 120 116 94 92 150 11 129 164 82 180 6 113 148 127 63 15 115 150 27 26 63 97 149 53 1 196 116 129 133 167 67 183 136 120
170 192 67 157 0 124 168 4 80 189 26 160 46 106 169 160 49 1 90 45 95 179 8 39 88 103 156 65 85 125 91 53 159 64 85 143 160 165 31 135 110 132 74 25 106 175 160 89 97 127 135 43 28 114 62
169 8 196 38 152 20 196 40 113 100 95 4 15 50 32 21 44 4 73 111 178 154 81 126 144 171 195 52 38 186 138 196 76 63 5 78 156 152 200 119 104 139 89 115 61 58 175 16 138 52 7 133 58 72 181
84 16 154 116 180 60 90 49 70 61 190 39 167 95 175 154 46 79 159 195 54 37 136 7 32 68 67 39 125 47 165 107 71 137 61 8 53 20 132 156 192 188 164 144 36 87 74 75 124 134 152 175 152 155 24
115 16 90 186 161 169 143 2 30 157 36 32 16 39 81 56 149 53 158 17 173 131 30 87 92 120 186 144 48 0 100 190 62 176 80 116 27 26 58 48 100 121 82 184 132 125 71 8 135 113 93 110 9 196 51
116 157 2 163 160 61 131 56 52 50 72 92 16 81 16 105 31 88 25 96 17 62 49 165 126 142 176 192 47 153 149 54 42 28 53 140 59 113 110 104 95 34 143 131 164 190 191 36 87 194 53 187 154 165 200
63 187 38 161 160 17 109 121 88 188 172 10 196 156 6 44 69 59 172 56 147 152 56 58 197 145 15 184 56 134 200 8 142 113 112 197 181 44 1 157 103 30 11 1 21 60 29 200 159 55 47 145 182 39 43
121 193 129 168 148 200 195 40 73 17 190 67 67 178 30 97 172 99 20 35 170 54 145 154 131 145 135 34 108 197 133 90 162 28 27 20 110 86 86 121 9 93 95 59 29 98 44 150 158 184 65 71 16 3 43
79 164 48 5 63 114 17 193 96 63 22 37 190 17 73 82 105 140 122 132 12 89 188 58 24 16 69 56 139 115 24 155 74 46 187 159 80 141 24 99 180 123 174 1 111 72 94 77 183 161 190 171 64 36 13
35 125 156 57 25 178 69 166 173 157 40 130 57 13 60 19 80 68 83 130 7 180 64 41 139 5 70 41 21 17 105 163 159 147 27 189 74 177 160 93 62 151 123 104 155 91 127 195 48 139 106 193 141 166 47
170 155 119 129 59 139 23 96 153 59 41 30 185 2 54 55 122 84 17 169 104 106 111 157 118 44 53 36 122 83 122 65 176 52 4 10 102 0 62 120 196 127 29 12 182 183 132 158 195 103 53 179 175 173 103
64 99 105 97 57 53 175 189 131 133 64 17 158 48 99 192 132 142 187 169 14 95 143 70 157 124 99 182 59 189 176 12 47 164 148 79 161 165 63 77 120 67 16 135 138 96 98 193 22 99 1 25 196 196 171
84 43 57 95 162 114 24 131 150 176 66 102 130 48 165 178 75 44 6 187 131 57 138 131 154 160 29 82 153 73 34 61 36 151 187 191 81 140 12 39 171 146 186 53 99 65 74 26 103 52 138 78 147 18 160
161 91 160 71 124 29 156 59 195 188 40 158 9 79 194 21 45 100 183 116 25 132 18 73 154 19 176 152 150 49 171 131 184 174 105 35 38 197 151 15 19 1 27 67 30 106 29 115 31 44 61 30 87 76 103
48 30 148 137 35 68 190 72 0 64 101 146 158 89 43 150 179 55 105 159 80 153 171 101 43 126 169 146 39 61 194 181 174 81 74 68 67 47 88 71 27 7 189 100 153 159 185 84 188 13 63 71 76 182 44
126 130 3 52 76 160 19 88 15 185 150 65 54 154 189 96 24 25 182 182 194 80 98 40 136 51 190 129 81 156 20 166 57 199 97 78 34 32 92 193 119 72 193 132 127 13 82 75 126 195 130 166 143 63 165
184 112 49 73 118 193 130 131 198 25 34 17 22 172 191 145 76 83 154 83 142 79 52 127 184 165 112 55 84 124 79 1 132 55 156 153 97 68 145 87 194 70 57 40 127 74 156 102 163 21 5 193 79 123 52
125 27 80 116 68 48 150 178 118 85 114 8 103 110 179 60 124 194 183 166 187 102 61 175 86 131 156 11 12 187 93 184 8 27 48 24 81 54 4 182 144 139 31 103 91 93 189 52 94 105 99 41 70 154 155
92 156 39 45 61 144 192 76 70 84 84 156 13 156 178 82 198 200 62 147 164 43 39 16 120 184 43 135 145 59 142 190 95 12 165 117 30 18 17 141 46 138 24 16 109 181 111 104 119 49 185 96 51 40 125
19 49 127 164 108 85 32 98 133 3 198 91 36 127 111 147 176 53 17 171 68 27 129 159 185 77 98 128 118 65 25 107 87 101 102 64 86 39 119 76 13 75 188 104 53 4 7 85 78 96 62 79 54 142 17
172 174 189 145 59 73 10 56 86 110 50 3 151 44 62 126 74 65 109 141 176 34 183 97 171 36 176 0 100 44 112 192 105 13 90 8 164 17 45 50 60 190 197 151 74 138 14 171 60 38 28 74 47 192 2
36 64 3 57 100 93 97 132 115 119 139 153 38 199 191 70 48 40 59 43 184 200 11 177 200 131 173 152 151 74 145 147 34 182 18 144 165 86 192 169 89 28 166 139 127 122 199 133 133 199 74 124 78 183 145
194 57 23 58 98 11 34 110 164 15 34 198 182 55 152 75 31 149 4 96 48 30 48 158 15 30 78 4 32 188 130 179 127 73 60 8 21 112 138 124 134 71 114 33 17 171 145 189 130 176 154 196 79 72 108
118 127 111 161 43 74 81 55 17 68 169 33 124 101 71 127 108 11 139 34 47 7 34 177 151 73 89 173 83 122 11 114 17 160 26 111 92 157 114 15 58 5 164 32 18 189 155 188 125 3 153 42 96 0 52
186 41 4 19 61 72 119 80 85 175 197 150 50 14 147 11 50 52 139 68 112 132 15 80 123 188 177 137 104 114 5 33 53 170 46 53 155 115 61 124 90 157 159 87 66 102 135 160 186 63 86 76 45 157 136
15 189 9 165 123 9 154 154 136 193 71 73 160 58 185 32 160 90 3 100 104 195 138 20 147 123 21 27 110 100 78 57 176 77 65 192 5 162 120 176 98 175 15 52 178 115 60 16 34 66 178 120 154 81 172
3 19 58 26 25 29 78 126 63 93 92 153 193 191 55 156 149 142 179 118 96 177 89 43 165 110 95 84 178 78 132 79 137 197 170 30 77 53 58 179 185 137 132 32 13 179 8 196 38 62 140 183 182 195 48
140 103 175 68 106 129 86 30 67 158 46 26 64 12 98 92 91 93 76 75 44 29 102 1 85 5 112 72 123 15 0 197 37 40 191 1 67 41 186 126 117 171 59 170 151 67 27 100 154 190 115 120 82 2 124
134 186 20 103 11 189 142 49 110 165 185 101 6 69 80 126 96 58 15 119 81 96 110 195 127 197 9 180 9 83 28 183 89 44 122 59 178 5 60 195 185 140 71 149 55 58 10 91 91 83 106 110 170 25 97
136 184 105 182 124 99 17 180 114 142 10 57 43 22 66 76 37 22 0 132 87 105 172 79 82 61 59 161 102 102 126 60 137 6 143 11 157 146 192 175 195 157 7 49 156 136 99 187 70 142 36 183 97 0 178
