27
13 31 114 33 16 10 121 102 133 16 140 125 98 30 133 161 169 57 69 120 30 143 48 190 29 110 16
172 143 157 31 173 28 37 28 49 159 178 152 51 16 59 40 45 143 98 81 144 136 81 81 174 128 19
60 187 132 4 52 14 56 20 5 153 3 145 199 99 43 113 82 131 87 152 6 93 128 80 155 7 25
158 121 92 173 83 199 41 75 106 181 165 151 184 79 132 145 177 190 33 120 139 180 76 135 129 4 90
89 42 2 52 18 179 54 75 32 191 57 155 173 5 179 13 194 148 148 117 120 0 74 132 41 107 198
111 40 123 15 118 27 105 14 149 159 64 183 27 70 69 13 10 95 73 31 52 45 98 182 34 196 51
161 93 135 63 138 10 104 169 48 83 19 149 162 47 189 105 149 200 103 33 168 76 1 11 14 170 139
32 161 116 194 80 35 69 29 125 96 49 116 16 126 55 100 46 85 145 52 82 182 3 22 0 116 80
20 153 70 17 78 153 60 179 77 150 48 185 51 139 73 120 4 149 20 10 39 145 63 96 191 153 83
54 124 178 100 188 194 115 74 167 89 67 18 182 90 103 28 188 171 43 191 176 59 121 108 72 146 138
181 77 98 92 146 19 162 53 73 153 2 30 12 132 131 197 175 30 162 167 14 153 193 89 41 97 146
175 190 88 6 107 48 114 155 183 77 89 125 198 118 173 150 19 191 39 167 20 102 130 141 126 163 160
56 135 144 186 146 198 84 8 11 101 4 175 20 184 200 131 27 137 56 99 186 43 54 159 138 179 72
13 161 119 193 181 165 189 64 33 75 80 99 198 4 70 19 44 75 179 89 128 55 144 119 75 120 162
35 154 61 191 23 0 115 77 130 141 168 105 14 105 166 47 107 119 184 27 89 68 50 75 7 0 105
67 32 17 169 28 26 27 16 190 176 12 36 157 66 97 138 70 94 25 137 147 69 43 101 116 192 167
20 49 51 50 166 161 113 137 73 60 74 88 82 116 30 51 135 99 29 20 20 197 144 63 101 163 26
184 36 175 127 125 29 160 111 116 72 37 43 58 180 91 131 42 88 36 5 8 195 79 106 65 73 129
18 138 1 9 138 54 28 2 27 128 141 147 100 0 122 7 125 77 189 111 43 84 161 48 160 51 52
167 152 183 12 77 44 159 118 200 52 5 31 48 61 111 165 143 56 188 194 83 69 50 111 34 44 133
23 1 21 58 126 98 60 81 66 144 43 110 122 136 93 126 146 89 171 141 167 6 69 70 139 56 43
159 146 112 30 83 38 125 23 158 183 149 193 163 144 200 184 138 36 125 26 175 183 154 152 124 54 188
115 52 52 113 41 175 93 102 44 64 17 38 59 98 163 105 137 133 50 83 127 181 11 176 76 198 137
85 25 193 43 145 13 32 166 90 22 142 50 2 41 66 3 160 170 6 80 142 166 91 124 162 51 169
76 89 122 49 26 77 190 33 50 104 0 41 11 149 102 161 104 115 134 70 64 12 14 129 31 53 85
131 176 61 65 41 46 195 195 186 139 58 106 198 21 131 50 170 101 15 107 182 17 184 98 122 91 164
38 196 46 200 107 172 78 97 133 178 171 15 138 28 14 63 76 109 18 154 79 64 182 115 167 182 69
