58
9 28 175 164 20 33 1 144 75 24 92 130 170 173 49 44 83 139 104 20 33 20 101 192 106 131 99 169 169 76 106 148 92 118 46 78 112 144 12 149 80 30 122 154 154 91 78 40 103 147 89 1 135 51 107 31 13 8
49 93 56 139 15 191 142 66 129 67 5 95 15 56 77 97 54 191 170 6 76 10 38 98 107 199 98 14 119 19 84 114 169 31 147 95 29 124 150 53 195 64 48 75 32 160 117 171 144 15 97 164 182 109 163 160 58 187
104 90 174 63 158 145 65 89 135 61 23 101 31 96 68 85 1 79 10 51 169 56 196 135 68 98 69 98 33 102 195 103 78 113 184 173 134 34 80 63 124 65 185 148 29 74 57 11 28 180 39 158 5 109 52 92 130 120
145 192 72 23 156 181 94 101 182 153 105 22 195 143 121 131 59 194 107 138 169 160 153 161 74 169 12 29 172 114 96 17 38 121 148 107 100 89 167 182 45 83 188 198 54 164 128 4 72 122 44 16 147 175 84 34 162 149
61 82 5 80 0 136 97 183 85 111 36 4 179 152 165 24 170 139 142 63 12 114 170 180 142 140 116 66 40 145 49 98 84 173 165 16 168 49 93 113 91 67 93 67 113 50 53 36 29 120 106 152 147 96 86 163 163 23
71 79 115 198 195 139 95 7 142 74 45 118 60 71 158 91 181 156 139 168 122 109 79 188 111 127 13 21 82 167 35 61 81 114 7 14 171 21 31 44 124 9 83 102 151 90 162 185 180 146 122 95 129 94 79 31 149 177
176 176 124 159 198 185 121 47 149 178 143 128 177 107 61 184 16 170 13 185 43 42 44 143 123 109 149 30 97 121 142 122 36 143 19 100 5 189 48 175 60 10 28 152 31 197 39 161 12 13 195 169 85 41 37 11 59 39
39 46 186 196 43 30 163 74 92 75 198 37 29 200 20 93 98 42 26 50 19 194 55 148 82 164 56 87 173 136 37 110 156 134 126 56 186 160 188 16 6 112 44 11 140 49 164 88 92 71 100 173 94 51 191 92 72 4
167 167 84 167 139 54 72 55 200 10 130 25 82 86 12 174 111 15 94 94 78 138 185 31 87 18 6 35 73 48 73 146 177 102 19 190 59 62 190 84 67 193 135 193 17 83 140 75 111 143 86 15 175 167 12 139 24 32
85 190 192 8 165 158 107 74 158 19 35 43 48 120 42 38 176 167 1 173 78 177 108 122 154 37 68 107 127 95 103 147 185 135 65 53 34 41 99 71 65 143 185 80 89 97 83 129 121 118 160 166 114 58 82 55 132 46
15 154 10 134 79 114 110 139 55 169 116 63 8 172 130 33 146 176 184 71 174 144 9 105 187 53 21 26 148 90 58 35 122 179 83 161 55 4 138 176 142 7 29 148 130 60 70 124 23 91 11 76 92 116 175 118 179 90
157 102 79 99 89 110 11 69 140 119 92 104 143 19 30 119 81 157 15 138 118 60 103 38 41 66 55 164 19 58 86 191 91 142 10 160 125 128 11 129 112 5 163 178 17 154 47 192 189 171 5 54 99 151 158 102 195 130
154 4 186 51 200 26 95 64 186 194 38 119 159 128 18 13 28 113 24 117 39 160 11 86 190 103 62 47 96 146 116 167 163 126 136 110 148 7 50 45 61 62 53 98 25 6 13 183 67 186 179 154 57 70 20 20 197 184
59 31 75 121 114 46 84 179 89 54 142 124 166 177 52 114 124 6 160 53 81 114 22 119 50 65 196 4 56 139 159 94 178 6 69 199 22 81 43 132 115 59 151 92 151 119 12 147 53 69 149 166 13 116 121 109 139 55
108 161 15 136 59 113 166 156 158 108 23 110 30 93 195 7 63 165 141 151 109 77 150 27 169 160 10 171 74 120 149 68 113 112 163 175 43 36 67 36 39 73 128 136 173 2 54 80 5 60 79 101 193 143 109 75 66 63
150 190 81 98 132 21 28 151 169 102 36 95 43 197 87 27 141 24 136 15 170 63 192 156 200 146 25 127 153 104 76 48 33 70 21 167 96 124 52 5 188 97 75 108 87 79 140 5 1 198 73 145 100 146 63 123 18 122
185 11 170 107 174 23 195 101 175 166 171 193 125 109 123 180 62 44 124 58 178 183 156 130 139 128 57 52 37 53 198 177 34 106 103 180 18 49 92 188 179 122 48 163 75 17 133 49 88 153 3 99 179 143 190 199 140 77
172 24 18 173 103 50 29 17 164 159 105 64 147 83 67 183 6 112 124 42 145 93 0 130 47 90 127 22 73 95 138 138 183 104 146 167 85 93 19 162 5 177 137 51 32 125 121 192 89 187 84 89 87 165 19 151 26 79
128 12 122 83 123 61 27 29 175 172 128 194 193 186 121 91 97 46 12 76 51 111 61 128 110 128 171 79 42 30 145 49 63 62 156 67 94 184 191 22 141 175 30 4 11 57 64 133 148 146 58 155 5 71 91 1 37 40
116 30 178 18 24 86 9 160 190 132 67 183 16 176 135 4 139 166 6 26 121 188 97 26 163 130 151 167 29 116 144 46 160 52 117 126 139 113 2 128 76 133 45 92 77 183 81 8 197 121 166 149 27 3 27 71 133 115
27 129 105 94 157 57 144 104 103 159 76 86 92 143 48 35 190 85 134 190 59 185 22 189 159 35 83 29 124 80 173 197 5 57 188 15 88 172 66 149 63 38 164 6 98 104 129 130 56 26 18 177 63 49 30 145 169 84
35 190 17 129 100 32 192 188 148 4 16 42 59 68 41 43 193 72 30 178 79 35 117 107 134 87 197 95 10 74 59 18 87 148 197 142 139 82 128 158 142 43 87 14 125 174 84 179 6 121 10 97 19 190 140 33 106 51
59 177 198 180 162 180 46 177 199 151 168 84 132 195 142 133 127 195 105 190 89 104 126 86 195 168 52 142 100 28 5 158 100 88 34 150 171 156 10 141 41 53 66 2 181 93 111 0 8 106 28 26 53 156 39 151 113 28
69 60 55 139 56 191 129 36 72 71 188 4 53 132 171 183 6 53 180 142 100 183 171 118 94 12 152 190 194 11 20 109 66 4 65 90 145 43 91 109 43 92 27 72 22 193 124 57 133 13 179 139 122 132 54 108 52 72
3 92 44 106 67 22 55 139 84 124 155 86 126 20 102 107 152 92 178 13 75 46 30 197 93 125 192 49 143 169 20 38 100 23 29 141 150 130 76 69 123 23 170 100 139 186 99 70 53 16 149 37 77 152 198 4 200 154
47 197 135 69 65 125 76 109 84 88 171 77 173 155 157 8 153 118 120 181 76 154 167 140 65 88 28 29 38 104 177 17 169 106 15 109 7 100 170 10 15 45 71 83 143 12 124 65 178 2 168 32 77 120 19 146 164 22
112 129 79 1 133 176 1 66 57 106 31 104 56 66 57 13 162 191 179 38 78 38 84 66 131 103 2 180 179 80 3 50 123 174 66 33 179 184 60 177 136 145 160 179 154 119 96 18 190 122 97 70 15 154 179 136 125 179
146 53 128 109 63 162 142 198 191 50 107 179 81 166 139 199 58 104 130 57 187 118 200 60 133 51 84 75 154 146 63 114 185 186 54 133 58 15 96 98 184 52 99 182 118 65 187 157 75 99 73 15 82 123 98 171 134 147
133 41 16 198 61 130 132 48 161 185 120 70 54 193 15 33 7 66 93 16 32 142 96 42 171 77 111 69 43 39 63 161 60 71 115 82 7 121 31 16 152 193 28 59 28 121 123 24 182 0 19 78 116 54 30 106 195 77
73 134 67 173 6 41 194 186 113 146 170 22 185 63 143 86 61 81 139 115 71 184 172 3 12 119 157 124 124 64 115 171 125 67 117 106 11 94 144 148 36 142 83 38 127 65 40 11 146 78 44 149 110 112 130 125 143 167
98 10 108 114 87 7 58 183 108 65 71 35 17 46 39 55 99 57 102 19 122 100 141 119 171 189 129 122 44 125 44 76 199 162 147 139 79 168 195 154 110 4 36 82 14 178 53 57 168 18 9 67 191 98 7 165 100 113
66 126 189 19 192 74 182 192 189 83 10 40 187 93 97 107 113 2 93 200 189 46 66 123 3 94 167 130 181 172 146 30 55 161 180 65 87 10 80 144 129 56 144 16 163 43 37 101 98 176 73 87 199 126 179 117 134 200
131 27 83 122 129 65 194 92 56 121 179 12 50 64 35 18 168 200 99 12 192 122 102 24 94 198 3 82 24 190 195 119 82 93 125 98 139 76 75 67 138 76 31 189 197 152 157 81 9 11 69 129 79 129 92 13 97 114
29 138 115 81 29 69 175 169 82 184 70 4 59 133 128 77 53 186 196 21 12 89 97 127 177 25 180 1 67 68 20 172 164 134 38 4 51 55 24 169 27 98 33 92 34 105 146 38 46 159 20 29 150 196 57 101 33 191
188 193 61 171 163 179 123 29 200 33 9 142 140 40 198 157 110 46 151 200 169 134 152 141 139 140 45 180 168 67 50 192 8 77 200 44 85 73 182 62 164 185 4 179 142 165 151 82 178 162 34 93 115 73 59 4 27 28
39 65 36 16 93 17 182 180 70 105 189 112 89 93 1 148 37 132 68 58 40 3 85 161 77 91 170 45 127 124 4 83 67 40 116 52 184 197 146 15 108 85 144 41 199 159 40 102 41 111 122 69 127 20 78 3 64 133
28 4 102 38 12 125 91 133 118 51 122 100 147 2 138 87 120 48 97 12 88 82 108 48 42 111 62 195 177 27 53 149 41 121 175 137 157 192 104 110 125 105 131 182 20 69 101 132 156 45 146 57 199 102 48 76 4 39
113 151 102 174 141 36 141 98 192 2 156 130 92 69 90 11 129 103 19 3 41 35 194 147 80 129 118 10 98 100 143 34 81 45 108 134 4 31 23 104 136 63 1 160 199 75 129 191 28 155 7 166 159 142 58 198 37 101
138 63 104 111 64 127 44 198 50 10 22 43 54 70 87 111 128 90 20 188 67 197 38 27 46 93 53 40 17 45 145 53 21 172 5 199 5 200 74 86 90 109 193 59 28 87 6 164 107 71 153 183 132 5 106 76 100 41
17 105 52 159 23 8 195 25 79 15 32 9 117 57 121 152 76 30 185 38 114 102 23 79 128 117 20 53 115 72 66 35 91 187 23 183 196 152 117 129 2 121 119 79 23 36 123 35 62 32 74 145 32 154 41 104 25 152
12 27 189 12 58 198 58 37 163 195 26 154 5 133 72 179 95 15 2 53 41 148 84 130 172 195 138 15 71 1 135 112 46 57 2 24 5 108 34 25 172 72 19 187 153 28 116 170 119 79 87 120 181 81 152 146 4 184
9 61 38 64 31 76 89 98 103 66 164 108 7 145 90 0 135 85 136 61 181 132 96 109 0 164 67 35 61 167 198 96 180 96 121 62 87 47 126 161 68 148 28 193 16 11 127 43 169 60 107 89 152 167 105 127 21 102
60 129 14 22 2 145 118 165 16 171 94 199 23 148 47 162 194 35 73 193 30 24 102 95 57 162 90 104 139 120 46 48 19 98 165 116 57 15 3 12 157 122 2 148 168 30 121 23 199 34 185 168 62 39 88 178 195 35
43 38 163 14 112 192 12 61 10 154 29 105 106 200 8 179 65 7 126 186 73 19 75 37 182 65 19 198 75 16 34 168 196 145 9 144 87 190 115 28 183 43 110 188 21 90 38 154 62 87 64 88 188 177 192 189 162 114
144 98 59 109 183 111 153 187 43 99 184 166 82 171 140 70 63 160 9 59 119 105 131 58 74 154 175 100 148 19 188 161 83 91 166 1 138 116 193 85 112 152 153 100 84 60 71 188 73 131 147 17 57 153 110 19 32 87
192 47 151 183 59 61 122 102 56 103 101 107 70 63 18 82 50 111 30 63 23 118 163 90 85 197 174 84 27 50 80 104 127 72 192 186 139 109 177 32 90 140 6 29 117 188 3 91 30 91 139 135 64 81 161 7 11 53
7 170 177 150 21 169 120 196 187 110 70 148 97 123 171 9 77 154 5 30 5 15 96 103 94 21 94 66 128 169 3 44 34 138 34 42 136 36 120 171 138 22 24 101 13 194 162 82 29 96 26 186 58 100 121 173 94 102
128 29 127 144 157 81 102 128 74 121 139 47 111 6 171 193 8 73 118 136 99 133 51 53 103 62 147 117 102 145 110 107 165 127 41 138 57 132 136 198 112 146 29 72 89 125 15 172 120 36 58 63 107 93 103 27 188 86
193 15 38 91 168 149 1 168 7 1 145 24 151 3 49 50 34 121 179 38 114 49 53 23 64 23 199 30 91 27 35 10 184 121 54 80 160 84 175 129 193 61 147 125 128 32 173 78 155 159 28 141 4 27 171 82 168 115
98 177 6 105 86 116 67 111 119 137 39 98 93 125 139 137 162 128 6 162 171 79 45 107 158 24 128 95 0 134 80 14 9 83 188 135 16 109 173 185 192 67 69 155 144 130 153 61 126 25 141 89 183 193 132 116 109 87
90 186 149 167 44 119 89 175 32 42 155 39 81 46 17 172 32 100 145 148 66 102 13 74 115 190 141 183 111 136 113 63 88 72 124 52 83 93 96 48 1 52 78 83 93 43 29 79 79 146 84 57 35 69 6 177 69 128
26 135 130 9 92 161 67 23 195 103 17 75 43 196 121 32 166 121 198 41 127 72 171 167 98 106 74 30 167 173 189 162 48 104 177 192 116 0 126 33 168 126 140 6 131 156 131 21 171 150 51 192 93 70 191 170 150 142
164 4 133 32 194 61 77 17 75 74 167 114 1 106 155 105 93 91 11 130 21 187 97 187 143 170 173 2 117 167 18 95 67 47 70 171 119 141 144 57 16 88 109 11 173 182 53 172 51 65 189 179 110 106 104 69 116 18
200 72 27 199 29 180 23 32 101 191 150 144 137 152 195 133 168 192 152 74 115 141 14 54 184 2 167 111 178 115 56 167 92 173 164 28 45 75 31 52 175 85 31 11 164 10 113 124 183 145 131 131 29 195 151 128 25 161
148 156 3 16 145 11 116 157 173 100 79 39 114 58 85 61 89 43 108 13 199 44 158 20 69 48 6 104 57 0 66 192 128 22 155 35 190 172 132 148 8 159 120 58 161 123 200 52 9 133 146 109 93 75 99 118 95 104
76 79 111 35 52 109 56 142 191 100 39 170 5 61 197 104 156 189 79 14 195 33 1 126 109 124 179 114 30 193 32 104 33 18 181 142 53 142 160 142 79 190 85 179 188 39 77 56 27 182 175 169 63 104 50 108 56 185
44 22 119 170 179 92 34 198 189 19 175 111 82 152 116 159 174 166 126 95 144 133 182 69 54 17 45 198 137 172 140 92 143 93 197 28 149 54 198 172 200 117 16 176 121 93 151 41 174 27 89 153 99 185 100 13 133 120
110 94 170 4 22 134 123 103 89 104 41 48 110 94 89 165 6 140 179 60 168 142 132 196 84 39 24 136 122 100 108 171 141 81 7 49 15 180 33 163 53 99 49 141 2 21 96 60 131 131 109 136 83 160 66 129 163 95
