76
183 58 152 192 99 40 118 83 73 41 168 18 121 91 187 107 70 73 193 164 13 38 21 27 46 9 97 54 189 80 14 136 74 195 9 160 40 150 37 12 119 43 73 134 75 148 113 34 56 63 10 129 139 130 48 158 78 91 62 90 189 76 63 59 13 90 108 108 184 50 191 23 92 152 102 101
25 125 166 14 45 126 175 145 49 13 197 132 23 160 101 7 38 71 108 22 100 50 94 123 94 97 63 71 75 108 158 67 85 189 121 107 54 151 101 72 43 170 192 136 113 116 0 27 69 200 77 163 50 104 194 185 121 16 146 122 109 21 11 169 122 160 138 116 174 28 174 45 106 145 29 170
178 115 92 137 123 140 40 128 16 12 87 170 101 57 154 196 136 104 37 18 53 2 117 197 55 95 188 163 105 32 125 33 19 78 197 145 95 93 34 84 70 100 184 68 165 94 86 67 191 29 23 132 131 158 178 42 88 58 158 173 184 69 141 112 98 65 146 66 126 65 128 49 90 61 135 111
5 174 146 30 17 81 116 87 53 8 127 184 94 9 92 66 91 0 161 199 139 189 103 178 64 28 25 78 33 36 30 90 159 136 106 188 198 169 16 118 154 170 82 173 12 144 160 74 8 144 194 114 180 139 32 135 131 189 82 135 86 161 198 131 10 147 178 77 73 161 38 60 131 177 145 33
65 75 183 169 168 25 21 92 25 170 58 108 68 157 10 48 109 106 137 117 60 148 74 200 42 74 200 175 154 154 35 179 33 125 27 149 157 149 18 60 114 46 152 104 53 192 104 73 144 73 119 61 81 74 54 197 138 125 160 193 42 45 45 146 91 12 54 154 117 106 63 70 8 130 23 160
4 35 191 188 86 135 168 125 45 97 18 190 81 174 170 73 183 35 17 1 4 125 35 197 163 68 30 75 59 120 60 85 71 195 153 158 51 196 55 167 152 23 79 21 162 11 115 113 161 75 151 22 139 119 41 101 63 42 123 197 142 130 29 105 18 61 139 178 153 178 13 85 68 104 1 103
146 83 30 56 96 153 30 47 68 110 179 117 78 145 164 70 18 68 48 18 41 4 129 127 97 148 44 50 178 62 170 20 150 111 159 66 23 21 7 92 136 2 181 34 104 42 68 199 129 189 73 133 103 163 136 160 50 49 168 178 84 23 148 153 139 94 151 30 84 70 157 106 141 169 24 166
166 21 78 189 71 68 81 154 180 134 41 30 141 108 142 36 10 77 152 191 101 61 77 163 192 88 33 43 125 65 46 158 189 180 63 126 165 37 129 30 162 24 136 179 195 75 89 34 147 193 82 95 6 28 145 13 46 64 25 25 109 125 34 90 170 76 156 188 133 101 79 145 118 128 13 34
32 122 13 73 122 76 7 114 159 195 39 73 189 92 199 93 17 200 123 143 107 144 163 64 122 186 183 175 176 18 27 108 0 162 25 101 113 4 116 34 97 155 25 42 159 14 175 170 196 155 112 97 2 39 14 2 103 56 121 104 151 105 187 165 78 74 137 88 41 25 39 170 68 154 7 175
133 155 137 108 146 76 167 80 72 168 105 132 115 145 168 68 48 105 113 103 46 55 53 145 158 197 82 123 155 35 36 158 96 76 19 30 18 196 50 59 117 104 53 10 107 159 86 155 63 83 93 56 0 86 56 170 167 158 185 9 137 86 146 119 1 190 143 9 18 36 145 166 6 129 144 91
101 40 84 195 9 64 155 81 5 168 161 81 33 126 132 118 110 64 134 6 129 190 92 38 173 93 8 132 142 1 76 129 175 89 171 89 88 90 106 124 7 102 166 87 137 173 94 44 108 188 43 136 88 111 46 131 88 200 174 152 189 132 97 12 7 156 111 113 49 32 6 39 126 68 159 84
149 120 56 85 176 24 140 104 191 35 54 83 24 195 92 106 112 102 131 28 187 154 72 142 181 68 156 23 172 53 66 131 8 12 22 7 61 170 66 121 61 185 125 17 172 113 57 88 187 79 59 10 192 55 192 114 104 183 86 2 87 112 183 55 92 195 111 51 75 30 192 128 98 80 188 170
98 104 93 145 46 182 84 8 35 88 89 95 57 72 105 192 34 142 105 56 139 30 59 94 23 179 53 150 177 73 116 23 148 22 127 160 152 33 145 129 60 128 141 94 190 15 55 40 146 51 114 120 83 111 131 101 147 180 113 71 60 188 176 13 155 200 25 151 79 105 59 159 31 90 77 37
72 87 169 184 149 15 160 147 168 177 132 89 177 6 102 4 48 136 37 105 144 164 54 123 98 79 40 82 35 97 27 1 8 55 82 138 28 77 194 170 79 4 24 178 100 90 50 56 6 155 21 177 54 99 32 120 175 95 159 125 62 71 193 133 185 37 179 87 68 23 196 132 119 11 163 65
157 152 86 66 152 134 147 83 183 146 40 37 40 27 52 31 31 97 77 182 173 102 191 117 64 168 172 162 180 41 190 197 144 0 168 182 16 66 81 102 15 2 46 163 113 115 20 129 7 15 120 141 86 21 0 56 160 88 34 21 80 168 189 173 92 85 110 38 78 23 199 194 109 43 70 132
61 163 182 51 142 101 7 148 25 127 160 196 94 140 133 102 121 119 13 168 141 106 128 7 89 31 68 72 45 77 104 188 44 173 36 144 87 159 37 6 11 159 104 47 188 36 134 58 144 46 179 46 18 146 57 94 176 134 40 118 5 25 10 190 35 116 169 12 119 80 62 127 18 159 187 27
28 109 0 81 77 40 125 51 136 170 57 96 47 102 58 111 138 170 71 195 20 0 155 142 195 78 176 45 15 31 84 38 84 165 39 14 146 105 129 89 39 165 14 62 62 141 135 70 41 136 1 128 37 28 54 71 184 117 36 120 158 29 130 173 171 114 189 72 117 79 8 164 94 117 85 162
125 163 160 97 65 83 39 57 149 30 162 115 5 114 109 115 62 70 12 136 177 11 23 12 157 152 127 98 60 12 40 80 1 71 190 0 28 123 163 126 22 102 133 98 42 86 191 120 37 158 100 102 143 155 109 40 115 192 10 65 68 179 54 60 48 148 54 186 133 181 5 152 88 47 172 96
73 14 125 151 5 144 181 9 162 188 144 183 123 169 167 40 191 66 152 54 161 3 22 194 80 37 52 99 46 58 157 128 32 22 95 1 184 18 124 197 76 86 167 154 72 59 57 145 96 0 4 33 112 121 23 200 90 66 22 102 79 68 175 32 131 19 65 67 74 124 71 186 89 61 180 49
180 11 36 153 20 127 99 103 141 174 13 130 118 22 82 45 5 39 74 118 86 135 13 7 100 139 140 177 62 78 192 25 84 161 120 29 127 78 48 53 113 198 107 124 122 87 7 154 89 113 87 105 190 158 5 68 185 30 23 198 86 162 104 184 121 146 9 52 87 182 168 111 192 170 158 152
85 51 169 155 49 28 47 157 150 179 91 48 50 52 77 39 162 155 47 73 27 5 166 73 20 192 123 198 166 84 62 20 98 114 161 109 172 134 169 120 30 0 121 155 67 105 17 65 46 70 105 136 42 26 118 155 89 198 25 168 94 90 118 74 30 107 134 183 155 17 176 168 72 101 89 187
17 95 8 145 42 171 134 139 142 162 152 137 110 89 137 133 9 129 27 182 157 174 2 138 77 11 109 142 42 56 152 124 72 35 141 17 131 35 67 1 9 60 152 159 32 53 169 101 132 116 4 43 106 136 182 124 132 174 96 96 138 14 82 110 17 35 99 106 77 113 149 131 193 130 2 88
180 177 43 29 186 147 144 94 123 185 175 64 81 83 90 83 55 89 33 119 58 190 70 186 38 112 147 169 24 45 8 55 40 184 26 182 178 45 113 101 198 190 14 47 195 113 17 46 45 72 89 161 22 81 87 185 111 4 2 90 127 124 147 45 141 126 83 143 192 14 193 151 134 86 172 183
14 69 174 38 139 104 76 74 156 19 158 121 143 6 189 146 29 77 150 187 118 87 62 118 107 133 179 186 158 138 69 199 131 18 52 139 47 134 91 109 150 29 118 164 143 37 186 117 161 57 135 79 60 32 177 39 84 45 0 19 71 96 121 146 3 24 45 191 150 149 118 171 161 197 180 88
184 29 168 114 85 145 0 41 28 65 178 88 76 170 176 147 51 153 82 27 166 86 93 109 48 131 19 155 179 5 185 146 128 184 144 47 171 39 170 156 24 47 30 146 122 106 59 34 57 177 138 12 35 164 141 155 194 123 194 72 7 99 184 48 41 115 97 184 192 100 140 59 69 44 44 35
196 30 184 32 177 103 171 164 152 20 55 178 36 187 138 77 24 98 54 139 96 9 22 191 14 178 20 51 196 56 47 98 26 184 177 19 154 117 61 60 55 42 86 98 180 191 194 188 20 51 185 36 195 72 58 38 125 171 119 161 147 2 53 71 85 165 125 6 32 69 151 78 39 99 124 114
8 115 127 154 4 46 16 139 49 185 153 0 194 46 133 185 140 117 186 124 101 193 176 6 107 136 185 1 91 196 197 144 20 105 47 78 94 71 177 191 44 90 114 42 93 9 171 184 146 167 80 114 22 29 180 61 178 60 181 169 3 35 200 92 48 9 32 48 143 82 132 16 59 165 87 133
109 100 65 7 79 25 79 69 132 50 75 139 132 144 4 74 112 162 89 38 29 24 109 65 130 39 103 98 168 99 135 93 171 147 25 108 87 132 188 101 3 147 146 43 165 77 99 46 101 41 15 5 175 57 33 22 6 143 43 154 18 48 57 57 21 53 54 46 67 115 10 185 86 43 100 26
182 22 96 26 65 195 199 196 114 175 111 54 108 17 69 135 76 166 66 102 43 72 162 132 124 13 172 72 28 146 114 122 141 91 32 152 81 9 177 35 187 169 129 10 50 133 198 162 19 77 20 5 123 72 61 128 158 73 175 32 83 152 33 98 1 165 120 187 133 127 47 42 110 151 39 63
48 68 84 141 74 178 59 110 23 101 184 29 44 21 7 193 167 46 63 67 180 186 140 66 175 177 20 192 101 28 57 80 69 131 140 190 167 14 144 80 13 52 150 149 43 159 80 153 112 89 133 70 109 115 86 23 149 100 63 0 96 48 146 123 130 83 74 196 184 179 88 87 159 76 66 194
39 58 106 80 63 175 72 111 31 84 81 98 171 197 127 31 104 160 48 11 4 121 197 88 114 190 7 127 10 8 186 90 44 146 72 179 130 123 68 200 73 135 151 78 68 1 167 22 163 178 92 165 47 130 63 185 153 74 170 200 153 113 52 39 49 118 98 16 181 49 56 149 117 158 54 44
188 31 146 48 68 120 68 121 114 118 129 7 66 187 115 181 20 175 192 120 139 98 85 27 131 109 142 58 129 21 3 52 191 66 36 3 60 162 189 120 61 0 89 179 200 73 95 182 124 13 143 135 58 145 69 64 143 4 7 56 54 11 90 55 49 0 7 5 76 185 159 31 119 143 155 73
10 30 97 113 76 200 14 179 115 184 80 15 191 22 21 9 139 136 89 182 32 104 73 149 19 151 132 195 92 185 55 51 146 188 90 31 36 14 132 97 58 156 45 9 179 82 63 164 120 5 29 79 190 18 192 125 94 7 74 92 76 129 62 28 137 125 22 2 177 186 33 135 115 195 51 137
133 163 146 40 129 153 184 106 78 2 18 137 199 29 119 40 38 144 146 108 59 31 178 82 44 153 136 114 89 78 24 101 42 137 160 195 0 26 144 4 97 83 149 133 141 197 165 31 121 127 143 163 10 59 158 27 197 152 181 196 25 189 116 189 60 154 61 139 83 44 153 157 160 109 96 166
120 156 128 122 97 22 49 74 196 149 29 3 47 43 99 3 56 136 170 62 9 69 36 90 12 108 7 154 157 153 74 65 32 42 195 94 43 52 101 27 48 110 187 167 125 7 156 3 95 30 167 106 3 104 78 16 137 174 123 187 3 182 0 136 14 92 129 29 101 42 155 92 57 89 117 34
17 6 35 88 168 22 145 99 3 190 13 15 51 81 116 83 3 177 55 194 32 114 83 180 124 145 196 30 167 25 83 53 34 52 121 97 78 188 133 85 173 43 195 102 11 77 93 38 62 93 143 13 53 191 115 164 104 164 168 58 128 51 98 95 37 27 85 19 101 37 113 31 89 36 91 28
154 98 111 99 151 39 56 149 193 23 31 61 17 22 169 7 66 120 3 178 70 193 1 53 167 22 147 126 22 108 115 138 184 77 177 194 160 35 53 196 23 21 193 53 177 37 98 29 170 50 12 200 125 110 63 104 175 129 77 21 179 47 125 24 37 189 58 174 62 12 121 93 74 76 141 189
113 117 76 118 65 67 48 139 70 194 47 134 111 108 80 153 64 166 0 102 200 108 33 153 178 94 104 122 125 154 29 72 157 168 7 100 167 190 74 78 35 156 24 198 99 185 108 127 177 49 120 44 72 187 196 188 15 73 13 146 135 0 80 88 38 188 38 129 146 167 99 41 97 81 60 101
55 64 53 52 144 94 96 155 140 36 183 51 118 40 81 42 81 19 143 46 72 77 32 101 67 139 197 7 9 37 113 91 200 119 128 143 154 78 178 157 150 55 171 148 183 109 96 114 106 180 15 188 28 149 3 132 167 40 35 28 189 142 89 168 64 96 37 198 85 124 22 144 127 67 69 31
133 42 80 119 191 53 57 85 94 55 9 58 46 189 170 11 6 160 180 186 117 150 20 66 137 61 59 25 128 69 134 4 11 176 50 137 42 120 169 60 86 46 57 25 191 80 115 166 119 43 136 131 200 118 184 84 37 157 188 143 105 157 77 40 24 119 51 106 193 125 81 38 48 45 35 88
17 46 29 6 51 2 192 115 62 7 26 108 77 27 8 24 124 175 45 108 66 74 38 12 178 30 25 152 111 5 160 35 136 78 82 113 25 67 20 101 33 39 183 37 65 73 127 129 39 121 118 120 149 189 61 66 73 174 65 7 107 90 58 19 194 194 89 1 101 57 93 157 31 159 160 134
121 19 95 122 105 28 5 118 30 43 104 162 45 163 95 141 61 108 113 72 197 21 96 134 111 135 140 60 41 200 170 78 59 43 174 200 66 169 94 195 19 24 68 100 168 46 49 160 141 190 122 189 52 192 85 138 52 16 85 50 129 154 6 105 29 39 73 172 65 64 159 18 24 2 72 16
199 195 170 128 22 92 30 147 9 8 48 161 64 43 192 40 119 99 77 26 185 34 160 53 53 191 120 53 24 58 45 25 173 121 105 135 46 28 125 114 170 151 167 125 20 28 38 92 89 36 9 51 44 57 113 118 181 53 184 187 164 184 174 59 8 116 154 194 182 200 133 169 24 75 138 147
0 104 147 77 121 36 181 200 71 186 48 191 102 30 139 7 96 22 169 105 168 61 177 65 61 135 31 6 167 105 56 54 118 29 94 3 129 14 20 60 117 189 89 6 107 150 74 157 12 60 50 42 77 172 191 20 0 130 1 33 6 40 143 139 11 26 119 70 35 103 84 21 195 89 162 181
59 3 106 89 124 90 95 142 191 106 81 117 5 197 10 75 94 147 3 123 92 200 38 78 77 50 119 59 54 45 109 199 194 37 100 52 182 86 34 59 47 74 53 122 161 124 200 195 17 118 124 40 44 133 163 103 30 108 6 1 40 49 177 103 29 49 88 179 85 77 137 76 131 176 60 9
117 31 38 148 2 176 93 172 166 160 20 131 115 173 41 149 120 69 65 61 50 61 6 132 78 2 190 74 177 22 144 40 33 160 175 180 176 50 24 154 169 166 37 130 15 129 6 153 188 190 177 19 165 188 47 45 86 29 65 61 169 3 153 90 145 140 158 161 59 78 186 156 177 12 102 184
16 67 115 100 70 113 152 171 174 144 6 12 163 159 117 69 156 199 138 98 33 74 153 78 93 116 113 57 92 190 184 85 100 31 71 147 19 175 127 180 45 53 51 179 103 86 18 36 172 125 42 59 42 80 19 71 148 153 116 111 10 67 10 170 96 53 29 161 181 38 134 59 14 106 74 23
132 5 104 169 161 191 131 44 95 143 119 52 43 155 66 148 124 29 71 37 111 165 191 175 190 166 19 32 19 37 95 106 156 74 6 70 95 118 39 76 34 181 64 79 96 42 200 121 109 32 21 186 59 97 174 193 158 172 19 106 95 77 31 127 194 161 151 82 14 44 59 194 2 92 137 3
21 119 100 100 164 140 102 115 26 85 188 4 102 40 149 47 94 148 28 68 128 162 88 169 134 194 127 189 70 130 166 106 34 130 81 68 137 157 124 12 42 92 108 38 182 190 52 68 147 51 117 129 43 108 98 2 121 163 63 20 13 15 182 99 88 25 199 17 11 65 99 19 54 137 102 167
171 64 69 156 106 87 12 84 146 99 157 127 141 146 91 195 45 28 136 97 101 90 28 109 192 125 75 119 15 12 121 89 162 18 127 24 32 58 54 126 44 74 185 114 3 191 10 103 47 28 170 107 51 47 16 108 159 48 114 85 12 37 33 4 41 46 142 17 128 51 99 86 68 151 65 64
20 68 76 178 176 117 165 116 93 149 64 174 15 1 126 139 2 93 27 115 157 75 53 171 10 146 117 82 41 22 152 109 151 195 173 54 162 57 92 84 40 189 30 74 48 170 185 84 115 16 4 157 106 191 25 0 16 133 52 112 107 173 31 98 122 67 168 199 182 108 53 185 23 111 180 170
70 116 26 11 176 107 109 137 3 111 74 161 11 32 84 6 49 126 163 109 184 141 2 182 27 187 154 100 175 123 91 42 181 123 116 131 43 47 49 29 173 154 153 139 140 176 116 114 197 47 80 75 23 154 76 42 143 105 14 92 57 94 107 126 67 0 60 40 31 42 15 152 110 44 147 107
162 64 129 101 147 7 31 61 194 150 34 18 88 115 6 135 105 74 58 95 162 134 90 153 84 50 96 193 125 58 44 6 0 147 70 166 68 116 40 139 55 23 188 13 30 101 120 42 169 0 9 120 49 169 126 193 131 114 188 28 59 169 19 0 30 137 119 133 49 121 56 56 24 4 193 194
138 86 123 163 114 120 25 58 48 186 89 83 198 197 61 191 128 23 67 54 162 108 58 108 8 193 61 177 101 198 192 198 131 176 197 175 31 95 23 19 155 12 11 132 14 186 140 75 77 2 193 84 188 17 129 70 134 60 15 143 179 59 83 11 169 64 92 157 42 79 148 117 118 40 81 166
18 151 129 123 26 123 83 107 5 127 107 17 171 167 1 189 170 183 150 67 168 70 102 121 169 87 107 96 42 122 29 174 154 19 190 90 133 163 56 106 31 67 162 93 183 50 89 124 8 90 200 120 118 109 102 145 82 111 33 94 40 138 170 7 112 127 45 94 103 63 200 103 170 131 165 109
177 167 92 196 21 15 43 157 62 78 174 184 17 84 36 49 120 11 24 64 114 130 105 50 12 24 73 58 161 122 16 64 176 51 82 97 52 110 134 0 145 105 60 66 165 34 26 151 47 112 15 41 48 98 156 64 42 118 96 122 85 28 93 188 19 35 37 120 166 103 42 37 45 2 130 68
97 137 59 69 144 27 30 89 17 59 143 102 146 124 20 48 58 92 65 53 99 177 97 112 105 166 156 196 152 187 67 132 88 53 158 130 35 163 5 24 79 127 172 177 10 24 160 149 120 157 169 136 140 106 39 90 121 7 159 129 168 190 133 78 141 84 119 9 140 165 189 77 91 180 178 78
27 79 183 90 95 8 30 55 121 49 17 62 33 20 117 124 93 141 33 89 23 191 74 69 55 95 8 103 26 1 57 198 79 99 96 38 74 6 151 177 109 27 24 155 58 33 65 39 131 182 44 100 10 174 36 30 112 107 27 14 189 30 81 66 32 135 57 21 174 27 178 85 97 118 75 147
89 96 121 192 68 95 122 173 16 133 67 160 34 164 0 51 134 168 67 198 51 2 32 26 28 104 155 110 189 102 72 146 123 131 13 105 94 127 133 172 109 37 186 57 140 141 115 92 144 67 87 54 156 119 200 173 59 168 188 80 11 35 62 70 93 62 198 13 75 163 179 58 134 36 191 149
66 86 192 18 133 117 171 54 157 199 177 74 138 88 28 70 37 198 158 71 107 40 56 88 169 153 42 8 35 139 19 74 159 182 87 175 18 130 3 195 177 133 94 197 106 126 12 13 43 122 128 160 33 115 27 96 150 178 22 76 22 146 163 8 63 193 133 138 126 114 2 140 10 39 157 181
8 57 138 182 36 115 26 12 176 32 165 6 58 156 48 17 23 84 111 94 92 174 160 21 27 42 0 125 116 54 26 87 106 107 8 49 57 101 5 117 109 186 2 21 70 131 152 136 190 152 91 65 72 35 112 12 36 29 20 62 171 18 172 122 38 124 35 29 42 120 185 190 73 101 178 186
144 189 24 141 139 195 187 39 178 188 180 89 80 174 5 41 166 83 130 135 123 106 136 199 165 17 102 63 2 27 71 171 90 58 87 69 15 153 184 93 36 18 17 102 22 57 25 161 187 88 159 85 105 188 69 79 137 184 83 3 37 82 89 25 171 157 26 11 59 29 86 157 136 188 79 130
47 172 7 51 134 69 137 86 66 169 40 50 139 65 50 180 104 133 81 96 28 166 99 78 162 29 177 122 75 181 21 18 15 17 76 156 118 148 110 111 41 156 62 196 126 100 85 18 120 186 97 151 20 30 145 153 26 130 185 60 76 66 17 60 128 120 5 88 121 162 194 73 40 144 38 61
91 19 137 87 162 133 120 24 16 172 7 172 97 132 143 54 96 85 112 42 111 186 8 114 55 108 31 194 137 98 146 179 175 15 157 148 192 30 194 15 190 126 70 197 140 8 124 54 188 14 56 90 178 145 90 116 195 101 0 163 70 91 66 73 148 6 77 122 95 20 10 132 188 118 70 98
77 188 8 20 154 130 87 71 193 55 38 181 26 32 5 170 147 101 65 195 137 140 12 2 187 179 158 135 103 180 16 175 182 195 35 101 190 153 51 134 15 119 66 77 154 64 86 82 24 88 96 171 194 197 15 84 115 164 197 36 7 62 120 132 86 102 34 186 156 98 99 142 4 135 31 19
116 185 154 197 71 102 144 184 32 65 104 87 88 101 84 159 171 114 159 178 71 6 133 0 89 154 12 167 106 186 187 181 90 89 83 8 113 94 119 108 90 35 192 189 3 113 88 91 60 150 124 53 9 28 34 112 182 33 67 190 119 182 42 88 33 73 191 69 161 159 115 178 164 82 7 165
102 21 147 179 54 200 92 132 166 67 108 83 94 188 50 6 80 185 161 62 24 102 177 125 78 141 162 135 39 55 144 116 102 70 176 130 26 6 138 121 89 82 38 158 63 65 198 89 56 33 182 161 134 183 112 86 20 94 101 128 61 63 42 146 113 197 73 193 37 112 136 21 166 133 6 125
160 17 5 88 185 105 52 131 28 78 114 117 66 7 114 92 192 196 99 90 186 15 86 85 68 125 52 108 188 102 15 125 150 8 23 52 46 182 27 91 155 145 118 118 57 144 21 7 156 34 28 50 168 92 137 82 90 39 85 112 128 44 32 51 139 195 72 7 90 84 148 7 96 168 120 81
185 73 29 146 134 23 96 105 169 101 167 174 96 150 162 55 197 139 145 197 49 1 70 38 151 198 49 178 100 99 63 156 12 181 36 47 188 62 137 59 142 188 165 61 49 119 126 9 82 84 192 19 169 126 55 34 17 188 116 6 47 18 35 69 41 65 38 122 118 165 48 82 88 171 71 38
154 112 162 76 17 133 15 21 79 84 171 9 168 136 15 72 53 157 143 92 129 191 17 59 19 187 12 187 141 176 121 76 148 25 145 189 33 116 200 0 10 26 84 47 50 181 185 21 43 53 78 70 75 3 121 34 139 171 128 87 132 161 146 162 60 190 21 38 91 1 102 13 121 200 12 69
197 176 188 133 62 23 128 182 0 98 129 99 63 132 179 174 162 89 111 48 40 29 3 167 169 69 147 83 89 66 39 86 138 133 83 45 132 72 56 79 46 171 13 193 172 118 182 123 170 136 5 172 135 2 19 71 187 22 120 133 72 143 119 102 19 71 69 110 103 22 9 193 14 28 141 112
105 50 93 152 34 85 145 13 136 63 148 59 10 122 161 154 187 142 45 37 127 37 114 67 17 100 78 11 31 156 95 145 62 70 108 13 9 174 200 53 117 17 159 116 36 169 60 117 15 106 91 174 69 19 61 58 182 103 158 1 124 195 152 10 169 137 23 77 79 158 112 38 180 112 103 24
134 126 130 59 43 56 122 51 108 155 82 68 153 2 124 22 75 132 192 102 158 139 169 14 85 29 75 87 164 41 74 78 33 118 175 117 53 98 24 163 106 143 96 136 189 54 185 195 102 50 174 143 110 10 137 59 21 68 89 120 39 162 195 37 180 93 56 35 134 168 97 102 197 94 146 17
163 152 75 195 102 18 53 164 115 116 76 160 87 3 47 82 134 136 1 7 88 63 69 1 30 77 195 166 150 141 160 128 145 96 164 20 186 79 146 40 123 169 122 181 133 130 64 17 31 174 69 137 111 128 106 60 126 96 14 3 149 121 94 173 165 88 174 15 129 189 164 153 5 54 148 181
45 171 181 149 129 171 114 123 98 124 84 184 56 154 199 104 130 18 149 104 106 20 187 147 43 112 166 197 26 152 91 69 152 174 91 161 182 34 43 110 148 48 145 127 169 133 144 32 167 107 102 46 140 166 51 110 85 60 198 189 187 61 29 134 71 79 179 62 69 200 10 135 192 157 133 35
174 9 68 185 54 74 169 193 71 102 199 170 9 16 19 152 1 84 50 160 161 126 141 24 156 9 127 42 50 116 77 105 57 174 125 179 152 9 163 180 145 179 80 175 107 72 30 12 138 135 53 128 172 6 55 189 155 27 181 163 126 152 117 97 94 168 173 124 9 136 144 57 199 32 49 21
