60
15 138 57 93 118 161 189 171 124 116 52 113 183 176 61 7 113 48 66 25 98 10 43 107 181 26 105 121 183 29 34 6 157 129 93 26 39 197 35 57 79 174 65 67 49 129 101 187 195 121 66 165 42 24 84 16 180 71 134 79
11 189 72 82 16 105 103 20 174 138 188 21 186 90 182 126 4 39 109 48 37 182 184 150 185 54 176 126 39 0 28 155 50 23 163 151 118 43 151 155 112 139 74 114 120 78 103 19 74 33 114 172 7 95 34 12 122 94 116 138
62 5 48 121 109 7 20 114 84 106 43 86 143 23 180 58 24 102 121 120 97 1 200 181 141 186 40 85 102 135 156 159 27 4 190 124 20 7 31 151 153 153 130 169 107 121 29 153 9 15 35 161 89 190 13 2 0 116 96 198
31 64 183 108 132 109 104 167 138 172 188 60 169 199 27 127 165 10 137 146 151 16 15 183 129 59 185 190 81 195 50 181 63 57 24 170 49 188 138 128 115 70 111 185 156 155 18 104 176 40 86 148 198 56 50 22 71 49 41 186
23 191 161 87 164 183 137 8 5 143 117 57 136 126 91 26 66 181 125 187 107 0 0 16 60 10 165 200 155 190 95 28 189 191 128 164 58 164 67 36 88 52 80 162 188 152 66 36 62 131 33 147 59 181 197 156 41 111 153 43
164 60 125 138 121 96 191 162 114 47 82 23 161 166 44 130 35 130 59 43 120 92 31 192 4 109 108 133 0 1 188 100 85 175 178 12 148 14 121 47 16 13 198 197 165 159 160 41 197 98 77 182 130 74 37 36 5 128 188 57
171 69 89 190 59 68 115 90 64 11 64 179 145 82 196 34 102 191 69 165 7 151 7 175 135 183 29 171 32 173 190 169 100 169 31 82 39 190 178 16 104 182 153 118 41 151 1 153 63 179 23 36 26 190 81 82 124 12 66 136
73 124 46 58 27 51 127 179 176 93 120 40 23 112 70 37 165 23 107 176 15 167 137 76 102 63 198 65 78 42 112 73 103 58 131 95 34 6 9 116 84 29 151 116 161 66 184 13 141 164 135 171 123 179 21 142 194 134 89 42
72 98 7 122 114 25 100 56 82 111 148 112 0 12 1 66 72 112 35 180 57 134 123 75 86 185 96 173 101 119 0 31 187 172 158 37 2 93 193 109 105 167 128 140 188 184 141 6 29 172 18 58 56 26 75 38 173 7 38 29
1 170 106 11 98 78 83 27 37 77 188 64 77 66 54 135 116 131 181 165 22 13 186 160 90 173 120 120 119 72 91 149 171 86 64 134 2 144 35 126 187 20 176 104 102 48 46 93 1 56 114 58 186 31 21 46 15 169 180 20
69 91 136 45 91 187 10 99 149 193 134 3 139 160 130 109 188 83 171 23 165 10 166 200 20 123 32 123 102 159 105 119 139 34 191 153 11 132 76 114 91 62 83 80 138 1 28 120 97 49 95 97 116 30 57 145 105 107 50 149
94 57 52 38 55 2 21 131 103 45 126 39 163 155 165 158 150 112 139 188 50 156 195 66 140 128 78 85 111 145 91 163 121 29 51 137 160 93 186 84 24 12 133 143 136 159 70 66 77 190 73 119 124 188 17 195 173 48 147 199
86 14 200 153 35 117 102 7 49 44 8 191 48 180 13 4 186 12 132 105 171 98 170 68 108 1 197 154 153 196 43 144 156 188 50 129 9 7 194 123 46 41 99 26 69 113 30 160 107 61 16 141 34 90 167 50 57 127 87 168
11 179 143 127 122 188 161 83 106 134 165 178 155 196 47 18 166 156 177 80 129 180 172 108 15 177 9 69 20 43 33 168 137 21 19 103 148 84 168 59 139 184 127 146 192 22 170 116 105 125 145 69 7 21 110 166 178 36 28 197
90 82 79 192 125 144 109 177 184 129 76 79 43 65 49 198 44 48 14 159 53 101 152 60 73 157 110 175 84 176 149 48 24 94 111 46 139 77 64 111 31 166 126 120 156 189 183 103 100 99 186 190 73 105 32 111 128 23 153 200
19 103 87 139 171 39 172 182 172 173 32 178 182 165 124 16 196 67 6 142 3 19 96 169 142 157 78 181 199 68 16 166 182 129 182 58 51 192 151 185 136 197 8 105 159 191 194 88 176 186 33 62 32 76 21 134 149 145 83 62
120 59 68 200 69 62 122 55 76 89 179 4 85 59 72 156 185 19 138 96 119 92 75 199 198 101 159 182 85 63 87 124 12 52 7 57 124 199 179 65 87 170 154 124 156 70 77 95 38 162 92 103 182 8 68 67 189 0 97 115
70 27 76 92 143 107 197 153 126 60 33 186 1 85 23 6 94 79 15 43 119 141 165 106 1 146 198 71 152 34 110 72 174 178 163 191 41 98 181 169 126 57 15 155 71 21 82 100 39 97 141 186 43 183 125 158 139 53 43 14
93 47 160 168 42 169 43 9 61 33 125 195 176 104 143 57 50 75 127 119 106 0 29 114 196 162 59 144 14 73 186 112 56 122 191 27 97 68 46 56 107 20 132 30 98 125 171 6 33 45 170 174 110 190 191 89 132 170 11 108
52 167 175 4 122 177 124 196 162 120 2 138 80 81 8 138 64 165 147 14 41 48 144 33 137 139 85 144 119 3 139 130 73 7 160 29 111 117 189 80 67 167 83 43 126 96 45 41 35 23 86 195 63 45 169 182 109 151 24 65
186 17 51 140 17 63 19 131 135 75 193 177 37 63 129 22 69 58 132 79 182 24 80 3 183 174 112 19 65 22 127 168 82 104 83 111 9 28 195 82 29 30 28 141 85 103 111 14 62 148 47 11 27 136 142 130 80 148 54 186
113 7 127 112 60 10 50 153 94 16 104 154 91 122 163 12 104 99 83 49 144 31 23 31 59 83 112 19 85 67 97 137 41 66 47 150 36 135 65 24 83 97 200 6 73 50 150 0 102 83 169 61 160 106 12 196 167 170 145 188
145 32 80 89 112 70 20 69 34 2 135 72 0 186 194 3 47 196 35 13 123 19 103 85 66 90 185 144 8 11 29 153 139 92 158 141 172 131 12 24 85 87 102 139 167 3 103 117 104 84 11 134 125 180 68 108 51 78 70 55
28 25 155 159 29 43 163 127 143 192 73 65 57 96 170 182 64 84 122 149 72 117 188 178 29 42 72 11 151 68 183 80 160 64 75 161 51 18 193 24 11 78 67 92 10 97 121 73 160 46 110 154 151 110 115 27 143 18 19 118
167 21 195 152 134 94 10 195 10 19 181 75 189 148 87 104 53 55 49 30 180 104 126 15 139 108 159 8 25 24 120 74 168 64 84 128 113 90 168 140 137 90 139 122 27 25 178 128 115 83 65 100 189 133 19 197 159 163 53 19
184 9 3 100 51 177 54 67 19 39 149 105 62 188 196 131 0 64 145 15 183 94 63 2 100 68 62 184 42 84 122 31 45 124 186 74 166 140 2 18 165 199 45 95 195 159 34 19 81 135 153 71 128 68 194 109 37 139 7 76
88 172 37 30 50 70 51 94 14 91 71 195 57 91 123 88 178 161 150 124 70 190 94 174 67 82 88 54 123 26 169 9 157 121 115 191 194 113 95 71 103 63 86 187 7 198 110 53 53 126 51 89 119 27 191 18 52 166 105 167
193 165 36 52 169 11 5 43 43 32 102 175 31 130 197 35 7 64 54 170 80 190 32 34 137 199 36 196 36 188 197 179 18 181 41 180 11 94 25 132 78 136 64 182 38 185 181 42 64 33 131 43 178 120 11 21 193 164 56 159
193 148 30 121 162 34 121 150 104 98 165 126 104 130 162 25 143 43 125 117 133 73 194 149 177 37 34 84 160 107 127 105 32 176 193 177 74 63 38 38 138 86 92 75 47 58 179 49 147 118 184 36 53 22 51 116 30 3 91 111
184 170 77 199 53 64 101 141 122 12 192 71 121 44 82 155 113 99 115 80 50 153 6 115 30 197 190 116 184 166 108 7 81 140 50 26 27 35 102 55 12 191 24 195 37 80 28 142 107 114 147 87 164 179 187 145 68 137 114 56
99 26 22 132 86 138 197 168 131 108 71 191 166 17 101 191 199 198 122 119 118 46 131 41 154 108 172 56 120 190 35 146 135 110 133 174 151 88 72 153 180 48 86 171 25 62 122 145 35 137 65 57 170 100 41 47 190 71 47 150
186 26 94 163 44 112 177 137 108 93 33 12 47 82 147 20 148 100 118 52 102 6 56 182 7 18 118 96 171 106 89 46 10 160 164 140 17 166 178 112 156 87 115 58 21 54 48 170 77 199 90 160 100 78 135 141 79 160 146 68
40 48 99 191 85 149 20 182 126 37 135 158 144 110 66 121 33 188 157 97 145 103 153 2 166 85 33 184 134 69 197 22 66 52 134 27 177 62 83 2 67 150 40 188 58 30 67 119 79 176 4 96 101 136 167 64 141 140 5 125
150 173 163 117 157 133 123 134 189 131 39 100 38 181 91 157 13 139 103 174 63 11 138 173 116 82 4 72 194 186 76 197 167 119 64 167 139 148 29 156 26 150 200 172 100 6 147 44 190 125 152 113 5 66 43 65 160 135 157 104
131 87 113 125 133 179 94 57 143 173 171 134 190 114 195 113 153 52 1 12 63 122 131 73 2 185 178 54 97 146 6 103 108 0 106 168 188 5 80 83 60 177 104 172 5 176 36 137 33 172 70 9 16 168 185 111 17 144 80 195
23 128 141 63 156 167 145 157 127 98 49 24 143 79 160 102 151 92 78 52 3 38 123 147 24 170 156 4 71 130 149 137 81 198 105 115 158 80 16 27 52 182 15 0 171 31 168 169 144 148 103 39 77 70 197 39 18 18 158 157
121 85 62 61 13 46 76 42 186 82 56 135 64 198 78 188 52 199 146 107 75 119 83 145 7 160 131 71 194 9 39 155 155 90 187 128 60 28 150 13 98 43 152 94 111 169 54 16 161 179 139 114 19 151 160 32 71 65 17 17
198 62 192 60 197 133 56 101 183 155 134 127 66 108 128 77 131 42 68 80 48 28 64 111 70 105 114 0 114 157 154 82 28 187 22 69 181 135 82 8 62 1 183 79 122 136 139 184 110 186 60 88 27 91 107 3 145 104 155 48
18 62 18 40 138 44 173 99 157 92 81 26 10 106 36 32 29 200 52 55 158 176 23 193 156 151 48 21 83 103 39 157 83 187 69 165 84 107 60 100 92 0 90 31 60 120 25 186 44 200 101 118 123 4 122 74 144 107 143 111
15 185 191 31 52 192 124 163 135 80 75 29 6 178 182 158 46 2 49 34 178 169 3 50 21 148 27 105 174 94 142 159 28 8 2 51 186 105 39 94 148 57 117 63 133 76 101 66 84 38 15 55 200 121 24 90 84 105 31 199
61 180 120 196 51 81 147 190 169 174 168 170 102 180 118 190 186 138 138 71 112 102 190 152 80 143 16 15 75 176 128 199 150 2 138 158 61 117 95 76 148 51 90 27 198 57 168 55 5 168 85 198 1 97 103 115 96 165 168 124
186 169 146 7 33 187 95 133 24 0 81 65 41 139 104 67 132 132 123 18 47 142 30 106 26 156 3 76 102 3 68 184 111 71 131 47 114 87 166 110 91 22 145 198 188 117 151 0 182 72 37 28 173 152 101 103 122 89 97 200
44 182 183 91 102 98 9 185 62 111 42 110 139 107 149 10 64 111 197 163 101 140 51 85 131 85 65 25 101 138 16 29 111 175 112 186 0 8 70 96 198 193 28 118 142 191 169 153 48 4 128 176 136 74 104 6 184 200 163 62
157 171 168 117 196 95 146 66 50 124 60 171 104 13 45 17 89 106 30 154 74 161 17 114 169 29 41 7 69 150 73 164 69 74 24 180 4 49 76 63 185 89 161 59 61 24 6 128 184 129 51 111 32 151 88 115 69 74 83 131
187 40 124 132 173 186 178 81 197 178 67 54 84 127 86 165 80 81 170 171 1 64 189 145 74 91 25 37 19 191 55 175 97 148 118 26 195 121 105 119 9 119 150 162 120 155 36 193 141 27 145 179 73 34 128 55 198 191 49 174
19 44 6 150 23 184 44 159 140 126 167 4 59 8 97 153 88 29 4 33 35 152 140 167 19 75 64 42 116 116 171 113 93 144 109 43 172 125 8 23 124 31 69 51 41 134 188 135 183 20 144 174 114 138 34 95 29 182 53 145
141 49 140 98 170 175 137 62 46 136 150 185 115 137 25 188 191 103 178 193 153 151 142 100 24 134 16 30 21 144 0 47 5 138 56 160 142 100 155 118 106 173 65 179 165 72 18 46 83 26 197 50 50 149 81 150 36 123 162 169
132 200 65 73 196 184 174 136 31 86 126 33 92 143 131 8 86 126 138 42 129 37 26 50 194 156 131 77 97 73 194 131 17 184 43 73 180 59 113 28 163 112 26 108 132 170 173 15 105 157 73 54 183 36 153 187 74 19 91 121
176 178 53 154 113 138 177 45 59 55 4 78 99 142 3 113 114 185 44 168 165 43 7 76 191 186 72 109 30 67 173 129 88 81 60 52 179 116 70 57 42 199 146 64 100 163 108 131 63 173 182 82 131 140 119 117 125 105 129 43
156 57 122 67 140 152 90 5 187 0 10 53 152 81 36 1 1 191 126 43 54 72 161 110 171 43 115 106 182 75 73 155 37 18 12 154 32 143 21 171 148 134 196 175 193 195 42 61 78 55 125 159 98 147 179 187 103 33 170 178
131 62 53 191 62 8 63 43 87 39 98 88 12 156 148 62 165 121 183 119 22 161 113 83 39 176 127 77 97 175 17 191 183 38 167 191 137 86 52 184 85 175 198 85 63 118 194 180 128 54 86 13 130 199 126 142 109 184 74 147
163 63 94 126 188 166 67 70 18 195 51 47 63 30 164 121 111 8 13 13 79 138 165 59 110 21 106 84 144 95 22 62 191 43 24 51 148 171 44 163 124 22 119 81 121 63 184 105 4 70 59 78 138 20 83 2 20 157 176 167
185 167 199 105 11 93 103 164 198 113 93 180 198 47 102 168 130 54 110 94 157 159 17 99 122 53 109 193 123 72 101 198 192 115 121 34 89 16 32 20 173 124 69 121 133 14 131 164 94 43 121 15 94 194 134 185 196 195 134 79
139 66 70 190 14 166 134 143 60 87 118 182 169 119 153 190 116 51 148 181 3 95 49 187 77 17 51 87 104 191 193 39 2 183 12 84 190 188 58 29 92 196 99 97 129 139 119 117 97 174 115 200 50 92 122 3 92 38 139 134
42 96 160 39 36 18 66 150 194 107 176 164 129 23 173 9 148 12 139 37 171 44 17 149 11 46 28 25 53 189 64 44 88 8 169 126 64 170 80 48 83 125 163 109 185 45 107 23 158 21 103 60 44 18 66 112 37 143 19 187
79 67 181 12 161 180 159 66 29 104 159 147 178 4 154 95 129 22 27 195 87 182 49 55 43 131 174 140 16 15 126 90 160 75 36 41 199 169 186 138 159 25 45 121 156 118 43 144 152 189 20 185 109 5 88 114 99 85 177 86
82 133 149 134 94 65 70 5 143 34 168 189 32 120 133 195 66 184 107 121 89 139 75 136 196 43 59 171 69 30 162 162 123 124 65 25 159 130 125 174 107 150 156 100 196 150 97 74 165 176 158 193 46 177 0 145 46 125 132 181
82 152 140 24 171 100 174 89 50 91 94 6 38 19 112 46 115 31 70 10 51 197 160 110 94 87 120 82 176 84 177 164 20 110 7 171 59 85 89 52 147 132 65 96 165 155 97 141 154 96 26 135 87 45 61 115 54 121 181 63
127 185 136 98 167 72 111 72 34 130 13 37 40 20 28 162 88 58 118 161 137 149 39 171 75 7 131 156 149 100 115 105 193 68 110 31 190 150 184 79 25 134 14 87 163 70 136 124 111 55 174 100 29 158 64 161 1 150 190 110
38 35 151 154 34 150 8 126 82 53 24 181 78 18 163 168 181 7 152 166 76 76 138 59 144 52 72 96 186 167 45 2 50 163 47 183 106 38 87 58 145 188 127 17 188 197 34 3 177 172 137 193 58 18 2 141 8 142 41 35
