21
113 182 160 134 170 2 75 197 179 58 95 155 3 138 198 102 197 165 110 131 115
55 56 95 91 106 30 103 2 38 163 27 165 1 137 91 153 186 85 111 13 6
43 169 26 163 190 18 44 78 74 107 152 98 123 37 26 52 22 24 103 106 47
158 162 57 154 7 51 111 159 57 72 188 64 177 115 93 89 171 132 149 41 187
60 120 182 82 71 185 118 5 112 32 36 61 3 148 139 167 7 66 5 62 99
61 141 32 5 77 10 37 37 25 8 98 95 86 179 15 74 127 169 164 197 196
104 185 124 97 163 77 1 12 57 187 46 127 67 36 29 25 27 114 18 83 78
160 186 155 119 1 91 20 69 105 48 200 151 122 151 103 198 15 143 75 169 11
24 18 168 14 146 8 16 94 100 169 175 60 64 39 150 49 175 26 68 0 46
115 39 181 98 151 75 182 119 49 11 43 39 4 176 68 179 115 196 192 11 120
77 57 160 89 21 72 117 45 146 59 136 146 49 42 136 76 38 78 73 145 60
108 4 186 94 185 11 42 143 91 169 132 48 87 103 111 147 73 51 61 53 81
159 2 191 72 62 29 144 101 186 20 90 17 196 19 89 194 66 108 107 75 35
8 37 188 171 167 2 33 83 94 167 131 59 166 152 75 68 51 183 64 10 27
143 36 36 68 108 198 118 88 143 111 149 116 155 18 73 48 172 190 28 5 106
157 62 130 80 30 11 186 99 63 10 89 121 189 114 110 99 103 163 20 11 37
70 92 23 1 128 175 109 29 167 123 146 129 100 42 92 59 87 71 144 160 17
137 187 170 64 184 55 15 62 61 90 144 26 200 129 34 195 59 58 186 171 110
122 82 70 48 75 84 152 98 75 8 78 163 170 142 96 44 60 108 0 140 189
145 169 162 100 163 198 147 8 118 175 17 164 136 6 193 132 175 137 12 92 184
125 53 168 34 0 82 137 44 143 115 98 25 124 89 61 79 33 134 117 58 100
