58
103 8 148 152 129 25 21 34 122 178 127 172 183 73 65 145 139 58 90 81 140 21 79 66 128 166 177 190 14 99 4 26 81 100 120 13 33 0 53 81 105 53 108 5 45 10 172 104 1 10 112 49 66 157 17 18 157 101
48 185 86 192 191 31 42 38 64 180 187 117 169 161 24 37 80 24 119 97 100 65 70 197 155 64 174 116 81 72 23 83 68 31 183 188 116 196 6 20 50 53 70 94 143 26 1 184 106 59 153 170 114 84 11 85 145 95
18 137 66 95 0 195 162 98 82 166 190 91 197 81 112 179 101 123 57 71 74 136 17 65 77 19 15 151 188 97 132 45 198 179 188 100 186 28 146 80 186 171 95 57 83 146 85 33 63 95 27 36 141 110 170 87 119 117
35 119 174 41 138 27 114 140 159 102 124 40 83 114 125 19 177 87 133 161 116 54 155 192 13 186 107 13 54 38 191 20 101 26 179 123 136 0 149 109 12 151 24 10 141 195 132 19 63 83 189 65 149 69 99 158 47 161
20 86 2 83 166 87 10 77 109 20 154 32 42 114 28 193 8 108 81 130 99 118 61 155 66 188 72 200 149 111 35 101 146 76 183 32 179 34 193 162 121 70 146 72 103 176 92 65 30 68 27 62 176 151 143 109 19 42
29 122 187 96 181 89 2 106 197 179 83 2 81 136 197 113 52 142 43 64 174 82 153 103 74 195 63 121 56 119 12 60 196 88 200 183 140 152 60 165 166 185 77 93 107 45 195 51 187 182 59 30 123 108 159 11 11 69
37 183 184 190 172 89 40 81 93 66 187 135 99 62 187 67 27 26 72 50 105 66 175 185 2 96 62 9 18 141 115 91 126 81 165 194 123 16 86 86 69 100 79 0 190 4 164 136 2 7 136 5 160 27 190 108 128 14
81 165 42 141 113 119 140 35 29 100 125 81 94 88 165 15 116 131 134 62 88 95 185 181 184 61 9 72 125 170 106 13 48 175 149 75 89 129 58 131 92 90 161 59 36 82 99 63 25 158 190 51 51 171 26 89 28 155
75 200 8 129 54 102 192 200 25 64 195 57 144 140 143 178 74 185 197 78 88 163 51 111 26 80 146 146 98 52 102 39 192 12 152 84 128 150 50 109 191 134 141 37 19 157 1 1 141 84 115 113 174 150 7 29 77 149
182 125 23 58 158 66 111 85 66 20 162 178 198 15 189 41 28 6 120 147 13 145 199 62 190 109 132 71 60 44 12 153 116 114 165 193 85 36 38 130 164 191 133 23 73 141 14 159 91 31 82 61 107 74 172 22 113 128
98 113 25 106 99 157 133 143 99 110 152 148 7 4 15 112 138 99 64 69 183 69 157 164 162 151 169 25 91 168 77 157 168 94 108 164 50 39 56 52 159 146 3 192 77 45 145 188 32 94 172 97 64 135 77 101 130 117
171 166 5 184 41 137 159 8 60 30 84 40 92 126 34 19 29 98 196 109 143 72 142 43 82 143 42 21 42 155 66 94 194 32 131 113 162 85 7 61 56 49 183 143 91 178 159 2 7 27 165 100 134 16 174 140 186 22
108 192 147 49 13 145 144 77 29 105 195 53 138 194 159 65 83 109 57 58 98 116 33 6 197 9 40 97 195 15 113 73 103 122 99 79 114 72 183 144 12 25 78 7 166 74 2 155 140 128 129 154 62 100 181 62 35 97
114 162 185 193 165 152 43 160 195 71 165 19 193 6 102 71 79 131 35 97 161 72 128 161 76 82 79 193 101 200 162 49 185 111 104 26 200 131 23 56 142 167 33 161 60 154 160 1 39 82 33 83 46 25 25 46 133 6
10 25 64 34 94 188 125 57 81 190 130 152 92 52 75 39 68 163 172 130 25 17 180 90 188 97 53 7 91 106 132 104 151 107 51 191 102 151 86 195 68 33 94 151 73 115 116 62 192 31 198 14 110 41 109 117 0 28
150 171 142 129 66 130 158 63 10 179 127 170 160 145 59 65 8 157 85 21 200 41 67 156 171 126 36 158 63 88 26 44 97 196 14 100 33 193 25 33 89 173 5 25 134 133 190 89 130 94 186 200 132 100 160 192 116 164
135 165 65 11 130 103 27 33 4 26 166 135 45 90 16 40 21 20 194 167 165 10 66 167 44 179 188 45 113 76 20 32 80 145 165 126 16 17 168 126 30 187 167 28 75 100 104 102 90 142 39 21 190 92 4 47 93 43
193 176 133 189 40 36 60 68 41 113 141 176 78 129 126 116 172 48 33 55 13 83 182 118 157 115 15 153 7 151 106 60 133 134 140 98 162 168 34 56 186 128 156 86 85 160 8 31 86 5 109 191 47 53 48 72 164 71
8 0 10 186 103 70 174 97 199 69 91 23 108 1 92 173 99 78 106 11 187 38 110 170 76 13 72 141 62 4 189 107 16 172 74 26 54 76 166 21 91 123 70 72 126 3 167 197 35 144 25 102 92 69 122 131 177 14
195 168 82 157 43 14 91 128 168 78 140 13 117 115 28 147 145 113 80 171 148 67 175 1 193 197 157 180 61 62 125 42 46 117 155 48 152 160 194 163 93 183 97 70 16 196 53 72 190 9 164 87 185 32 41 38 128 164
151 62 128 107 85 177 24 108 197 36 170 6 102 91 27 98 178 143 51 187 146 180 165 86 10 42 35 125 143 183 87 13 188 194 140 118 2 176 37 46 134 169 77 133 100 62 32 32 178 88 165 138 101 177 85 196 46 116
144 171 78 57 84 125 195 157 137 191 135 109 120 78 112 99 124 183 31 25 171 171 141 124 96 141 116 183 199 50 72 129 48 31 167 63 81 180 52 189 120 164 176 176 190 104 54 108 200 13 134 23 72 75 133 106 115 113
128 191 146 117 196 117 26 13 187 161 129 179 2 162 29 25 200 88 52 91 165 165 111 49 154 172 77 181 54 187 153 184 175 145 119 181 130 180 81 116 63 115 36 29 187 102 174 43 123 70 3 46 132 127 10 66 42 134
8 45 5 131 186 165 170 165 189 188 119 107 173 12 39 41 39 28 25 25 129 85 62 200 195 8 85 142 110 11 149 14 155 190 74 144 192 45 189 12 78 128 114 146 192 191 148 113 97 152 68 134 91 200 113 68 39 125
72 198 158 179 200 71 3 168 137 160 34 49 7 70 4 160 27 166 8 182 74 128 91 84 25 67 25 143 67 56 69 196 47 54 166 98 23 126 188 178 106 7 33 67 146 60 158 95 82 197 92 116 147 7 83 125 82 71
171 18 192 167 182 142 125 26 199 82 140 70 165 125 83 58 66 14 15 48 63 181 17 72 137 124 59 144 156 168 108 151 65 53 57 154 110 13 1 17 10 90 39 187 147 129 159 29 106 158 177 10 139 129 192 123 117 132
3 34 57 38 184 105 144 106 9 23 120 31 158 185 191 90 186 7 133 159 74 23 67 183 94 139 188 65 166 153 168 49 115 150 174 151 48 106 52 54 45 103 118 160 129 96 187 51 152 91 68 195 2 62 34 51 78 16
33 5 186 33 10 167 21 123 84 14 52 76 176 124 122 91 60 182 185 177 156 10 23 112 149 116 127 109 195 24 55 145 95 83 39 161 198 82 73 28 186 8 80 67 160 90 84 19 186 109 192 24 117 10 52 140 13 92
55 116 57 30 58 56 6 187 168 83 160 150 44 25 86 82 115 15 10 126 56 18 136 83 183 24 197 101 107 32 152 191 128 111 26 131 78 52 74 141 53 119 84 80 154 1 194 72 12 49 78 109 13 133 199 33 33 172
142 181 117 134 125 80 148 185 138 85 176 140 129 43 58 128 184 102 144 193 1 184 179 196 187 150 60 135 31 13 177 177 119 10 16 92 78 187 178 132 23 40 171 94 48 122 21 168 30 65 112 162 52 196 98 177 183 154
47 73 88 86 181 31 66 197 4 137 62 136 99 153 17 102 193 185 52 112 80 38 78 9 15 4 164 120 12 105 19 76 194 187 36 27 157 196 104 87 20 175 123 3 154 177 171 165 19 185 182 97 95 4 124 145 27 31
188 87 6 84 82 127 152 38 92 177 50 56 37 102 67 173 193 141 190 11 3 13 5 113 8 148 108 198 121 85 113 105 127 62 33 44 146 58 107 42 103 139 21 55 162 115 174 182 186 109 51 83 34 185 35 73 17 129
39 17 169 139 78 199 175 124 28 107 124 125 7 30 147 111 98 56 56 123 74 143 87 116 52 123 82 129 111 105 162 50 31 135 191 46 81 2 173 134 188 114 86 98 137 195 193 22 145 138 22 131 192 34 86 165 91 123
119 99 40 90 13 10 144 129 112 79 141 2 55 144 162 45 104 63 164 138 133 51 178 109 101 38 182 59 22 103 102 108 119 38 44 164 30 194 136 163 46 194 103 119 121 96 52 162 155 32 167 111 93 18 95 164 194 111
140 34 149 14 142 57 57 55 93 161 54 93 180 121 144 78 103 195 6 167 79 153 71 108 66 186 5 147 16 121 153 96 22 73 180 145 68 147 119 138 153 123 1 100 67 195 162 7 30 59 72 182 43 40 49 13 53 27
56 180 160 175 11 57 4 51 166 189 94 98 87 161 71 111 122 29 167 160 97 178 189 169 107 191 192 186 144 90 190 25 7 109 113 129 92 52 85 71 133 140 55 41 176 61 65 2 120 152 47 122 185 88 152 143 53 150
177 146 107 190 2 37 164 138 59 33 147 45 38 57 74 141 187 132 12 100 166 29 112 162 18 164 51 176 130 86 6 23 51 82 138 159 159 49 108 166 187 13 79 48 5 193 107 74 145 16 1 1 45 42 148 112 178 94
191 87 188 34 86 44 197 44 108 154 69 199 142 83 67 165 32 150 87 15 188 157 61 194 9 121 159 192 181 99 1 193 35 189 18 43 141 108 36 65 159 76 153 112 195 70 121 148 144 95 177 156 183 173 98 45 174 5
189 183 77 178 99 176 77 25 100 112 100 179 152 8 32 88 98 60 116 139 196 193 192 156 111 114 142 129 63 121 70 11 40 111 42 108 157 176 37 185 23 103 48 90 31 109 79 172 88 10 16 169 93 180 82 0 129 180
172 18 95 154 138 162 192 47 139 81 134 127 188 171 5 4 126 3 62 109 138 8 40 97 190 156 16 149 155 15 92 129 97 181 16 17 118 147 53 82 63 197 157 139 133 108 161 49 159 189 193 150 185 138 172 174 100 4
48 74 65 127 46 143 95 151 79 112 126 49 6 88 195 6 143 43 145 156 126 38 152 96 57 137 102 88 127 200 63 147 74 147 192 149 198 147 60 81 107 52 6 90 17 93 110 89 165 154 72 56 178 197 4 116 172 54
112 101 25 45 114 40 8 147 1 87 38 44 140 75 5 145 121 161 50 194 116 150 89 102 138 129 173 192 182 125 173 155 77 102 51 198 70 42 21 12 16 93 30 166 29 132 78 190 64 80 34 33 57 156 76 33 6 102
28 181 34 123 180 188 82 110 1 164 38 14 98 4 187 76 69 34 96 194 198 120 142 136 177 8 40 87 100 62 32 131 105 76 149 108 18 156 161 95 89 186 117 184 59 55 136 9 136 13 33 183 46 122 92 101 146 9
143 21 174 197 117 83 26 104 95 20 142 19 66 184 136 71 145 151 101 116 21 13 152 115 60 14 155 35 30 107 89 62 168 73 90 166 26 140 165 53 105 20 146 166 28 31 77 199 59 136 175 113 35 133 120 43 167 168
94 56 57 38 136 31 142 101 122 64 129 135 180 136 166 21 47 35 195 148 16 92 199 129 116 45 48 56 11 165 25 169 22 133 105 174 131 38 44 185 102 199 13 35 122 67 118 129 14 44 185 93 120 37 152 147 156 105
78 94 141 42 137 195 179 153 63 169 7 159 7 197 25 75 130 200 138 101 114 99 52 79 172 86 123 22 65 194 137 192 103 8 181 165 102 21 164 58 129 183 18 58 22 27 56 119 53 133 197 16 166 55 44 121 5 115
162 52 171 117 60 184 192 103 86 193 75 184 138 97 159 30 81 98 82 21 122 100 59 15 191 128 102 110 165 154 11 17 190 118 194 71 94 20 159 180 197 26 50 68 153 111 13 38 9 55 44 47 181 67 69 93 67 11
113 41 154 98 182 57 5 161 47 60 114 43 181 69 75 183 21 74 22 2 16 119 100 147 132 32 122 45 137 181 87 175 78 56 113 187 100 104 31 185 181 143 144 3 172 50 60 46 0 123 19 101 91 116 5 100 161 86
63 23 164 95 143 139 1 108 176 72 175 143 64 6 144 154 89 160 22 12 57 63 57 121 84 111 99 139 24 8 135 109 134 5 8 31 126 178 122 60 107 99 70 188 182 77 101 40 164 2 144 77 171 192 39 102 159 46
45 4 95 152 10 101 165 130 13 58 178 152 9 80 194 100 31 53 124 75 93 71 123 183 50 65 73 138 181 143 17 9 162 113 8 25 7 11 80 31 13 192 44 48 108 194 100 10 25 120 9 33 114 121 103 88 7 186
152 28 173 143 131 7 4 132 54 190 33 8 128 178 8 49 41 15 36 90 30 172 45 161 83 171 171 94 156 123 11 151 2 159 118 58 190 101 183 29 87 43 199 148 136 109 156 198 52 69 195 76 172 32 74 77 46 173
101 162 39 113 134 135 100 69 172 53 51 44 144 188 155 59 135 153 6 78 121 121 140 126 104 155 181 130 191 143 89 105 54 192 86 72 17 124 29 84 141 52 89 43 190 71 180 127 42 141 184 170 16 103 65 78 40 157
19 191 88 166 146 45 129 122 7 165 0 128 184 17 131 133 117 14 25 170 29 98 160 66 99 11 14 0 1 5 194 98 55 99 180 167 83 69 1 187 151 124 189 114 0 57 186 97 89 36 12 44 155 115 195 54 110 185
186 92 27 124 158 11 125 31 56 81 173 112 144 160 198 104 17 44 180 33 149 166 21 47 13 197 20 95 187 12 125 100 37 77 28 104 111 104 194 133 139 56 140 188 62 88 47 98 97 106 136 70 107 112 164 133 197 112
82 6 145 124 28 12 160 166 44 199 41 48 123 198 149 34 109 172 146 186 88 181 176 194 6 177 108 93 193 159 72 67 132 154 120 146 36 29 156 123 47 117 37 31 122 60 18 76 90 145 30 132 17 120 76 110 162 103
199 132 82 187 99 62 12 51 13 131 29 126 66 99 181 37 40 173 121 80 109 53 56 126 186 187 93 43 3 105 54 52 56 124 175 189 77 12 150 193 45 53 188 3 39 123 138 148 6 118 169 27 196 99 141 71 152 6
69 116 195 125 126 186 12 28 102 171 41 162 177 123 85 196 141 93 159 196 94 156 77 172 200 31 66 58 88 198 117 30 100 1 47 151 129 95 126 103 162 105 147 199 66 139 93 162 151 151 126 139 110 165 60 90 26 32
171 127 46 186 195 112 44 188 17 178 23 106 163 107 193 67 173 161 6 99 82 18 45 165 133 37 51 150 64 32 4 42 193 53 54 28 1 168 186 151 134 152 153 105 40 46 40 190 165 17 27 20 85 26 66 80 6 130
