68
10 93 121 38 199 132 102 29 69 143 15 58 20 36 1 128 26 34 33 48 158 115 41 123 121 120 72 118 86 172 23 131 4 90 199 171 133 129 132 113 81 55 189 157 16 148 134 152 86 132 19 157 40 161 152 86 53 181 176 93 52 27 134 132 33 153 18 12
45 89 165 175 152 148 178 86 119 33 117 189 180 192 55 31 53 90 190 124 119 164 156 106 30 64 28 42 149 98 195 176 0 120 113 168 62 129 103 52 22 103 166 178 157 94 88 58 115 122 20 163 180 41 86 32 71 66 109 144 53 123 178 161 106 41 129 98
23 26 84 67 54 99 67 55 6 119 49 39 140 143 49 73 106 113 16 119 109 175 77 146 177 129 12 55 4 42 86 200 23 19 155 63 200 43 85 24 58 34 62 150 155 154 191 66 33 53 69 19 134 61 176 102 37 199 185 68 2 67 52 82 33 34 75 87
144 27 102 125 156 172 77 79 6 95 37 160 101 197 59 84 77 140 114 48 84 73 72 90 170 24 147 135 106 59 148 46 84 45 9 30 145 90 7 53 17 35 89 89 38 189 99 38 29 81 155 37 152 1 159 18 52 37 11 127 38 52 141 99 111 101 1 195
48 194 5 14 117 126 21 116 80 69 161 101 128 34 92 0 23 40 69 196 176 108 58 144 184 64 181 50 95 5 111 148 78 189 153 53 32 167 136 172 65 49 81 145 126 114 53 60 116 64 158 137 70 14 50 92 105 140 29 87 98 43 61 16 74 155 23 83
167 198 103 199 149 154 56 183 46 70 184 139 30 200 94 98 38 87 152 11 127 49 140 150 77 28 166 77 18 69 44 66 158 8 172 85 183 105 9 70 177 194 156 190 78 70 52 65 55 161 116 26 177 119 63 171 198 49 109 79 148 135 37 59 147 56 134 152
150 135 116 143 187 39 78 28 82 199 25 72 21 193 115 130 87 1 154 119 161 160 74 125 158 39 50 180 44 101 168 182 47 127 180 94 136 167 88 159 3 151 37 92 181 168 24 159 126 55 185 84 78 170 79 182 4 18 36 144 21 117 182 55 81 123 199 76
107 152 57 38 76 187 162 30 106 187 77 61 169 81 182 122 56 159 176 163 69 120 57 175 169 59 62 99 168 182 87 173 190 155 37 46 181 60 179 162 170 14 174 111 191 19 68 85 86 183 7 192 7 136 81 82 79 81 163 58 9 130 145 140 25 66 77 79
22 34 188 12 107 111 91 125 151 46 61 83 55 103 2 1 159 11 136 29 59 76 195 10 170 64 78 42 78 87 94 44 41 86 142 177 23 6 16 18 147 18 105 152 126 93 74 145 55 111 154 56 49 81 4 174 12 152 123 26 74 142 130 113 187 131 101 80
154 188 104 75 36 60 71 155 24 18 100 124 2 187 31 43 11 109 104 196 158 49 193 44 173 4 170 117 146 147 84 75 101 40 43 44 174 109 34 145 86 60 105 83 1 108 120 115 79 138 105 21 142 54 177 133 140 61 61 60 53 126 42 119 12 175 172 108
157 65 191 176 111 98 124 60 104 74 16 101 194 121 116 162 100 64 48 85 119 144 175 8 6 74 170 93 136 134 30 125 19 192 30 194 173 143 192 62 44 102 31 144 13 112 16 104 63 11 109 133 31 107 170 61 4 76 155 9 152 84 13 96 157 156 51 176
147 191 90 138 14 3 165 12 11 57 89 149 150 72 143 29 26 172 158 77 82 196 76 18 24 148 170 52 168 15 139 20 122 170 188 137 9 86 23 157 91 30 172 186 93 27 166 117 24 183 177 24 103 30 124 5 159 156 194 156 153 78 193 65 29 31 95 143
159 20 59 200 28 5 75 127 49 163 43 3 0 199 41 113 5 84 86 177 42 22 143 75 189 92 54 106 93 78 168 168 114 127 160 169 162 110 107 174 16 91 2 144 43 87 47 114 81 15 55 67 70 104 39 150 170 149 31 32 87 32 166 18 136 151 95 71
0 86 70 82 154 97 22 8 91 114 19 142 98 157 24 120 77 64 177 77 162 39 73 151 105 0 155 109 144 61 193 35 50 98 180 69 180 166 61 188 114 138 41 83 197 199 192 194 182 141 110 190 142 0 74 169 13 77 83 125 41 181 112 185 39 167 8 18
184 71 146 77 187 55 58 154 199 76 116 110 134 40 172 65 175 13 47 163 68 165 139 60 176 13 29 79 128 126 190 162 25 137 0 157 171 185 123 42 160 159 72 170 70 148 161 127 30 144 130 62 37 12 17 23 70 138 80 124 27 49 30 155 47 180 133 43
103 96 91 69 55 48 169 156 37 32 108 31 69 73 163 119 18 24 173 157 161 182 168 30 56 102 16 131 8 14 118 99 79 160 129 30 86 135 145 83 3 73 59 197 43 121 146 97 57 116 55 163 123 98 134 199 99 158 59 42 36 89 10 169 102 87 29 166
174 129 31 64 61 171 2 24 83 69 157 176 98 56 29 121 111 152 106 138 166 53 152 154 186 42 88 38 75 45 99 118 184 104 129 184 123 83 179 151 199 68 79 194 179 70 141 12 67 63 22 111 177 160 124 158 49 20 91 84 48 144 5 57 45 200 20 169
188 90 181 1 4 106 173 34 28 162 94 57 149 85 134 120 44 67 49 12 149 99 169 17 129 183 157 161 198 24 51 133 85 158 69 140 126 19 189 59 52 118 80 177 115 142 114 4 118 5 165 40 160 169 91 65 156 40 19 56 11 99 72 89 56 13 100 136
165 27 24 6 20 140 199 34 81 70 7 132 50 2 34 8 23 150 171 138 159 147 195 75 192 34 198 195 198 52 13 10 88 167 119 73 85 165 98 199 50 134 75 44 27 143 147 17 68 36 87 114 189 140 81 177 64 66 48 150 69 49 85 161 64 5 86 170
30 87 43 113 186 134 89 143 30 117 8 7 132 90 166 5 19 170 154 68 183 62 133 182 163 174 83 54 181 87 64 104 139 32 119 110 136 99 56 47 130 163 188 68 76 171 149 128 52 116 173 145 31 32 124 164 58 73 5 100 89 35 127 192 148 199 1 75
95 96 10 168 146 52 1 88 50 148 166 162 195 75 129 150 149 21 189 16 24 19 119 148 101 199 57 38 117 120 134 199 85 50 24 17 86 179 200 51 148 69 59 124 80 141 163 96 10 110 107 145 149 75 148 192 189 68 194 45 132 99 174 1 135 39 82 154
78 104 14 157 83 175 21 99 107 168 32 145 126 145 12 108 75 5 86 66 170 7 11 26 58 23 183 12 148 75 134 97 118 91 79 129 20 187 47 92 49 129 161 104 75 180 23 188 144 11 152 17 173 186 23 196 9 194 137 96 42 172 135 181 132 26 12 88
69 98 148 17 61 117 8 47 90 129 165 161 87 12 153 95 159 42 30 151 49 71 78 158 105 24 121 65 97 118 113 199 44 23 23 199 72 81 168 154 10 63 91 12 84 151 185 26 21 189 175 9 56 63 22 173 132 86 140 19 83 104 175 89 84 94 185 116
149 122 171 158 66 110 190 120 63 84 141 96 199 104 84 193 119 89 120 41 12 20 38 92 2 29 171 181 157 107 10 140 27 136 188 22 145 62 168 160 30 186 89 11 188 31 104 138 58 10 177 170 91 175 31 96 66 184 9 8 172 167 80 171 60 2 184 172
93 110 121 161 100 176 137 188 181 194 60 92 31 92 84 41 198 69 72 18 139 14 182 17 173 168 104 137 156 34 108 75 156 171 185 132 74 151 174 9 121 67 131 190 25 188 120 195 39 64 9 188 20 55 23 60 174 85 59 77 165 14 66 156 89 83 85 196
23 123 5 7 43 41 8 24 187 107 107 177 177 48 78 119 55 137 197 43 103 111 45 184 148 14 139 155 28 168 61 169 178 190 51 93 130 146 75 81 183 105 111 123 95 93 83 34 1 7 45 26 22 33 141 191 179 137 101 42 66 132 26 80 24 118 66 0
19 167 64 194 163 177 139 132 108 105 71 0 193 169 64 79 164 66 130 182 118 132 191 28 17 157 27 65 69 48 110 159 165 67 130 22 71 52 53 155 98 168 22 101 197 166 198 197 50 39 181 155 97 107 165 189 73 110 127 178 7 148 192 77 168 62 150 136
31 57 171 133 89 128 15 131 140 65 108 145 6 22 87 148 47 106 131 134 134 6 26 24 155 183 0 70 36 50 11 65 163 146 50 43 178 196 150 84 109 1 139 25 84 52 151 90 166 21 158 119 64 22 174 117 52 145 195 191 125 56 41 80 4 46 182 41
14 142 192 133 157 132 64 194 70 125 133 186 167 100 167 79 164 40 157 69 91 6 39 149 87 121 74 85 22 82 41 16 188 158 128 157 185 15 27 46 154 103 137 23 37 91 189 156 142 172 190 73 49 120 128 27 167 199 152 183 45 195 86 77 84 65 4 107
106 191 61 200 184 19 112 11 14 88 168 23 40 100 166 197 112 129 67 82 189 184 46 159 75 38 46 132 10 136 58 31 164 18 187 37 10 117 118 81 185 11 47 60 69 87 51 108 167 59 81 195 158 60 59 3 53 29 54 3 101 5 12 49 65 165 91 59
78 79 39 167 106 117 1 187 7 168 1 122 137 88 45 137 86 182 198 153 86 124 200 65 38 45 28 40 99 52 26 95 157 4 77 11 73 87 174 101 1 169 129 100 2 18 4 99 189 106 4 79 158 132 189 157 27 141 128 92 76 74 51 29 153 88 120 78
143 21 56 54 91 116 102 117 196 55 76 9 136 107 3 91 25 12 73 39 0 100 14 177 169 37 1 60 123 25 79 16 17 114 87 106 122 57 7 100 156 11 0 54 136 81 142 136 141 170 141 76 137 70 73 83 57 167 129 109 86 54 26 170 99 114 109 149
64 83 137 198 75 87 118 39 71 50 29 41 81 160 120 164 94 170 133 124 69 90 28 36 23 8 136 55 148 115 52 59 187 83 77 177 165 188 54 92 3 103 78 184 145 144 192 130 130 171 167 78 3 103 23 73 168 58 110 127 163 104 117 104 11 107 28 165
39 63 104 114 50 112 90 34 144 177 3 88 38 91 140 107 134 192 97 96 26 24 58 25 20 47 13 12 110 99 101 45 157 29 19 131 9 189 104 152 128 118 93 148 67 200 76 3 137 141 36 14 97 35 48 166 187 68 123 62 50 96 38 103 47 192 47 93
0 159 123 120 85 49 172 162 71 33 196 89 197 145 85 192 59 113 76 106 161 4 193 138 41 89 58 161 97 42 184 55 3 156 40 51 52 41 102 107 63 111 134 57 138 27 119 18 15 26 107 99 168 138 180 4 134 44 188 28 197 70 96 152 165 41 167 54
79 158 156 5 59 145 69 145 168 115 34 25 68 124 30 156 95 109 164 149 111 33 146 108 3 105 126 193 67 155 0 42 199 117 58 165 76 200 175 194 123 88 128 139 70 125 102 0 162 21 137 146 45 13 149 7 6 196 9 176 100 175 96 167 145 180 194 147
57 15 21 48 91 107 24 130 199 103 186 167 99 64 116 60 69 81 192 72 160 55 2 20 197 134 36 77 80 71 180 125 187 23 108 2 109 196 124 196 121 196 71 131 153 46 22 75 198 51 158 41 142 86 2 4 112 126 113 99 22 119 199 62 167 75 89 126
159 10 128 192 29 153 173 156 179 96 165 30 39 102 95 153 47 129 114 101 92 178 51 128 45 7 44 172 88 121 101 43 23 28 31 83 180 37 184 141 184 113 73 162 52 14 2 64 56 51 138 109 136 79 22 20 42 1 75 177 68 62 167 98 137 114 39 175
34 59 168 55 198 141 64 132 27 122 123 161 121 127 138 142 69 16 82 117 197 65 59 1 156 70 87 109 6 113 179 12 35 123 119 114 42 164 46 191 134 54 47 67 49 101 23 170 83 106 102 63 175 82 69 148 118 5 90 152 164 31 138 37 161 192 97 32
199 152 32 25 135 87 110 199 169 25 3 147 71 60 149 81 68 49 52 62 36 4 122 59 45 150 117 158 146 55 106 175 64 137 52 48 20 57 132 88 120 64 147 37 115 93 187 115 31 134 193 8 170 78 58 97 110 71 4 162 188 31 104 68 109 120 75 5
127 133 2 159 59 54 77 52 80 46 200 63 105 159 111 98 16 61 69 108 188 44 104 192 151 148 16 134 32 39 168 145 182 172 195 23 123 21 129 99 60 181 93 0 44 72 195 92 176 11 110 37 198 48 177 41 61 72 46 59 150 126 30 108 20 32 167 63
61 42 65 165 154 54 17 141 9 114 167 35 83 80 64 17 130 181 190 78 140 115 195 112 146 109 104 74 154 39 176 112 105 4 146 163 143 36 187 136 36 94 52 93 116 33 13 182 162 170 47 44 195 86 115 155 151 95 61 88 57 4 87 45 9 134 42 22
87 170 187 148 80 98 115 24 10 112 102 38 27 117 51 0 45 146 1 185 163 24 12 41 136 141 177 166 131 82 54 143 192 46 43 59 187 49 96 16 72 9 73 107 75 200 43 187 17 20 160 84 107 171 89 170 14 4 189 38 25 14 190 61 94 58 27 165
6 66 164 162 127 110 58 187 135 146 104 158 52 148 104 135 109 154 140 196 53 183 192 129 134 19 150 102 52 68 8 132 125 161 32 80 176 39 153 44 174 80 175 146 111 135 185 141 193 108 13 90 26 45 190 126 169 84 174 5 10 167 79 200 27 0 123 155
33 158 94 44 186 20 46 118 53 68 8 150 136 193 78 196 200 161 163 49 124 53 107 166 185 157 165 57 61 84 100 76 66 12 3 79 78 197 106 135 77 170 65 128 45 180 156 189 31 80 149 150 111 166 115 71 5 50 118 127 100 97 84 125 139 33 177 64
182 143 121 184 197 50 187 103 81 51 158 80 108 168 6 115 160 99 4 109 108 57 117 190 16 63 102 84 29 71 194 132 135 75 188 184 122 65 22 8 184 77 103 96 192 62 171 85 140 87 2 112 200 59 160 41 59 124 103 27 132 123 0 83 0 125 32 122
87 170 27 119 49 74 123 68 26 146 3 36 26 133 68 176 195 146 117 60 119 43 185 32 105 73 199 94 94 38 88 61 18 138 164 37 178 158 164 139 95 139 141 172 100 7 10 98 27 89 13 138 55 147 57 30 200 149 88 137 193 61 53 23 160 14 10 129
97 176 117 199 64 72 177 188 89 148 12 180 94 99 119 96 185 25 44 50 110 64 76 72 148 96 93 184 157 184 22 127 135 63 17 101 129 106 137 54 156 51 81 172 109 176 11 98 111 108 150 198 48 123 0 76 37 99 32 96 29 125 116 98 116 124 82 115
53 41 130 16 89 178 75 161 183 7 51 48 24 185 181 60 200 13 37 6 105 164 74 43 56 15 42 39 43 187 70 38 91 53 131 73 6 74 112 75 84 166 142 166 50 132 8 66 157 99 43 86 126 42 114 14 87 94 127 12 120 173 165 183 125 131 3 153
7 30 133 144 58 72 19 16 34 60 35 158 200 18 54 88 90 91 123 144 101 59 99 68 142 133 101 33 194 163 192 189 68 37 33 138 106 62 92 7 49 13 1 167 5 194 101 147 62 142 77 176 86 26 34 61 24 27 88 101 87 55 54 34 125 98 159 168
143 127 179 110 66 72 198 7 152 121 34 109 149 157 54 97 86 63 75 101 1 0 83 168 200 41 61 63 158 129 60 105 146 118 93 145 164 183 130 25 4 35 18 64 12 162 70 121 190 66 179 155 20 28 200 21 87 95 131 118 141 61 12 66 195 98 184 103
54 71 174 175 115 60 154 4 17 158 159 67 183 195 117 7 74 43 105 60 180 184 185 67 106 48 129 42 124 83 196 15 76 174 89 148 152 115 183 166 85 116 87 129 146 131 163 76 56 170 148 196 79 62 81 114 42 177 111 51 87 105 2 139 149 145 157 55
71 82 9 65 169 177 197 29 36 147 54 137 57 29 84 141 76 167 124 9 188 68 29 132 61 62 63 189 0 25 38 151 93 58 107 161 162 119 144 187 8 13 43 94 52 159 43 14 179 92 146 192 116 159 144 28 151 136 41 66 117 102 12 54 165 81 44 54
146 131 192 58 25 186 112 91 65 23 38 61 73 7 26 63 78 2 87 124 109 180 83 100 163 137 144 123 98 138 32 144 105 106 77 46 165 68 156 2 24 97 189 122 45 41 148 30 61 154 43 58 102 137 127 53 193 165 47 97 179 153 163 66 4 48 44 111
96 139 133 198 35 45 184 153 96 84 91 4 19 179 124 162 60 61 131 152 84 156 16 8 174 15 79 158 92 156 196 179 127 166 152 127 161 167 124 120 41 85 125 86 23 59 51 181 47 59 113 126 69 108 7 163 10 188 112 86 111 84 133 192 110 106 185 90
168 73 53 133 182 199 186 124 93 173 41 193 39 165 167 35 2 156 85 166 143 95 93 141 113 134 195 40 12 74 12 53 114 187 162 93 57 120 154 66 27 109 191 56 140 95 142 141 48 45 151 38 54 54 98 29 181 180 102 21 189 64 75 14 39 197 78 20
17 72 82 121 95 192 24 41 32 43 62 20 192 40 151 147 32 166 60 31 57 49 72 153 164 101 40 21 142 11 188 126 129 157 73 169 59 47 187 170 42 144 11 74 118 192 79 172 186 171 140 118 89 17 28 172 17 74 7 166 80 64 2 117 30 20 112 42
114 113 37 128 0 167 125 48 46 185 67 192 126 44 114 72 136 73 178 165 185 114 107 12 16 63 93 65 27 42 145 137 150 173 146 102 148 190 64 64 75 63 133 167 15 122 11 89 77 6 129 56 146 155 97 58 3 122 177 37 70 130 101 60 143 2 14 117
85 108 56 73 168 94 134 57 148 53 106 192 23 18 18 122 138 36 94 10 157 133 186 108 155 2 104 154 25 5 73 77 93 106 5 129 146 0 175 170 151 150 139 189 62 163 138 30 31 46 6 189 71 162 127 38 186 83 93 118 132 98 11 60 87 165 80 26
103 1 100 19 145 96 71 116 177 54 78 106 73 113 59 17 199 46 141 75 194 63 11 131 40 45 120 130 92 109 118 3 167 46 140 48 182 5 10 42 113 146 102 165 188 4 109 57 128 172 66 176 38 194 70 54 199 170 70 71 165 196 111 166 92 25 168 116
97 139 110 43 134 52 23 106 143 99 84 31 77 63 4 92 129 134 34 169 120 184 143 77 148 80 164 148 141 12 163 85 87 155 110 131 71 60 26 61 169 120 145 139 157 35 27 167 180 140 183 134 200 166 93 185 148 1 97 76 91 192 140 40 92 54 48 0
136 72 14 158 91 69 84 49 133 0 4 170 64 8 186 142 138 13 106 179 194 41 130 46 148 115 73 176 66 118 30 121 175 16 130 140 197 67 120 131 142 101 37 93 55 118 1 29 183 123 24 183 29 73 35 69 106 114 124 169 162 175 32 197 102 45 1 115
7 82 109 113 154 45 83 152 117 29 151 73 54 104 163 7 129 13 19 194 7 164 167 35 190 123 136 16 135 162 94 52 120 129 81 0 145 178 127 136 152 72 62 61 138 50 181 167 79 176 75 160 152 30 118 191 99 184 126 134 174 161 84 51 119 37 32 182
184 185 80 0 101 165 105 144 167 43 3 72 144 146 48 166 71 191 24 12 151 103 85 45 4 131 13 169 183 99 32 91 87 151 172 36 12 4 191 122 120 21 115 136 123 142 89 183 75 146 121 96 119 27 31 181 27 90 142 137 150 131 142 31 134 49 145 176
41 193 106 49 38 141 81 76 163 12 74 187 29 0 103 41 178 31 5 153 112 28 132 105 162 114 33 153 60 145 62 9 184 12 162 154 37 102 164 126 95 80 50 91 60 112 147 20 72 185 86 27 130 169 46 41 159 93 36 30 73 115 181 157 143 57 25 152
178 16 146 133 53 59 59 105 84 176 79 98 72 68 93 91 170 69 113 166 25 5 23 189 190 105 58 2 71 163 54 104 69 121 11 93 165 64 15 172 186 33 38 200 139 40 51 189 188 103 66 111 116 117 129 50 82 149 142 81 32 50 74 74 102 136 93 115
41 176 85 124 29 180 126 33 137 183 49 166 9 7 114 46 134 125 138 39 190 97 113 56 41 11 156 175 55 78 27 40 18 174 86 182 34 33 40 14 15 107 75 22 14 72 164 166 50 135 130 106 191 120 10 138 119 49 126 50 107 157 7 31 190 97 150 154
97 150 78 186 189 28 123 177 17 47 127 193 34 193 136 25 171 10 34 53 72 145 138 174 62 4 68 180 28 7 62 160 161 181 84 53 197 195 149 105 83 98 139 102 134 115 31 44 95 185 139 8 133 81 11 173 66 144 140 136 38 98 26 121 108 99 74 155
