32
47 46 67 112 24 184 146 167 58 173 131 153 0 17 106 168 47 120 114 134 182 47 167 71 90 168 121 192 137 76 63 170
148 184 35 171 119 72 85 27 177 167 121 161 37 9 4 64 148 8 53 146 28 125 53 196 42 140 198 180 89 145 160 0
58 82 84 163 134 108 12 58 130 168 183 59 134 29 83 71 17 39 172 3 129 43 161 103 108 198 28 18 98 40 17 127
50 25 81 128 43 197 47 64 88 50 139 145 102 113 138 13 70 131 27 106 67 150 27 99 140 148 106 123 57 70 190 92
193 166 15 177 96 95 21 74 114 172 136 103 132 128 138 141 24 34 103 189 19 7 100 156 62 122 186 82 193 71 188 39
28 101 57 199 172 21 174 106 40 121 59 115 112 123 22 114 172 10 8 192 139 5 110 129 87 166 37 197 64 123 166 191
84 85 102 30 13 170 33 126 50 112 160 126 125 25 165 75 140 93 52 19 182 21 156 117 119 4 39 87 188 45 48 174
32 112 35 39 6 117 125 157 61 17 126 109 54 60 112 6 188 82 109 122 28 184 151 158 119 0 53 55 69 27 31 2
78 192 95 61 90 14 45 47 161 8 56 169 161 20 122 2 97 6 16 29 6 128 27 113 89 3 17 127 63 5 19 83
70 187 21 197 69 154 105 190 4 32 173 106 20 28 108 180 152 171 180 17 69 17 48 200 42 172 6 103 89 114 100 196
134 120 174 57 66 85 91 66 70 76 133 61 177 60 58 59 56 134 145 156 156 75 53 198 14 140 34 92 93 124 118 157
138 152 40 72 124 97 53 116 42 189 176 45 169 75 7 160 32 88 62 185 13 196 196 158 18 148 118 45 125 41 92 69
1 14 126 61 29 94 121 141 13 59 175 60 31 85 94 150 144 21 61 93 160 153 103 81 57 92 104 96 21 48 86 184
83 79 187 88 31 171 11 169 40 191 133 178 162 34 33 80 93 67 47 88 110 132 146 129 67 175 186 74 107 87 19 133
27 125 155 128 0 25 24 116 100 128 106 116 117 82 166 171 111 195 104 81 181 137 24 97 191 74 159 108 105 53 50 109
70 149 73 167 151 71 40 23 15 147 138 109 31 108 138 122 56 71 162 27 60 55 51 144 146 200 38 159 176 48 74 180
91 52 83 13 32 190 95 104 58 86 57 120 11 96 102 15 31 62 176 52 173 162 69 2 108 6 188 68 191 101 176 97
127 35 155 109 144 145 152 200 112 191 147 140 28 79 96 84 34 144 170 164 168 106 120 21 48 141 172 168 189 162 93 101
48 162 174 175 166 106 29 157 80 188 112 31 98 48 84 184 74 87 172 31 148 155 170 62 77 170 199 95 66 63 56 82
77 136 65 45 111 19 88 192 63 125 51 65 99 37 188 173 163 170 43 41 65 23 21 26 112 10 74 158 145 7 160 75
106 186 9 137 19 74 120 152 127 157 141 87 4 53 30 14 109 159 2 92 44 90 46 140 31 47 72 127 179 75 54 144
110 18 146 82 147 15 51 51 144 188 116 46 21 15 138 178 34 45 45 64 26 160 82 129 51 195 200 175 43 32 56 42
143 91 198 66 160 25 196 99 17 92 49 10 47 95 179 74 92 162 74 57 28 50 140 140 90 124 58 128 138 55 107 59
127 116 101 175 140 3 156 87 46 82 64 59 186 106 63 6 4 107 173 103 85 95 104 150 123 50 73 160 134 124 10 192
155 32 162 72 96 126 154 26 18 188 200 160 6 108 123 21 83 28 118 70 17 27 55 4 126 87 126 122 27 200 85 26
175 122 51 66 23 50 169 152 23 164 55 105 199 145 74 64 42 182 161 51 24 118 58 24 149 84 190 152 162 52 14 96
19 70 200 83 199 19 95 137 54 147 93 54 48 93 59 174 199 116 171 93 182 142 29 170 16 134 187 157 166 198 24 21
55 112 195 30 35 109 18 196 63 142 97 133 134 88 87 177 132 22 167 25 113 144 21 53 97 102 102 165 25 41 91 84
127 189 83 164 29 19 42 5 159 95 86 32 133 121 173 40 93 179 32 186 18 24 83 78 11 166 56 47 31 99 91 110
193 154 180 80 129 153 10 172 195 140 109 167 158 80 56 113 122 147 125 102 157 168 59 140 169 25 9 55 66 31 45 173
142 76 54 75 115 3 52 156 15 67 106 126 136 199 171 11 140 197 132 194 42 72 177 135 2 105 157 190 111 90 109 93
75 10 94 28 96 171 198 86 20 187 105 77 114 58 60 61 117 22 98 158 3 147 27 27 91 161 174 6 188 54 148 137
