86
41 160 26 107 131 19 120 147 44 69 189 84 29 126 188 20 140 177 65 2 97 78 165 100 137 17 48 100 72 75 125 189 65 174 129 76 126 199 21 24 157 149 93 168 70 113 11 62 62 55 148 175 29 157 49 62 46 119 65 70 151 46 199 136 15 152 161 174 55 54 182 30 123 119 97 50 38 169 82 141 16 18 103 193 45 123
181 197 56 114 157 82 123 92 150 34 195 134 20 159 14 126 193 181 31 195 29 60 194 152 67 72 130 15 107 146 21 112 174 152 94 80 141 150 61 183 77 95 150 54 110 170 181 118 178 116 108 152 17 83 188 45 125 194 25 17 115 29 194 52 28 153 109 144 144 101 105 124 14 177 168 45 5 192 20 99 12 33 69 109 149 119
135 177 162 2 85 184 73 127 81 116 21 20 129 90 129 56 162 11 7 183 33 18 105 179 106 150 123 56 34 64 18 195 157 184 144 54 53 59 65 74 114 125 141 106 90 166 20 10 118 3 3 191 130 18 107 75 47 77 150 63 56 196 197 49 48 10 163 143 192 121 143 126 132 58 190 180 69 108 69 105 168 114 197 46 84 93
4 150 112 104 87 58 125 179 147 200 177 164 195 47 43 30 105 47 92 8 185 96 180 54 181 56 189 76 180 69 197 116 86 5 194 43 115 189 76 53 139 100 7 165 129 182 177 11 138 193 55 32 109 98 23 156 13 78 153 192 64 101 115 77 111 27 137 136 67 116 140 26 30 24 11 39 6 94 189 134 89 46 137 99 71 28
184 188 70 140 146 154 66 131 146 149 135 6 109 73 96 124 16 174 98 2 61 37 138 92 140 155 166 144 54 161 3 147 184 174 144 25 22 130 199 30 173 150 95 67 197 105 174 183 156 106 57 83 167 166 145 167 127 196 142 3 84 157 62 28 6 194 55 73 102 71 32 65 89 114 21 8 118 33 107 199 49 121 193 167 109 89
67 69 114 21 41 115 60 124 45 167 147 155 59 145 127 3 161 122 67 62 197 48 168 76 193 47 60 42 102 53 89 26 87 179 125 151 126 112 5 100 131 5 191 131 0 159 200 69 85 57 168 151 109 47 94 74 139 63 129 99 133 48 165 5 71 115 125 16 175 139 188 43 56 123 64 52 143 166 130 19 7 97 121 113 11 180
185 194 113 140 82 45 149 109 189 34 157 91 145 138 185 17 34 49 90 62 61 137 87 111 190 97 107 177 59 73 129 67 95 29 29 10 87 54 49 186 78 127 94 156 21 141 102 86 147 154 145 41 29 27 198 141 9 6 126 144 32 12 69 46 197 127 166 79 138 120 105 63 71 140 18 186 190 116 74 64 19 6 8 45 182 14
53 105 192 100 184 15 137 36 43 109 122 196 141 1 78 150 70 53 87 175 200 75 158 168 93 102 55 92 98 70 67 161 126 191 61 140 161 34 85 153 101 173 160 183 129 44 81 22 121 0 191 41 82 161 28 174 111 105 85 161 12 76 69 59 194 129 79 153 193 92 194 58 45 96 91 34 139 115 81 97 33 7 154 91 130 195
65 172 62 39 81 118 47 79 102 126 131 191 165 157 80 82 85 167 36 135 129 4 132 25 31 79 29 162 151 172 43 99 6 116 167 37 77 31 144 169 43 163 175 23 80 158 149 150 10 155 79 96 34 52 140 31 165 85 62 39 128 73 192 177 26 55 60 14 133 104 153 86 25 177 165 142 125 13 162 175 117 109 146 87 136 195
115 139 151 13 147 106 173 44 19 89 20 5 176 148 172 152 28 124 199 194 72 36 173 126 16 16 116 35 130 135 168 99 53 32 62 22 198 92 9 5 109 72 192 144 86 15 24 167 200 38 97 200 99 31 101 62 56 114 107 140 190 98 124 174 140 56 184 111 162 81 48 37 155 147 34 180 158 67 75 151 151 139 58 161 87 24
94 166 15 161 174 4 131 74 40 81 125 143 182 23 20 89 16 86 199 158 40 188 95 88 58 140 81 157 196 83 148 57 11 148 104 29 184 86 67 86 118 41 28 75 36 127 8 170 56 67 155 21 63 197 24 113 98 72 152 62 165 104 78 18 113 75 59 77 144 25 113 177 55 198 80 125 1 191 64 149 131 9 37 43 24 5
131 140 62 25 54 106 130 33 130 44 120 115 60 185 87 124 103 116 159 91 110 15 77 102 169 132 116 110 132 38 8 156 87 11 100 14 129 133 44 40 17 60 122 129 198 177 117 148 162 120 136 142 100 24 70 65 127 118 11 84 37 72 35 7 137 184 95 54 146 142 165 98 168 101 41 6 121 77 168 3 93 159 39 23 166 1
190 169 3 142 117 165 92 194 123 92 54 177 198 57 127 51 16 181 136 121 139 120 6 45 49 9 6 108 51 80 21 190 121 162 122 35 161 77 51 31 150 1 54 68 151 92 124 133 71 59 116 132 122 111 66 180 59 97 85 38 193 32 171 178 2 170 163 31 50 148 29 154 129 85 7 58 56 146 41 54 197 24 105 94 186 37
115 64 98 164 108 31 102 0 26 32 63 146 44 59 131 45 86 67 96 81 74 90 159 150 111 149 200 82 0 146 83 108 192 135 132 8 124 28 165 162 119 136 107 193 31 77 170 37 166 110 105 178 161 26 38 93 132 54 16 157 172 139 139 37 144 131 161 131 125 40 172 46 86 6 42 116 167 93 145 37 142 194 189 15 92 147
18 167 155 32 147 181 143 91 52 135 83 76 166 85 53 176 176 146 125 44 14 61 159 12 138 1 85 98 44 108 135 13 42 106 136 148 64 137 199 109 91 77 118 19 40 89 10 174 3 46 70 121 115 9 109 7 12 11 142 98 174 144 32 42 200 164 62 21 53 17 19 106 79 62 63 164 162 125 36 118 197 167 98 132 14 143
9 187 99 129 193 3 176 85 47 125 139 30 72 176 13 107 111 57 154 174 119 184 87 111 139 103 53 119 20 128 123 192 125 102 130 80 178 91 153 199 134 120 6 5 55 37 41 111 137 103 61 133 64 32 30 32 169 195 9 46 165 132 144 148 4 116 128 139 189 10 123 149 115 14 63 109 86 164 10 172 133 0 158 58 41 115
120 55 168 178 122 134 63 150 157 5 98 88 80 106 95 66 136 62 43 187 147 193 105 127 141 144 76 169 95 2 164 142 102 100 61 112 6 11 30 157 107 129 54 175 10 78 56 59 171 107 135 61 22 168 54 174 66 163 64 169 91 57 136 18 62 116 50 72 2 47 35 199 196 29 69 197 94 81 186 112 35 173 174 191 17 1
69 100 41 6 100 61 96 172 186 39 151 120 22 93 39 28 92 176 69 108 137 116 76 73 121 123 6 96 197 34 129 62 82 84 8 13 168 53 81 192 119 25 69 115 62 18 56 60 38 194 60 45 34 143 56 51 62 73 73 106 100 191 152 123 144 147 87 51 55 7 81 193 12 3 157 52 134 187 71 188 27 27 167 68 152 127
142 36 98 91 114 115 126 70 151 131 107 57 6 156 115 81 130 180 105 153 4 10 100 161 170 72 159 183 111 199 39 196 153 81 152 183 136 16 195 44 130 28 39 51 158 141 13 174 7 64 20 186 178 92 118 35 44 104 47 171 101 188 197 171 2 21 57 16 130 96 126 177 95 147 81 118 102 108 50 143 147 159 38 91 51 30
137 12 195 132 185 188 104 73 186 61 56 107 77 189 17 191 166 191 186 96 57 112 135 89 128 109 61 177 200 172 147 82 8 97 136 63 133 192 83 72 91 52 161 163 19 162 93 48 3 102 163 23 6 176 150 194 83 100 193 172 160 77 66 87 22 108 51 64 179 82 188 188 3 92 176 37 72 3 197 6 188 72 84 24 174 173
102 51 116 9 138 112 109 40 72 39 195 25 53 120 133 83 156 178 22 4 127 159 121 106 69 174 107 61 54 122 168 11 80 53 64 43 178 195 172 161 21 83 99 159 35 126 106 110 88 84 21 28 141 80 190 190 140 142 91 82 191 115 9 132 119 56 179 116 5 131 132 7 103 146 81 109 126 19 93 167 13 151 14 24 36 193
186 101 149 120 39 179 53 42 175 43 120 50 93 75 188 107 14 163 8 57 106 19 12 107 33 94 163 163 80 133 92 4 136 60 162 50 102 48 11 121 100 54 108 83 75 122 47 66 134 93 69 155 186 119 25 33 91 119 47 114 150 151 84 9 4 75 17 60 84 194 81 147 79 118 3 93 36 148 124 57 64 9 197 108 128 22
16 117 21 190 57 158 138 104 31 121 75 47 20 112 96 32 17 81 29 91 3 76 5 14 29 146 47 21 108 144 31 10 15 42 49 66 71 133 125 196 77 194 161 185 145 115 131 94 130 93 151 178 125 155 189 10 83 16 73 172 155 174 142 10 41 5 189 153 161 52 132 128 176 133 135 78 115 67 169 66 200 121 117 41 31 179
147 158 56 143 131 87 200 98 199 73 12 41 89 37 25 45 174 26 86 171 54 171 107 3 117 54 124 10 184 40 118 89 162 46 122 189 184 52 157 61 189 116 148 128 113 195 180 113 102 50 118 33 74 66 36 26 153 2 108 99 167 99 7 154 126 114 149 18 133 40 8 0 31 199 172 47 172 115 27 44 169 49 68 74 86 111
190 67 20 99 193 90 185 118 69 132 73 27 85 74 76 127 171 150 43 149 64 18 190 11 149 154 114 66 160 56 147 59 35 148 7 112 130 25 38 102 2 158 147 132 121 72 127 61 16 94 144 182 157 14 162 32 69 102 109 95 53 61 14 170 114 15 63 43 78 130 39 115 41 180 199 37 54 66 24 194 163 125 53 11 95 8
199 96 190 172 98 193 85 181 179 111 97 124 44 13 163 94 193 136 99 135 186 91 195 199 0 73 42 193 10 1 43 131 104 32 124 6 72 164 196 79 190 55 142 159 12 188 99 193 164 27 42 102 169 30 3 83 114 198 50 43 2 55 170 55 87 129 62 121 68 139 16 143 129 24 102 179 158 48 147 98 144 105 151 24 182 8
156 162 51 97 130 189 102 43 198 3 19 106 15 63 23 187 121 140 7 197 45 14 150 171 21 149 2 193 161 55 200 46 57 137 22 59 41 113 24 149 186 102 167 62 40 123 87 89 103 26 99 187 130 93 36 163 36 36 1 82 142 38 87 150 52 11 179 109 33 192 28 183 6 140 62 13 17 75 195 18 31 176 30 105 51 32
178 123 191 29 143 62 154 31 106 132 175 160 84 34 41 144 159 161 144 69 68 94 188 33 147 94 44 62 98 139 197 123 11 198 187 85 159 119 113 22 112 89 102 45 153 138 113 154 193 131 98 2 24 37 32 38 29 63 168 120 93 133 188 194 98 151 28 74 105 161 59 62 19 55 167 91 167 35 186 39 67 182 83 16 152 115
195 79 83 127 101 87 181 60 79 198 0 192 197 14 1 67 102 183 36 131 199 167 8 31 76 62 75 139 118 153 98 183 61 193 107 131 29 106 125 190 16 176 194 22 154 19 34 165 86 144 105 153 5 41 138 86 9 156 2 7 107 154 180 94 158 129 67 122 56 48 42 112 100 185 108 11 90 126 33 121 13 193 150 43 128 75
79 116 26 66 170 31 62 84 133 176 152 41 164 127 170 4 2 111 164 189 40 38 119 96 107 20 80 57 29 124 57 104 56 3 12 137 67 18 150 120 144 157 48 141 88 191 37 55 129 33 38 53 9 33 165 173 40 161 55 81 174 143 159 128 182 169 4 134 2 25 177 94 62 43 100 46 33 167 185 159 19 166 138 93 32 34
20 93 70 33 23 50 64 107 114 153 160 49 166 8 200 119 172 104 149 126 29 194 107 178 131 193 172 191 113 100 120 109 66 113 101 157 11 185 57 58 57 137 140 130 188 14 84 183 196 86 87 81 169 107 26 28 3 162 46 18 164 147 45 84 200 129 70 35 79 179 58 185 132 92 166 110 183 157 149 98 24 166 80 179 174 184
46 34 147 198 109 136 84 48 194 86 100 108 151 115 150 8 89 96 35 136 58 133 25 40 183 89 71 197 88 183 51 133 175 80 131 41 114 130 103 127 123 135 193 193 13 90 172 165 50 28 145 63 153 159 189 86 76 146 54 144 14 147 99 141 100 176 4 2 74 86 11 179 15 137 25 191 169 161 51 173 43 101 115 181 4 8
69 9 58 44 153 148 23 166 100 79 80 198 141 34 156 45 158 142 136 70 164 147 185 3 39 99 8 151 72 196 140 60 77 90 183 102 88 87 181 47 98 96 150 76 178 86 158 67 67 24 100 182 68 179 44 101 171 105 88 193 25 154 181 70 146 12 78 124 181 178 24 17 67 99 20 18 74 54 132 190 55 154 81 2 195 139
116 154 138 41 11 118 116 35 198 84 40 91 45 50 13 132 130 16 198 104 50 66 188 194 141 143 15 151 35 185 131 21 1 180 62 20 55 4 16 85 60 100 13 87 141 32 123 115 76 27 52 27 198 132 43 42 112 114 189 52 105 23 143 25 89 145 179 167 188 72 161 38 62 79 73 32 118 137 67 87 25 45 7 8 119 109
123 124 102 41 3 173 48 10 184 7 107 178 23 194 194 193 29 114 23 164 16 192 117 13 135 180 156 65 191 107 113 194 87 173 55 116 32 7 175 138 99 200 77 183 192 125 111 142 131 117 30 173 107 75 116 186 184 163 185 116 17 47 130 6 119 143 94 108 120 5 137 140 88 61 90 94 181 50 115 141 5 63 66 146 43 34
18 88 32 184 61 97 106 89 71 134 144 65 147 43 41 150 179 182 177 75 97 11 69 125 159 194 183 137 170 40 185 198 79 185 63 40 178 120 60 16 152 23 111 151 16 127 158 197 196 100 8 172 162 93 97 200 61 198 79 44 198 66 159 95 197 97 131 106 168 93 164 36 6 149 169 65 54 152 2 164 18 158 180 2 198 78
17 11 19 19 62 114 123 71 148 78 99 98 177 188 146 155 0 133 172 173 51 151 71 194 87 186 10 153 142 164 82 116 133 39 93 132 109 101 175 109 9 153 195 89 163 134 84 10 42 46 176 18 115 98 141 18 126 80 22 66 77 63 33 150 78 88 70 47 171 69 171 149 107 198 96 100 186 83 144 113 19 102 93 3 23 140
67 73 175 170 4 51 137 135 58 52 88 155 118 89 77 193 146 28 127 147 167 188 130 41 45 1 25 184 40 6 95 82 147 141 81 78 18 43 184 200 128 66 74 97 31 165 56 84 85 161 36 7 88 167 98 13 188 123 152 28 150 118 141 32 63 5 25 169 194 180 6 180 152 29 158 10 168 157 40 36 195 67 185 92 155 50
46 12 125 28 119 146 18 3 62 112 87 49 60 140 86 184 129 144 38 194 114 115 19 93 2 74 168 58 61 83 38 23 196 93 13 52 88 145 35 29 36 84 187 75 129 61 91 29 16 8 51 161 146 190 159 53 85 13 72 75 45 72 42 51 11 128 69 39 186 186 138 59 190 19 91 181 138 57 71 110 156 104 90 156 169 56
151 190 142 45 190 105 191 126 21 85 69 26 138 104 110 159 195 24 17 178 146 32 111 67 15 192 183 47 124 43 150 27 199 10 164 124 63 58 124 74 192 142 140 86 51 64 111 53 86 169 144 72 32 25 39 154 181 178 104 179 13 101 113 74 97 188 46 138 2 181 192 168 70 98 2 197 69 199 54 80 141 1 72 28 22 1
85 147 35 9 90 79 156 21 113 86 156 179 19 175 18 62 147 173 147 17 43 75 45 24 68 50 114 156 131 8 84 27 111 21 137 55 56 8 42 40 73 96 45 70 17 61 167 37 112 27 190 197 128 173 38 160 182 120 143 194 122 64 99 148 77 68 32 104 6 131 145 48 118 153 111 145 164 192 163 124 29 150 110 48 116 192
42 4 26 2 180 104 192 67 80 21 50 2 3 49 36 155 78 134 108 168 35 148 1 10 187 145 58 24 88 121 127 31 57 196 41 180 152 32 181 18 147 150 193 189 9 16 130 96 96 54 25 79 73 180 94 188 13 35 116 59 55 112 72 69 170 128 105 167 124 39 84 193 3 185 127 177 78 176 38 145 43 43 81 169 23 171
17 55 120 86 137 27 81 5 160 65 84 65 35 59 164 139 66 46 187 198 178 40 145 101 185 110 116 89 41 5 39 105 143 165 160 47 10 85 108 164 114 66 132 82 102 52 150 84 165 149 120 62 3 64 198 69 71 169 85 96 100 115 78 109 69 67 4 88 129 84 69 51 97 200 163 195 35 145 165 52 110 91 0 51 196 157
132 131 27 56 105 170 200 200 7 140 61 153 42 189 103 165 194 99 171 68 29 199 78 187 176 89 106 38 185 142 166 131 95 31 91 39 71 79 198 76 94 41 68 90 92 9 5 182 72 108 30 78 61 13 95 40 93 86 132 116 125 6 2 48 55 80 51 15 121 122 117 61 64 155 150 179 7 73 80 163 72 59 122 92 127 51
3 166 110 140 60 107 76 5 96 71 147 185 197 180 160 63 51 177 84 107 48 197 88 40 138 196 84 63 112 68 134 148 64 124 117 189 144 100 49 140 85 18 96 23 89 55 12 98 195 164 0 11 145 73 74 51 143 18 76 97 142 10 29 183 171 141 179 65 91 75 56 150 45 85 16 68 23 193 145 158 50 62 67 145 129 3
41 1 181 40 72 176 164 44 96 169 24 46 79 66 132 46 59 9 33 60 122 169 197 166 99 141 167 133 175 169 86 187 6 73 188 198 80 117 28 185 33 68 162 82 116 71 76 169 118 6 11 126 28 188 128 24 125 7 142 68 108 129 135 127 31 115 16 128 88 106 39 8 133 162 61 77 138 6 88 188 41 166 177 48 75 85
110 29 109 116 89 74 164 170 179 62 42 25 116 8 169 35 109 131 161 88 115 188 101 162 188 121 189 52 9 144 134 143 188 35 168 163 80 11 114 99 154 137 16 131 166 120 86 47 188 86 64 67 69 35 16 33 102 17 149 182 91 147 141 125 193 56 92 81 5 149 146 51 189 14 167 157 158 54 184 22 133 4 143 181 199 83
1 146 104 77 6 47 98 194 122 86 177 164 120 195 138 10 26 42 164 131 181 170 85 58 35 14 137 171 89 41 193 195 93 106 125 67 83 11 101 98 196 197 56 171 176 150 156 0 8 103 175 25 0 112 178 179 35 79 136 125 55 23 7 173 33 159 135 159 51 73 14 146 172 102 149 106 198 85 72 153 54 108 110 3 72 179
194 53 137 16 104 21 163 27 127 99 194 83 155 45 33 39 117 123 13 9 53 23 185 138 20 199 29 16 47 38 152 117 199 50 50 171 156 62 160 23 126 74 87 82 176 198 9 55 29 51 101 76 127 92 117 51 51 130 187 49 144 140 170 195 69 151 36 99 48 74 152 43 5 20 157 32 166 28 7 32 135 156 99 162 173 167
42 87 27 65 129 49 22 139 76 97 118 117 193 87 194 155 144 186 112 166 172 114 19 92 43 84 87 109 157 129 154 31 89 137 160 86 46 99 76 40 54 57 45 152 165 97 115 155 138 121 1 183 15 49 29 170 121 72 127 157 155 104 4 69 94 120 64 50 7 147 119 98 187 175 93 29 78 189 122 119 51 197 27 154 14 72
164 73 165 90 97 20 181 110 87 111 161 101 183 87 174 79 190 181 195 148 130 94 187 82 56 46 4 15 76 183 147 53 175 191 94 61 185 195 148 94 142 65 200 103 86 194 169 89 40 85 134 77 126 53 23 128 87 8 41 165 155 138 16 138 115 40 147 29 127 79 190 29 4 80 70 150 54 194 11 126 63 57 190 179 155 59
181 195 83 50 73 32 185 147 184 92 38 18 119 74 150 123 158 103 106 162 162 139 32 111 85 50 7 118 195 73 42 79 129 170 6 4 136 143 38 159 57 2 95 111 85 0 112 144 11 121 154 94 82 6 163 90 174 12 114 159 60 167 53 114 98 76 15 127 66 78 170 25 29 96 32 58 82 127 185 153 134 176 143 87 138 172
16 84 196 81 77 83 173 70 50 23 65 52 64 155 86 46 159 198 150 47 52 199 172 125 128 7 62 121 24 19 144 108 139 56 135 25 154 162 108 8 48 115 69 159 24 93 65 138 198 151 151 13 86 43 166 63 17 99 156 170 9 37 7 169 6 131 72 18 47 158 163 186 127 127 30 36 96 45 76 121 178 146 57 74 136 55
155 88 44 192 21 29 38 9 174 189 170 185 194 152 159 187 151 198 199 100 85 52 122 174 197 6 63 28 107 10 174 104 39 183 137 69 163 161 6 62 180 7 56 26 125 159 170 181 13 141 186 92 145 80 67 191 107 45 30 59 66 44 127 9 131 40 115 180 162 141 45 72 184 92 76 111 170 107 137 33 55 94 121 23 170 68
71 35 156 36 54 39 47 168 28 178 4 149 141 194 19 1 127 186 93 108 111 147 132 42 199 131 51 158 74 175 117 39 23 91 3 177 70 119 177 101 137 37 87 44 43 19 186 171 27 90 31 72 137 130 172 2 70 117 118 42 53 124 119 18 13 45 123 146 136 117 138 159 43 49 71 96 21 81 177 99 141 45 94 48 121 87
59 158 82 57 129 131 50 141 121 53 141 1 98 183 7 144 12 107 74 169 170 184 60 60 33 185 76 169 90 149 109 192 37 62 0 178 130 93 65 78 117 161 54 110 76 200 40 199 137 26 165 43 167 112 179 52 25 24 89 199 37 176 2 0 146 172 150 88 26 114 64 23 98 83 66 91 94 179 178 158 88 30 87 89 29 120
104 124 178 50 6 52 153 120 199 58 133 162 98 56 140 169 118 3 85 124 41 167 149 17 197 41 177 83 90 90 97 196 97 68 15 33 185 161 96 198 4 66 156 106 113 45 70 86 120 55 154 123 47 57 182 182 152 189 163 117 33 161 90 112 112 17 172 116 175 126 90 188 200 176 150 66 184 83 114 143 125 161 174 56 87 13
165 156 167 56 183 116 138 3 108 111 21 198 52 150 105 71 144 122 6 198 18 15 28 161 41 170 97 86 101 141 54 134 13 67 172 138 29 117 11 10 50 18 161 5 140 189 152 189 117 22 29 94 30 87 29 60 26 107 70 47 112 138 146 184 10 162 66 127 1 99 99 124 128 27 112 17 37 158 117 40 25 58 128 57 70 50
155 67 5 41 13 130 151 200 123 14 1 152 158 142 113 180 109 72 161 156 125 183 151 131 73 114 168 147 65 141 143 25 0 113 197 118 85 35 6 89 44 73 82 183 75 34 9 126 52 16 62 4 103 113 69 188 46 162 116 80 184 114 58 147 95 0 135 174 38 43 165 1 74 190 92 113 95 176 6 23 115 80 52 163 86 117
145 186 124 72 7 67 83 71 21 30 108 184 37 190 196 180 49 188 14 179 9 130 29 192 135 117 145 166 175 154 10 156 193 6 134 178 81 70 83 196 2 22 148 153 77 31 129 119 170 75 138 29 136 11 29 121 81 113 70 143 101 96 120 194 122 136 110 178 125 123 104 191 118 47 165 16 148 80 140 142 198 153 183 144 157 159
60 79 31 195 66 28 33 76 0 77 185 126 62 136 70 76 107 115 67 102 86 55 11 77 28 148 155 83 74 79 6 20 65 80 189 98 98 80 165 47 62 162 26 126 51 129 44 199 141 176 131 167 65 111 87 123 158 155 104 111 176 53 75 25 129 11 19 9 188 122 46 54 148 136 119 110 138 174 0 107 45 137 34 184 185 170
2 139 64 114 36 63 165 29 159 166 98 170 101 8 110 162 160 34 98 161 46 3 3 117 173 127 106 108 47 1 191 77 151 138 79 88 38 76 155 14 58 174 134 193 193 166 98 124 61 125 145 112 58 192 8 126 72 65 105 45 123 51 152 11 158 151 174 80 35 176 184 71 87 55 199 129 110 186 104 171 125 139 112 141 99 12
163 127 43 32 40 169 99 126 18 155 77 45 99 173 42 197 200 143 62 113 94 132 140 24 82 189 62 61 47 154 160 137 98 12 190 92 86 35 71 36 36 131 102 11 96 153 55 111 65 70 104 171 28 138 170 90 190 28 123 88 18 87 148 119 18 15 86 42 164 190 109 103 2 195 83 86 26 81 51 84 105 97 177 101 131 89
162 165 114 10 135 188 69 56 110 36 78 151 152 184 122 20 172 44 73 33 127 90 93 7 175 21 62 153 142 165 120 46 48 85 136 162 93 10 145 181 49 43 95 41 198 106 73 173 153 138 26 10 83 72 117 47 163 130 186 129 154 122 22 17 158 35 92 11 6 2 3 142 7 143 139 92 46 178 38 144 83 128 41 122 29 195
103 97 106 119 30 47 21 86 163 198 140 8 105 29 32 194 183 55 55 119 39 26 50 39 88 134 111 84 33 57 80 62 112 108 96 105 29 172 82 136 96 121 19 56 118 13 187 162 153 87 74 10 105 192 10 11 144 130 176 197 147 196 93 90 81 120 47 26 75 157 52 143 27 36 166 110 156 13 167 113 91 142 123 177 19 155
76 155 89 145 164 103 82 1 180 196 195 175 9 199 108 59 85 106 73 200 151 90 54 143 58 73 35 127 131 30 74 30 19 182 168 90 58 131 191 114 123 134 38 94 198 92 193 79 85 193 144 123 169 26 147 19 25 172 90 117 115 133 16 158 116 177 101 181 3 150 171 96 8 4 88 75 139 126 135 158 100 125 171 144 93 135
158 103 29 167 98 80 150 157 4 159 191 2 145 119 181 84 182 109 95 1 91 196 48 160 18 154 82 161 42 168 78 196 125 91 178 21 98 70 119 178 200 47 37 167 160 58 158 14 53 50 52 93 52 146 60 121 99 13 57 138 162 113 91 143 64 83 22 128 145 8 152 152 102 123 129 117 48 76 24 190 37 15 80 48 185 70
87 55 70 191 32 123 86 74 94 5 128 192 120 184 152 5 185 96 182 122 34 66 153 75 50 115 116 73 176 136 41 180 114 58 195 186 169 195 74 96 104 58 121 63 162 125 124 92 0 171 105 53 74 177 96 71 13 44 145 182 67 62 148 88 101 166 37 189 178 70 63 104 167 160 42 9 176 123 170 103 148 71 194 50 49 26
58 165 48 131 17 61 115 199 142 39 172 27 36 163 84 37 74 18 43 75 7 48 23 161 80 91 148 167 115 145 188 163 177 75 27 179 5 77 195 171 20 39 31 191 162 170 74 172 65 91 32 125 153 83 192 16 107 120 34 138 163 98 42 182 180 195 139 15 118 84 22 92 126 99 22 187 73 158 125 34 59 71 157 179 2 26
199 27 187 175 77 157 166 124 194 194 162 200 165 180 17 47 164 45 47 160 56 51 11 92 18 192 114 179 58 148 195 152 134 2 189 50 12 58 95 35 186 157 195 66 95 82 179 37 71 162 121 30 39 88 161 163 9 135 129 12 69 84 150 85 58 176 173 47 4 118 146 34 62 122 175 0 31 111 89 120 159 134 37 88 198 67
13 131 145 135 124 79 146 68 37 9 157 47 19 17 20 125 100 193 42 57 63 106 59 119 141 184 42 188 27 199 61 81 195 82 140 148 14 53 117 184 183 100 60 120 100 200 150 179 65 1 101 18 101 116 31 82 147 125 52 6 151 13 70 176 52 93 132 41 5 194 34 27 48 8 15 61 174 104 35 64 30 44 78 24 55 173
53 88 165 45 127 58 122 67 173 158 193 36 18 100 120 69 188 163 143 15 163 177 65 99 200 13 155 19 3 168 99 27 73 126 191 96 26 83 102 60 30 81 26 30 98 123 162 122 21 197 95 94 50 176 155 106 122 70 72 95 13 66 165 185 43 167 156 58 4 74 5 94 154 98 45 26 85 95 21 133 11 119 198 174 84 142
156 27 34 55 43 140 170 101 16 138 6 56 191 101 82 64 143 60 73 198 33 142 68 176 151 13 86 66 178 80 35 36 192 111 0 81 116 154 89 160 136 170 37 150 150 173 48 66 54 146 65 168 64 108 186 154 68 49 200 172 107 23 198 73 19 175 42 95 153 13 31 92 137 31 74 96 31 183 122 147 123 69 121 64 167 189
24 40 35 138 135 170 86 179 150 106 48 182 127 124 193 21 80 37 172 102 157 160 110 26 24 137 133 61 20 150 132 109 170 73 85 40 14 64 31 183 32 142 141 49 189 116 77 123 170 132 110 66 133 126 58 160 190 179 62 159 108 194 130 68 152 43 61 24 183 86 12 18 140 173 145 158 150 87 36 63 155 43 147 128 18 104
56 2 153 134 33 82 53 108 97 192 156 4 141 115 143 82 174 64 43 188 61 100 160 10 55 0 164 141 165 179 99 65 8 45 0 150 164 74 13 16 192 132 32 119 177 83 148 83 50 110 23 125 72 89 51 124 60 28 200 24 20 127 9 139 163 121 84 146 85 122 68 149 12 175 133 66 98 61 179 117 14 86 175 77 151 16
20 3 48 119 45 99 19 24 134 159 38 161 167 121 190 129 148 107 44 175 127 33 150 124 187 135 131 96 186 65 58 187 15 118 27 74 9 77 3 91 167 57 102 58 9 28 74 162 152 150 72 115 172 29 113 77 136 10 97 2 84 11 85 53 92 34 155 68 14 66 111 117 94 62 170 97 121 184 61 144 101 140 49 58 41 32
44 34 91 96 128 103 72 137 59 157 147 63 74 68 157 76 4 123 103 42 106 100 123 108 50 32 117 107 187 39 79 198 142 68 147 113 153 9 1 103 110 68 196 59 177 142 181 68 195 93 102 129 39 4 186 198 116 32 66 65 80 142 19 177 91 109 67 10 28 143 126 116 75 70 89 58 105 124 170 109 151 45 174 79 137 75
18 2 183 83 142 142 165 34 27 17 102 95 95 125 117 146 27 185 85 106 46 68 79 21 52 44 10 82 1 147 107 140 14 165 67 108 66 114 188 191 185 200 122 52 177 153 187 7 172 118 34 0 105 105 48 68 63 6 16 95 25 99 43 153 69 39 182 49 188 45 35 152 43 32 100 168 115 39 72 81 35 192 44 53 175 138
81 129 46 194 112 111 72 185 180 183 118 100 74 191 160 33 121 10 7 31 143 182 197 170 133 198 124 153 35 180 199 92 141 173 17 24 44 122 30 85 20 6 177 46 43 200 184 185 6 34 14 128 133 41 23 24 148 145 1 3 67 187 113 108 135 53 44 153 73 190 183 72 8 109 107 14 110 124 125 22 107 141 158 164 117 86
17 6 170 79 172 14 54 187 88 90 109 113 159 18 21 0 16 12 145 33 13 23 49 169 175 110 14 65 122 113 66 70 63 10 41 11 9 98 107 50 98 92 52 134 3 173 100 67 52 90 26 31 70 145 195 33 176 17 112 92 82 165 188 38 168 178 55 58 43 200 38 129 185 133 43 175 142 108 83 138 197 26 19 28 104 114
10 101 162 92 55 19 61 130 36 135 133 41 55 40 36 75 124 37 98 102 75 147 191 190 198 182 124 21 3 34 130 46 153 150 91 85 1 76 155 187 106 48 149 10 33 97 122 62 66 119 73 178 122 14 93 196 195 20 68 131 166 121 51 136 166 106 189 125 192 116 24 12 16 168 42 103 180 181 191 60 158 3 66 108 120 169
106 144 180 94 67 46 38 160 182 83 98 76 37 137 71 35 146 90 104 55 156 59 192 12 27 199 78 67 42 113 153 173 33 176 59 107 107 13 95 35 124 53 169 20 53 12 64 92 148 24 114 200 136 48 123 88 88 84 46 93 163 36 131 21 20 81 56 50 174 81 184 168 67 171 200 72 14 82 17 163 35 163 135 172 8 139
101 61 66 171 65 72 105 71 39 69 50 66 54 29 79 90 176 189 36 6 23 103 126 62 19 76 17 65 131 48 115 89 52 138 193 40 193 24 50 146 115 183 0 66 97 29 76 20 66 107 196 37 71 177 68 180 63 125 25 11 16 35 75 95 29 9 161 118 196 43 85 134 172 162 21 43 167 106 32 118 182 177 171 25 168 148
176 134 79 191 31 40 120 130 1 51 83 168 4 198 64 137 156 84 182 58 14 7 136 39 77 60 87 18 156 132 69 101 168 56 165 5 2 12 138 89 132 86 127 176 111 106 46 193 105 160 169 42 189 47 91 74 83 63 66 137 89 83 146 144 163 48 107 41 162 70 120 15 119 22 116 109 170 185 106 121 100 38 44 92 173 118
106 22 158 70 144 157 88 172 191 8 185 123 72 185 95 143 154 151 196 147 47 193 193 173 2 191 42 94 169 94 137 188 31 109 115 24 38 103 161 129 111 177 188 30 189 54 176 132 183 115 123 73 75 98 69 25 25 31 133 38 71 190 190 170 172 148 189 40 13 108 44 186 166 6 19 3 68 46 90 141 135 164 42 11 169 122
170 8 112 182 126 24 30 25 154 87 126 137 59 26 187 35 169 173 168 126 40 72 124 181 38 186 134 133 55 143 86 115 83 46 25 158 44 125 114 140 127 167 15 155 173 100 59 61 74 198 4 157 118 108 11 187 117 7 47 68 121 176 116 15 17 59 79 148 93 137 11 172 174 97 45 178 109 1 123 143 30 54 193 125 135 45
