13
57 56 66 122 39 102 27 83 10 197 152 196 144
138 76 16 181 55 45 127 180 15 145 1 80 114
160 108 154 165 122 44 5 44 5 92 171 96 104
17 173 43 95 172 156 134 143 53 160 82 28 91
88 3 32 57 90 63 126 130 167 66 158 66 108
59 41 61 140 82 140 143 182 4 109 56 17 81
44 195 87 35 94 191 194 162 97 181 52 8 161
25 82 130 190 197 18 44 151 48 43 75 103 133
184 127 28 155 68 81 97 154 174 2 70 114 15
127 152 13 46 57 160 110 32 68 82 38 160 83
19 134 183 197 63 146 27 97 19 152 126 23 20
165 108 61 112 62 83 10 157 133 188 105 137 106
18 73 92 66 98 75 100 36 80 55 23 187 191
