94
42 26 98 35 38 142 96 54 93 30 56 154 69 35 96 189 123 9 33 22 105 193 200 149 95 7 74 9 174 27 189 72 81 81 39 155 128 143 94 46 80 134 170 28 199 190 146 53 64 87 167 59 42 57 101 78 138 117 192 147 69 89 153 101 37 48 100 95 23 6 176 148 29 106 24 72 118 198 40 10 136 65 168 34 133 75 122 116 130 196 142 157 132 64
60 29 35 148 81 46 154 120 134 103 118 155 144 108 155 17 115 194 200 199 119 81 30 181 134 40 79 172 67 135 188 148 70 78 9 159 195 31 96 154 95 188 72 162 179 69 200 114 69 112 119 140 22 140 33 91 172 76 91 130 30 19 84 67 120 55 162 193 101 7 87 70 154 10 6 142 53 165 42 189 163 124 99 29 35 120 148 86 115 75 89 129 32 91
57 185 138 68 36 147 32 154 74 77 96 139 11 11 76 154 139 137 147 32 156 78 175 193 188 92 166 47 68 155 180 152 69 92 37 126 0 32 15 7 33 110 141 95 25 23 165 196 37 157 65 134 64 5 61 134 54 20 37 191 76 174 167 141 163 8 118 117 8 190 41 67 78 47 118 2 179 147 41 128 68 175 102 32 116 186 121 103 69 100 132 39 157 57
96 7 157 94 119 20 49 61 81 114 86 124 75 176 108 64 166 146 11 53 132 182 180 25 136 191 75 35 112 141 161 95 176 191 126 191 195 33 50 79 37 137 197 187 0 58 93 76 63 105 126 98 132 126 114 197 50 65 125 153 39 124 65 154 168 189 160 173 115 167 30 72 125 196 118 175 96 42 144 142 60 130 101 86 103 123 84 71 98 75 24 1 80 103
188 116 111 118 157 39 39 165 113 145 99 137 103 34 141 106 22 168 131 79 138 166 133 171 191 81 81 85 67 34 89 85 82 62 124 187 184 23 83 133 181 112 178 151 52 107 149 97 127 53 66 196 12 82 36 176 104 75 166 39 26 177 170 105 4 131 60 191 167 113 125 46 95 122 136 111 35 181 100 173 103 3 112 148 180 61 6 95 29 55 38 98 71 170
177 60 94 96 121 15 50 46 86 28 187 149 118 161 88 172 181 0 31 4 27 54 32 76 184 9 79 3 172 115 109 57 16 10 87 63 76 187 154 79 134 183 1 196 129 68 126 175 113 93 55 177 118 92 76 44 108 161 134 188 5 116 163 174 89 138 47 139 95 190 187 87 156 164 91 78 13 33 86 184 145 49 189 99 157 75 169 91 119 16 22 145 163 170
1 187 195 124 79 47 40 165 171 149 131 177 110 75 96 38 15 34 112 187 172 73 33 76 89 131 194 140 190 144 60 169 197 31 35 164 154 28 57 98 92 142 116 129 44 65 84 104 175 146 11 156 200 158 104 14 104 137 144 93 68 3 82 67 149 16 44 116 190 32 156 144 158 58 116 73 140 148 101 151 91 143 146 184 165 148 109 86 153 115 5 95 21 14
196 163 139 187 38 125 107 153 135 1 107 92 27 0 71 16 137 87 50 165 164 65 69 102 92 144 174 83 8 137 158 26 60 134 75 140 52 155 127 101 97 115 166 151 148 71 54 99 100 83 74 153 113 129 92 98 127 28 74 153 41 108 151 175 175 116 106 88 153 27 88 58 88 159 60 102 78 145 175 67 130 132 198 75 188 95 92 51 96 100 167 61 190 7
177 190 177 189 42 165 60 130 178 173 90 127 71 16 178 153 23 100 171 128 153 181 52 163 200 138 70 69 79 161 54 176 128 89 126 49 12 55 156 109 117 10 56 124 169 103 119 174 55 107 19 1 70 57 52 138 128 80 85 41 94 74 83 58 192 27 139 155 66 26 94 158 90 141 6 161 118 188 83 21 161 134 105 41 181 196 2 105 157 68 152 157 121 56
171 111 11 64 17 109 143 150 164 125 177 151 143 142 10 165 142 156 53 65 16 51 163 20 164 193 109 140 121 73 178 197 136 46 58 6 152 20 111 161 109 165 91 53 173 9 90 47 89 183 57 192 32 17 61 143 86 190 144 92 103 151 94 173 146 2 150 79 16 46 134 17 9 115 18 152 83 17 55 177 182 74 50 26 1 39 116 1 54 53 83 53 101 61
67 13 165 64 82 20 48 121 8 139 6 126 178 166 134 9 77 116 10 59 153 113 59 150 163 170 81 60 107 27 123 112 155 155 159 116 132 29 101 69 99 157 164 145 27 10 149 93 80 26 100 150 92 119 49 57 124 143 80 150 86 124 200 101 95 140 105 55 50 175 186 32 133 154 52 154 109 169 20 128 43 128 149 117 168 161 192 131 122 38 92 184 39 54
141 17 190 172 185 188 67 14 198 198 189 101 64 180 159 106 67 148 119 1 6 16 105 7 92 133 120 173 68 12 193 30 145 16 98 53 162 155 150 24 182 81 143 99 64 49 161 160 192 171 107 103 182 47 132 81 84 25 199 39 162 49 179 122 194 111 32 133 25 194 128 110 51 154 171 120 54 59 33 139 48 30 189 160 86 112 52 117 24 103 106 156 199 92
144 197 115 81 191 187 81 177 8 20 33 125 34 17 169 197 150 169 134 3 22 93 22 8 59 18 184 190 184 24 13 160 196 127 77 43 38 135 48 195 50 91 11 125 58 177 137 82 149 196 145 51 144 89 150 96 67 16 5 1 71 168 23 102 40 179 37 199 9 165 142 9 55 119 77 58 168 154 35 80 32 8 139 22 119 70 19 98 164 141 77 50 83 30
17 122 95 95 137 182 168 61 108 159 83 177 15 113 122 40 152 200 163 183 48 42 158 3 29 24 52 123 3 113 88 111 90 62 46 131 47 138 101 50 145 103 20 124 148 181 174 36 44 25 79 58 48 7 63 173 155 44 66 183 38 30 170 144 14 151 115 5 98 137 58 172 127 25 124 140 162 23 45 134 20 24 158 110 189 76 200 31 146 36 46 78 48 179
183 138 31 12 142 88 112 22 23 59 65 103 143 8 29 31 9 108 62 33 193 35 79 72 122 167 99 118 196 162 3 5 26 143 72 188 19 85 104 179 124 50 177 29 165 28 140 179 157 54 159 28 4 189 171 58 171 126 64 149 66 187 41 116 31 29 170 90 5 137 118 194 34 26 6 93 101 159 195 31 126 50 34 144 107 149 20 70 89 88 22 72 136 75
100 8 92 123 182 23 90 166 182 90 154 24 177 58 184 199 147 91 199 184 12 27 30 54 181 190 21 42 129 75 97 12 27 191 5 3 155 124 148 74 173 50 59 162 190 135 198 200 103 106 93 2 59 50 7 15 121 98 119 7 198 59 108 191 2 191 195 24 36 4 102 153 128 145 15 78 166 51 121 7 17 9 14 125 86 189 12 156 28 37 42 130 92 92
56 143 86 38 13 193 177 82 183 99 32 5 13 159 96 185 90 92 132 12 114 179 169 137 30 140 98 168 15 24 173 25 189 110 99 54 83 23 200 27 20 178 32 31 127 75 169 76 163 59 179 76 73 86 42 23 151 187 14 166 84 170 8 158 101 140 30 95 197 33 18 150 58 31 74 169 12 128 148 106 32 172 130 67 97 199 55 75 192 168 27 129 57 140
9 169 96 132 154 28 95 169 128 101 39 198 141 137 139 162 18 59 71 197 186 197 93 193 178 128 168 79 151 69 118 106 61 176 24 93 28 166 6 157 101 54 113 171 26 54 92 183 167 175 157 188 85 49 156 190 7 105 110 131 67 85 53 61 117 66 76 123 27 136 81 193 175 120 122 74 169 5 113 10 59 106 149 185 55 78 45 155 55 94 129 189 34 194
86 128 180 68 95 18 47 27 39 82 125 89 38 166 126 186 5 124 191 105 87 190 112 3 91 101 35 129 154 28 105 71 138 35 188 70 94 79 69 103 190 180 174 110 96 170 40 108 175 70 57 143 36 49 136 85 36 101 86 81 169 165 167 34 160 198 183 151 55 108 67 198 44 108 185 111 196 19 137 58 192 158 152 13 147 11 77 136 2 166 75 57 53 28
58 193 148 163 117 148 92 70 101 118 123 48 42 190 174 172 10 33 35 192 46 1 57 123 98 82 124 139 0 40 147 10 2 2 168 127 91 56 76 62 156 62 20 82 23 170 56 184 176 193 95 164 42 106 134 185 178 72 66 102 143 113 160 10 92 156 49 122 138 15 103 52 169 142 44 148 72 0 156 45 190 174 36 99 11 149 96 82 75 52 141 146 69 115
195 167 138 146 28 177 34 62 69 18 42 198 77 180 130 153 200 166 75 146 156 137 164 89 117 183 51 116 91 179 1 145 176 187 49 42 168 120 106 178 142 96 9 2 170 112 197 94 100 191 93 55 171 52 33 197 112 48 44 141 65 175 158 33 97 123 193 66 32 23 114 150 161 53 169 194 42 183 30 87 66 195 114 177 161 78 83 5 107 51 126 2 54 103
126 135 114 117 54 194 200 5 83 179 110 157 192 43 42 38 153 73 170 38 13 51 142 199 7 153 97 76 74 61 80 187 139 8 16 66 116 54 127 17 125 97 148 147 143 56 54 57 152 78 39 166 41 140 104 38 122 79 0 130 169 126 34 134 22 73 62 43 62 163 109 149 176 187 192 39 112 21 120 158 197 157 189 19 27 121 31 164 59 90 92 137 107 131
56 150 31 19 1 33 184 185 98 149 56 58 141 48 138 145 108 187 6 95 142 8 23 111 12 99 55 120 172 173 148 6 41 70 174 163 125 143 99 140 99 21 34 68 89 79 97 52 148 22 78 67 163 178 178 79 12 60 145 175 66 45 157 15 109 94 172 103 132 118 43 147 155 23 104 69 167 36 62 141 75 119 61 56 124 47 108 192 99 163 17 137 134 133
104 197 158 144 111 109 15 42 3 19 120 148 56 186 127 9 141 133 176 191 57 46 13 172 56 78 73 94 7 101 55 165 6 93 130 84 123 142 8 100 190 182 121 52 195 151 148 186 8 94 71 147 148 157 53 115 76 179 155 1 103 58 107 168 98 39 36 80 39 192 159 29 110 53 44 6 145 197 185 81 182 61 102 149 121 45 152 159 21 136 21 39 21 196
113 69 146 18 141 90 23 68 180 184 62 76 80 167 26 200 119 7 9 110 98 115 75 12 120 109 121 99 88 88 190 53 44 136 64 133 69 176 196 36 102 160 26 75 113 196 6 130 199 19 100 145 154 170 25 196 95 178 170 49 183 126 45 13 154 151 192 79 64 98 80 154 36 98 144 166 116 74 87 151 172 84 147 8 1 62 93 4 115 42 20 152 200 189
131 53 77 73 59 128 64 100 60 185 166 53 11 18 34 79 134 33 65 20 163 164 124 6 49 145 143 69 189 165 140 121 199 93 97 161 146 35 21 29 99 102 54 108 86 157 63 96 20 23 81 95 200 11 96 133 110 63 19 164 172 169 30 127 41 72 126 198 182 50 2 148 102 41 198 24 139 146 86 71 139 49 26 195 17 86 175 164 154 61 63 66 19 1
96 59 145 89 198 40 137 103 197 47 48 39 179 9 69 158 175 23 106 48 35 74 138 12 24 65 70 196 57 189 64 127 129 60 26 196 62 71 170 183 163 107 54 190 179 55 55 70 170 137 31 178 108 161 192 62 53 65 51 178 40 21 173 173 194 86 64 187 159 115 198 171 103 164 9 188 48 34 182 168 164 172 185 97 27 67 72 148 90 59 171 97 14 86
26 59 160 138 48 109 138 28 77 118 89 52 151 196 136 19 15 176 121 55 17 199 47 144 21 117 189 141 86 167 110 152 188 133 72 16 5 75 72 187 110 63 119 176 152 75 23 111 77 143 197 127 112 195 168 71 137 25 50 130 147 135 35 116 118 197 48 46 36 158 45 147 158 79 50 154 74 118 152 120 47 41 75 4 190 181 134 75 197 83 130 120 196 129
56 60 61 142 152 196 76 161 198 73 9 137 64 69 135 132 23 194 174 15 89 35 190 3 122 49 199 80 21 167 89 5 17 42 115 140 102 141 102 189 0 81 12 164 108 180 54 195 171 144 177 12 1 187 188 82 75 195 151 42 145 117 48 101 160 95 57 23 97 37 169 16 188 173 108 117 58 82 115 167 69 66 141 181 26 32 187 41 24 189 125 55 64 10
188 200 108 54 198 93 95 183 94 43 104 139 84 190 98 49 80 63 64 196 132 83 177 32 11 90 37 117 168 10 200 100 161 9 123 101 13 44 158 32 129 129 128 104 132 116 27 87 55 31 85 85 193 99 46 163 119 18 178 161 46 50 97 147 13 41 123 171 176 161 18 72 133 159 1 136 101 44 60 76 45 142 172 132 149 2 63 166 75 182 94 71 148 59
38 43 162 183 166 45 129 160 73 143 60 186 75 86 87 134 40 187 167 181 172 26 159 75 195 190 192 171 149 66 123 125 154 94 185 7 73 182 157 118 103 153 43 3 119 167 170 142 94 8 132 19 62 74 54 144 198 19 18 27 59 200 190 94 117 50 48 29 139 66 185 174 6 195 55 149 116 163 162 105 25 160 103 22 30 149 150 13 103 47 159 29 111 146
90 116 51 138 145 100 84 57 101 165 29 159 180 125 8 183 148 72 86 67 196 38 11 129 60 106 36 62 121 93 166 28 5 43 93 121 96 90 186 22 92 99 116 16 139 50 139 78 56 158 163 55 189 58 130 103 107 132 124 174 110 3 147 56 29 170 175 160 88 73 46 158 164 152 80 67 179 43 25 170 162 141 138 154 11 83 79 110 34 63 23 165 166 27
120 139 25 78 186 24 130 156 198 53 46 140 184 132 149 129 60 105 147 12 86 21 171 177 60 80 13 42 57 29 79 49 16 191 189 185 48 186 138 36 85 183 187 190 55 92 65 92 18 27 7 62 96 105 92 56 163 174 45 11 21 12 200 94 97 115 198 65 183 151 26 147 84 146 182 59 170 161 84 178 154 156 63 77 167 177 89 115 172 56 153 144 197 113
50 129 195 91 58 180 85 91 48 121 56 3 131 13 36 195 194 12 31 95 75 131 194 167 61 177 29 139 164 42 161 172 159 48 89 143 40 138 141 149 136 154 17 114 191 128 123 168 158 80 109 112 27 53 61 111 170 165 179 96 106 35 135 196 41 171 190 185 38 167 75 200 87 145 15 176 45 187 15 28 188 77 36 71 185 25 186 30 144 2 174 86 28 135
183 19 37 45 141 192 32 94 194 120 1 145 170 87 87 6 92 41 101 198 99 16 100 169 135 199 192 70 187 145 118 17 182 116 55 86 181 158 169 30 104 56 63 22 187 80 95 196 127 89 31 93 117 62 181 155 107 26 176 90 110 78 65 90 112 199 143 147 82 184 74 129 80 185 137 89 3 70 35 171 10 176 159 58 149 20 16 23 196 148 58 88 47 135
160 46 107 37 19 131 191 74 46 91 96 146 163 175 134 102 103 144 85 145 190 146 188 135 143 77 177 41 65 90 59 37 125 142 107 160 28 107 75 175 2 83 24 76 177 28 76 156 123 6 51 175 159 162 12 1 49 83 42 86 74 41 9 127 194 107 116 158 30 144 27 95 129 120 72 78 78 135 108 113 12 88 83 107 158 56 98 94 84 127 75 31 29 162
66 180 174 20 8 143 20 162 94 198 190 28 91 41 121 152 60 66 58 70 143 35 21 143 57 54 156 32 8 37 186 97 124 150 37 17 31 147 67 112 189 27 88 99 166 17 57 182 195 120 20 74 154 155 59 42 143 166 81 135 26 141 24 50 196 128 81 136 68 184 27 25 16 132 199 169 57 193 81 2 96 35 71 130 85 158 103 101 140 129 15 80 96 163
168 106 7 66 123 189 162 165 13 198 36 64 139 160 190 181 61 20 126 26 20 35 31 189 83 108 41 73 74 99 157 157 51 38 104 160 132 31 180 77 61 133 134 8 126 95 59 115 93 21 154 43 193 98 123 14 116 23 101 140 178 165 98 127 199 166 58 72 100 105 106 160 17 44 176 142 144 109 21 170 28 113 175 192 125 96 145 111 50 194 171 119 161 43
90 188 72 117 143 55 56 5 61 189 133 124 64 22 1 63 64 11 80 176 112 135 53 89 139 13 118 86 67 165 8 131 114 65 105 193 61 110 14 146 102 3 59 164 193 150 138 108 21 68 146 61 68 69 136 189 84 39 137 146 153 127 43 174 164 148 77 143 165 56 95 171 81 86 29 139 23 166 2 115 108 67 91 168 139 200 83 90 80 3 178 103 32 105
168 113 145 98 105 132 154 56 186 166 116 117 82 14 192 186 67 176 173 142 88 200 52 192 174 16 75 92 11 165 145 158 41 27 40 4 75 173 3 183 50 4 67 185 157 4 124 186 82 55 164 36 58 153 15 77 142 162 76 125 6 199 44 50 119 69 50 198 84 56 108 35 24 129 2 10 4 55 181 127 159 92 79 17 47 110 147 29 105 21 77 70 25 145
119 182 130 194 172 22 182 188 190 134 178 198 11 147 135 182 47 13 116 58 44 178 13 23 140 48 105 126 67 26 7 46 134 96 74 114 98 47 154 176 11 38 38 144 107 20 33 36 82 13 46 149 177 63 94 57 132 1 106 165 96 36 58 56 70 16 178 189 5 198 132 166 93 70 58 43 15 155 98 148 68 101 35 12 171 193 144 107 173 200 134 60 58 1
167 60 110 128 160 113 194 140 178 98 83 89 36 126 26 68 60 148 69 23 122 130 25 127 46 184 103 152 145 189 12 18 129 188 123 143 74 41 44 198 145 23 112 164 47 148 21 0 24 9 168 119 115 92 59 200 5 81 193 190 62 3 103 136 43 136 200 32 79 11 38 127 7 13 41 42 85 11 118 162 142 59 84 175 141 195 10 50 186 150 66 71 140 49
33 23 71 91 87 6 125 119 151 6 12 198 58 174 121 191 34 26 104 119 12 45 198 186 197 166 72 36 176 109 37 145 18 79 184 185 73 57 34 42 24 159 195 78 97 76 38 118 163 192 52 52 63 136 59 44 197 140 145 153 142 39 128 162 172 132 192 170 75 29 143 53 77 187 107 172 107 24 131 193 85 200 166 190 162 83 137 63 40 37 35 196 50 149
175 62 189 38 139 169 117 119 83 136 178 141 61 94 155 176 159 189 107 18 101 24 67 128 179 173 132 173 139 155 150 49 87 22 89 138 6 199 98 66 52 140 35 115 28 65 116 145 197 62 137 95 54 129 115 9 62 66 13 66 115 94 165 162 94 128 163 81 76 72 199 200 50 107 92 106 37 155 62 89 28 69 2 158 106 138 50 146 188 182 68 8 59 187
39 63 139 94 171 112 197 53 172 91 171 172 125 158 197 58 148 174 193 14 98 155 10 146 91 27 80 172 155 123 38 127 22 30 140 91 131 200 5 45 170 130 74 134 183 139 118 187 81 42 26 188 159 133 137 143 38 41 88 175 150 92 74 41 112 192 96 154 71 52 54 30 140 108 110 197 98 18 51 171 40 122 183 54 26 29 196 132 38 49 187 185 63 70
127 39 83 69 152 46 102 50 81 115 28 72 92 51 70 61 24 35 61 121 66 45 34 70 105 181 114 140 26 174 55 144 82 134 181 94 131 122 186 159 135 121 196 50 75 109 191 34 57 191 199 174 53 47 153 89 134 79 7 133 101 84 160 184 45 104 49 178 67 102 139 120 81 62 114 106 57 118 91 39 31 112 92 41 27 188 25 113 92 84 62 135 38 92
132 34 113 73 121 60 6 88 182 33 140 72 106 190 14 183 105 19 94 2 70 58 85 11 131 23 172 175 62 71 130 141 150 67 112 173 104 111 46 111 34 75 33 184 107 74 13 97 122 171 83 29 64 50 45 51 178 72 120 160 97 156 16 0 128 73 33 101 126 95 186 183 78 131 73 118 110 50 27 184 200 82 160 168 178 123 56 165 104 105 195 194 118 61
75 89 109 191 10 118 145 183 25 112 39 25 39 61 34 141 135 146 81 90 45 164 151 28 60 48 127 75 95 124 180 143 50 107 109 179 55 160 1 147 28 200 13 18 61 73 134 142 156 170 85 4 48 33 14 198 182 41 63 182 10 63 7 159 186 99 67 36 139 35 151 83 135 148 6 199 183 35 14 131 182 75 59 29 115 99 70 18 188 4 197 67 97 120
132 159 94 93 55 147 136 58 124 101 63 61 180 87 124 72 192 196 44 142 171 123 152 174 108 80 179 128 82 167 31 109 71 92 35 107 170 124 75 75 115 89 121 46 163 46 25 96 99 9 108 2 126 112 182 66 17 148 192 146 17 101 34 94 185 101 190 129 156 47 108 95 164 107 63 9 132 168 13 173 193 123 25 161 174 127 179 160 163 4 195 102 97 158
188 7 53 59 14 42 190 66 58 127 7 88 124 81 22 117 147 188 145 111 11 136 116 67 72 57 63 44 40 23 162 186 198 68 30 107 133 165 171 98 81 107 187 45 199 0 22 170 119 146 134 75 23 127 37 60 69 28 52 29 14 188 153 159 72 1 188 40 122 24 80 8 136 190 126 76 101 94 138 0 58 143 116 178 158 13 159 181 157 19 43 178 126 49
175 11 38 96 60 172 5 32 46 60 91 147 175 40 76 13 104 172 124 20 105 42 178 187 30 197 123 173 32 63 185 127 11 177 175 178 80 139 77 144 78 21 110 115 57 179 24 62 125 156 163 143 136 4 79 167 50 147 144 190 112 87 112 59 115 124 22 29 188 63 139 60 195 161 165 89 190 95 144 97 132 193 54 108 87 66 177 4 99 17 165 92 88 114
45 57 152 195 155 138 58 22 75 103 127 130 141 153 101 125 132 2 84 140 80 140 22 52 95 158 65 60 157 47 52 50 77 116 133 154 26 134 6 35 164 143 69 173 5 146 23 121 22 71 43 103 186 69 141 41 69 177 53 41 67 134 82 25 76 174 25 32 196 82 112 115 173 81 199 167 29 92 179 70 172 159 76 165 36 72 7 108 47 115 135 117 182 46
91 33 122 11 39 91 107 89 121 7 51 10 42 156 41 142 105 108 46 59 165 5 137 80 5 57 143 11 150 200 88 98 171 121 74 84 165 29 150 138 110 162 49 125 50 101 12 95 19 50 156 46 186 31 18 108 136 150 178 149 32 115 34 99 0 94 109 135 169 186 174 163 197 146 110 94 122 16 163 184 4 102 63 43 129 177 96 60 123 94 28 41 91 116
134 196 197 132 11 192 76 142 97 23 67 35 46 137 77 116 187 86 107 181 114 6 100 176 136 24 198 99 58 114 135 165 36 156 120 62 187 127 10 160 186 40 139 170 100 180 27 89 189 143 26 17 164 21 74 21 164 130 196 193 176 95 184 183 74 109 113 185 96 132 46 20 95 173 80 11 134 96 153 162 97 50 171 38 23 24 40 94 139 132 26 17 194 34
103 121 63 85 22 121 181 15 75 51 81 33 151 123 171 115 200 171 112 45 42 59 94 26 190 102 74 103 37 64 158 120 66 22 134 42 101 90 120 15 21 59 139 55 9 198 102 72 147 84 154 6 54 62 104 169 187 143 21 159 94 161 105 47 169 95 139 75 46 124 51 69 123 160 165 139 194 72 65 101 57 103 1 197 108 188 66 91 107 172 28 94 2 118
85 91 72 148 134 143 150 124 60 94 114 15 146 68 144 0 80 69 188 85 192 101 172 87 81 125 15 26 145 185 133 19 152 113 105 100 174 7 140 113 104 74 89 189 138 179 106 105 43 85 195 172 132 138 187 18 186 148 188 117 137 152 15 43 134 114 161 165 45 189 38 136 82 71 54 127 60 31 20 14 115 35 73 116 27 97 197 70 8 175 132 66 178 31
17 14 61 158 194 40 133 4 192 177 72 124 54 101 70 189 77 29 19 137 198 17 161 56 142 181 143 166 56 11 126 91 4 98 164 82 90 40 184 195 77 44 41 55 118 104 196 110 87 138 92 128 190 161 133 2 61 52 178 35 190 146 60 48 150 138 200 66 150 168 149 2 36 119 121 151 167 95 128 156 48 174 119 37 81 21 147 54 149 176 142 171 135 1
160 138 3 183 57 40 55 33 111 40 63 83 129 88 160 187 17 101 8 180 114 184 154 92 118 3 94 40 147 191 95 117 174 152 89 168 124 75 115 124 187 21 122 25 139 145 88 79 115 138 160 122 86 150 88 70 118 46 185 94 27 16 86 14 4 188 7 57 49 72 93 172 162 0 184 179 22 38 166 76 98 96 186 80 140 36 151 118 38 42 39 15 87 73
142 59 176 171 164 92 0 171 109 17 112 53 33 144 147 7 131 161 154 9 178 110 159 15 117 118 53 34 61 155 164 183 174 197 163 135 50 172 47 32 112 196 0 125 167 22 127 183 4 64 138 13 56 196 67 50 114 167 171 196 91 74 44 54 106 161 191 71 145 55 129 104 182 114 110 133 149 146 69 6 51 15 20 111 17 144 98 141 185 80 198 69 35 28
8 52 198 2 62 86 5 123 13 158 83 196 176 125 195 95 75 129 36 194 103 122 149 66 119 101 109 2 104 111 104 153 193 117 52 4 25 23 98 53 136 141 130 166 79 95 22 129 184 128 154 131 174 0 106 97 187 198 180 194 15 191 196 105 109 51 84 166 79 22 194 155 33 2 60 33 2 141 63 189 77 105 11 154 41 65 138 152 62 108 190 198 41 89
28 45 30 143 48 169 1 182 53 39 46 59 14 122 106 137 4 189 8 183 50 22 123 71 53 190 122 35 142 14 55 12 187 146 144 190 151 124 161 159 0 110 168 197 72 93 57 17 41 175 119 33 160 127 152 12 64 31 78 125 138 87 82 69 94 21 102 147 55 199 125 48 88 110 16 192 24 81 2 103 77 83 64 24 25 133 55 55 157 134 113 30 4 167
93 177 67 2 129 167 145 200 49 57 160 130 79 186 157 134 9 163 23 106 191 51 121 199 163 75 115 194 86 5 128 103 195 9 54 30 130 175 85 146 157 29 83 65 33 83 198 23 81 68 140 10 9 107 70 30 73 95 10 23 139 61 14 196 39 85 47 168 47 101 198 25 120 120 33 103 178 112 158 22 35 12 6 0 129 172 86 92 30 22 43 42 105 165
114 110 37 116 153 37 14 188 31 71 136 33 166 36 98 82 185 63 8 12 13 89 20 44 122 103 10 122 156 39 45 132 53 158 95 176 27 25 143 67 22 89 15 174 195 77 120 37 24 25 104 98 73 32 102 184 125 187 138 91 15 67 10 51 78 45 16 56 23 23 76 84 46 70 181 186 199 70 77 69 109 23 23 184 169 33 35 65 32 24 29 124 82 11
78 6 149 128 159 16 9 140 83 169 150 70 200 102 12 127 24 116 74 161 2 15 15 8 48 132 59 191 64 162 119 43 95 43 101 159 111 19 47 131 92 126 16 174 100 148 75 43 96 33 31 124 170 67 52 86 56 103 86 130 193 74 33 130 167 174 152 192 138 147 186 103 58 85 46 166 40 56 11 143 43 112 12 77 53 30 4 144 82 101 188 182 97 87
101 18 187 116 20 112 40 59 100 139 161 25 192 143 128 28 130 25 67 0 192 123 172 5 194 40 156 88 147 17 190 14 112 34 53 76 19 80 73 151 0 2 6 69 194 101 15 132 122 158 158 96 198 67 18 124 78 181 100 166 165 44 75 39 102 59 68 32 110 115 147 85 183 70 52 2 168 75 68 152 140 152 168 1 128 63 59 72 167 73 99 71 47 50
146 155 144 117 130 27 131 123 87 21 53 125 155 158 34 66 66 106 157 187 145 115 64 140 43 28 172 117 199 177 105 80 113 81 162 26 167 135 117 5 71 70 101 128 1 109 3 155 25 114 25 131 65 197 75 164 56 79 47 54 119 130 62 52 3 7 64 166 47 45 16 117 118 25 174 130 87 47 67 56 180 53 68 167 43 137 183 180 29 107 111 197 122 95
15 4 136 168 10 196 8 167 23 120 138 190 89 105 36 199 20 123 67 29 143 148 9 56 131 184 199 159 86 81 114 97 59 84 30 76 149 112 129 102 150 106 2 5 110 75 86 188 37 29 63 9 52 146 158 66 110 37 134 198 102 145 48 107 50 92 75 48 68 154 53 28 140 91 87 198 80 121 15 191 54 180 105 40 131 154 71 80 138 9 27 49 105 99
194 105 95 134 64 174 114 17 195 45 100 177 97 146 75 33 153 84 153 130 142 40 34 18 153 41 64 42 157 178 21 73 5 120 197 159 64 136 145 31 164 16 146 116 48 98 117 124 194 102 28 51 22 3 129 92 121 179 24 10 46 114 162 130 199 179 113 110 176 136 172 37 84 20 14 188 181 134 136 101 50 147 163 174 136 110 179 64 41 152 38 172 143 19
10 129 185 21 1 89 73 126 187 36 127 194 69 86 136 141 160 71 154 127 165 113 133 72 132 25 38 132 147 96 64 74 70 44 166 132 197 127 56 58 89 173 166 182 20 180 147 58 75 115 163 165 144 114 124 89 198 9 3 46 181 199 199 114 97 44 69 65 49 168 39 21 131 27 198 164 168 108 182 4 62 90 6 52 181 141 176 17 142 165 82 77 138 96
22 118 15 84 170 141 117 54 5 155 33 143 29 37 125 11 143 105 153 111 153 141 56 116 12 173 142 46 112 6 173 119 77 162 62 31 8 92 84 175 21 8 122 71 44 165 59 33 61 183 109 62 55 30 25 6 44 98 91 74 36 67 61 78 197 62 192 142 187 96 14 11 137 81 110 135 24 0 130 147 76 14 135 186 77 125 35 84 23 39 149 8 123 123
42 62 45 187 128 52 121 184 75 57 191 15 10 7 108 172 21 20 191 127 88 152 174 37 183 45 161 7 4 115 11 34 25 123 125 18 152 94 163 182 158 76 24 70 33 169 160 199 25 31 116 115 42 38 190 111 9 127 128 167 140 110 196 107 95 109 139 102 25 174 1 150 35 77 105 40 175 74 196 96 186 80 74 177 90 82 175 132 114 125 102 179 151 61
129 158 65 28 44 190 49 105 38 117 176 171 118 26 126 114 21 55 34 123 69 190 18 34 61 1 182 25 79 85 142 101 17 170 49 11 21 48 113 9 25 38 116 179 183 193 40 172 120 2 7 80 175 5 106 41 143 29 71 100 18 78 61 66 45 174 185 69 192 24 41 106 144 138 51 26 113 83 183 100 59 195 163 94 114 48 3 134 156 120 17 19 22 150
113 52 64 5 52 58 29 62 41 51 79 152 75 30 31 5 170 181 67 184 4 198 198 50 54 127 116 135 156 191 12 120 152 76 196 22 191 86 81 138 28 145 54 133 178 183 0 147 141 115 1 106 183 11 114 151 74 81 7 200 42 19 95 119 142 100 69 57 125 177 137 116 87 39 58 167 101 59 164 3 117 91 42 113 98 66 180 22 42 13 178 72 184 184
43 170 15 132 128 57 143 49 87 83 143 190 5 93 63 127 181 73 62 177 44 107 50 114 122 99 88 57 98 9 185 21 143 66 59 145 68 38 82 155 57 106 137 27 160 132 69 24 125 64 33 39 51 138 99 76 188 124 176 97 3 106 125 122 3 179 168 153 183 106 160 163 46 115 91 84 134 188 28 175 192 39 89 11 26 173 11 101 89 4 144 148 188 80
148 26 130 58 22 103 7 161 192 65 39 109 193 118 101 118 17 160 11 115 186 125 111 191 35 50 34 91 158 31 62 30 109 72 126 88 138 65 100 200 171 54 150 122 8 92 27 165 78 183 132 100 62 128 93 157 178 176 101 55 188 155 74 52 193 173 44 71 66 198 149 115 184 125 77 184 126 65 102 169 100 27 20 79 78 149 145 187 76 115 138 29 42 87
173 167 127 15 93 144 182 92 95 68 13 157 91 10 59 135 14 32 155 94 85 164 40 47 45 66 104 157 35 63 141 154 170 98 135 159 9 117 31 19 20 2 60 178 149 103 189 113 3 100 50 158 20 58 112 29 125 190 31 177 31 139 167 131 21 116 89 153 151 162 182 7 58 79 194 193 112 129 103 105 110 57 162 142 20 49 144 109 31 21 185 39 114 142
140 182 122 79 28 89 143 128 71 87 94 196 16 117 116 1 7 170 74 117 100 81 18 188 16 182 67 170 27 138 125 49 19 72 93 137 109 105 59 178 1 163 30 177 75 157 18 44 26 33 36 156 129 68 192 132 80 76 158 16 174 33 181 34 95 69 111 28 100 169 35 196 153 186 172 164 155 107 149 63 113 27 144 84 0 34 133 64 192 96 184 120 40 9
80 112 47 97 168 94 145 65 102 15 165 9 137 22 102 198 159 72 10 119 149 92 156 107 158 55 192 145 6 83 192 2 194 35 156 67 52 116 190 45 58 171 182 119 62 188 18 170 165 187 170 8 195 165 111 53 153 24 183 87 64 126 21 82 120 1 155 133 42 186 64 117 161 36 142 20 176 19 143 90 71 89 183 174 105 177 84 35 101 40 135 99 145 197
168 132 169 154 125 127 178 69 166 148 13 20 154 33 108 74 58 7 89 62 59 57 140 26 115 7 179 169 4 79 97 154 131 66 19 81 145 150 24 64 114 199 167 100 159 136 81 151 61 50 45 46 53 61 152 115 11 184 168 30 37 159 189 91 81 115 75 154 10 75 51 80 24 80 111 136 38 192 28 151 17 24 180 117 120 54 20 0 18 173 198 104 148 24
139 60 1 133 123 178 21 33 139 119 101 39 121 35 136 179 16 173 18 20 111 62 137 61 181 89 67 151 94 153 86 128 176 107 179 95 191 190 90 32 128 9 148 78 89 108 152 183 131 104 132 145 85 147 166 189 135 194 136 121 200 133 191 41 88 154 10 2 124 43 155 3 81 97 178 25 84 185 98 160 39 2 94 151 37 183 74 77 119 50 82 160 39 200
111 68 116 183 56 105 143 70 130 115 43 11 95 74 116 7 135 146 21 70 94 38 186 165 118 148 6 133 106 16 191 41 121 28 19 159 55 73 200 110 146 188 134 50 50 41 116 182 156 147 175 186 145 30 172 50 18 198 27 36 160 4 106 42 25 3 102 38 189 6 77 0 69 116 148 189 160 16 155 26 129 57 11 63 124 40 23 52 83 69 145 196 70 72
122 16 178 173 92 193 92 102 8 60 54 45 139 17 107 172 25 87 71 64 55 14 150 180 117 89 150 164 184 92 183 135 105 96 145 141 59 179 136 176 6 191 87 70 49 185 20 63 200 181 13 85 192 1 111 158 175 67 102 172 1 56 84 120 71 13 95 96 58 102 117 191 38 173 16 194 127 1 41 153 41 195 142 37 176 14 82 175 167 88 80 13 163 58
7 27 139 190 137 198 174 29 167 129 118 192 151 184 150 35 35 8 176 17 44 83 165 139 20 43 171 43 70 62 89 20 39 151 69 77 66 109 1 77 100 60 170 64 103 193 181 55 29 139 72 45 102 36 155 86 52 87 5 126 135 50 172 78 43 42 140 126 29 2 160 23 102 26 184 195 11 13 103 158 38 189 68 70 22 13 155 57 180 62 43 4 112 105
99 6 43 1 151 170 76 88 146 53 191 3 6 147 64 142 166 16 112 81 184 178 111 153 86 70 116 32 199 15 172 62 144 116 10 137 115 135 67 38 198 160 29 171 113 70 150 137 188 88 81 94 129 109 42 143 188 196 124 36 32 105 110 52 70 108 70 5 153 178 157 69 173 98 17 192 89 108 138 0 127 0 107 158 136 81 1 38 161 58 92 97 21 158
12 186 162 53 180 69 141 100 113 153 134 150 161 162 153 194 122 9 149 14 105 138 200 165 85 107 193 40 111 76 49 179 81 169 122 37 59 39 47 163 113 70 150 101 38 122 166 59 11 137 162 35 183 26 79 146 129 107 93 45 200 189 145 73 15 146 174 120 92 61 120 126 71 14 197 197 98 116 113 19 180 34 191 30 85 153 59 46 51 92 102 194 144 54
31 54 21 177 147 92 137 124 4 182 195 193 43 154 81 97 70 145 111 167 91 88 181 6 123 21 100 119 120 111 111 87 41 73 64 66 167 0 182 50 198 160 48 43 124 15 118 200 111 81 10 97 193 38 73 10 83 169 71 126 177 171 42 158 68 60 78 105 117 41 60 50 76 177 127 91 164 108 15 125 171 47 115 76 87 131 134 144 66 183 66 186 68 0
87 38 118 22 184 88 88 63 167 154 179 21 163 11 44 188 8 128 190 143 85 37 141 37 129 24 105 81 128 72 43 67 127 52 22 129 9 43 115 60 46 151 112 142 3 31 192 188 136 68 34 71 26 184 48 70 146 6 137 194 116 56 191 112 97 47 7 184 5 30 89 47 134 21 27 164 169 62 198 181 194 95 130 88 163 170 89 156 160 126 14 71 131 102
163 185 157 133 57 155 112 58 75 51 62 15 23 194 69 67 134 184 44 165 19 108 107 90 105 193 91 0 66 186 163 79 72 11 147 136 88 148 33 145 113 146 108 145 119 28 4 104 142 165 52 109 149 96 178 93 184 103 140 69 50 158 177 99 84 125 199 122 194 38 160 26 51 108 176 197 72 86 124 75 22 146 135 42 71 37 171 105 188 114 135 128 162 185
34 46 169 52 99 155 137 12 156 197 22 128 7 144 192 66 173 107 127 90 130 68 61 140 56 159 99 125 121 40 81 88 123 170 11 18 152 19 90 55 176 144 30 94 128 61 26 49 2 162 184 71 56 71 102 56 62 34 96 103 86 9 148 140 126 85 141 120 186 130 10 136 80 175 151 133 162 37 38 199 137 46 113 14 41 187 69 170 114 133 195 22 6 38
52 118 66 179 166 7 157 102 115 189 148 66 67 151 107 7 143 24 65 145 137 130 89 163 69 97 15 184 57 84 35 181 26 150 164 138 178 112 22 109 147 128 98 22 5 61 33 7 36 105 56 94 136 131 188 124 198 6 110 155 169 109 159 163 90 92 123 28 21 165 76 13 101 164 82 56 126 54 193 77 147 5 140 67 159 51 121 188 164 128 182 107 113 200
164 38 83 16 135 89 37 128 69 92 125 138 2 158 178 162 28 3 123 162 172 51 70 127 57 92 136 174 111 125 191 91 148 176 85 156 46 99 84 133 58 173 135 170 110 53 149 3 67 151 191 129 132 1 154 135 63 68 88 68 74 32 131 97 122 123 42 134 200 166 114 62 102 178 175 125 67 32 138 10 124 157 200 47 187 107 189 198 132 107 76 73 88 154
145 30 89 132 128 64 57 22 103 186 187 70 34 1 143 128 188 92 181 52 87 126 151 199 133 116 41 88 168 159 15 50 129 65 161 171 164 73 96 95 119 103 31 89 61 113 165 105 173 200 68 81 13 186 13 185 18 100 182 152 193 193 136 7 56 78 160 197 166 132 90 193 69 177 195 26 111 46 112 22 101 134 112 114 194 22 0 177 147 70 46 76 26 52
164 157 113 148 60 194 70 184 8 45 142 62 181 54 142 42 139 84 77 20 109 122 57 43 102 0 80 153 9 55 141 109 198 85 71 172 109 200 168 48 186 176 162 11 175 165 134 190 151 24 155 165 167 84 22 3 168 191 48 3 155 70 165 186 172 155 19 28 17 44 140 37 16 139 70 187 83 3 176 151 61 192 128 5 47 162 56 170 126 99 43 84 192 76
0 57 23 150 171 177 163 68 115 92 21 161 116 95 177 84 60 115 173 176 50 11 94 36 77 114 124 69 164 79 143 71 111 10 176 183 14 8 117 18 167 199 39 59 3 132 136 37 174 153 43 183 182 13 188 96 84 101 86 56 131 42 136 57 40 156 45 110 25 163 81 92 186 63 155 193 198 168 44 13 1 130 173 0 160 69 85 116 82 104 172 53 199 197
