98
174 97 137 140 176 126 55 185 140 124 54 125 95 127 141 166 154 121 175 81 185 10 72 1 165 188 47 47 148 150 171 62 192 87 192 145 150 48 167 20 3 173 84 51 149 23 32 119 187 129 43 2 23 186 90 172 87 44 54 109 35 103 2 167 25 98 64 123 185 112 95 43 62 42 137 7 41 124 140 174 187 174 192 2 115 60 85 119 52 132 177 136 13 77 3 63 120 96
9 77 169 100 52 14 196 134 116 8 40 140 46 158 155 170 40 41 152 190 192 57 48 90 112 83 112 158 151 11 22 43 64 146 9 10 25 102 129 64 131 148 127 6 118 42 43 169 43 53 8 85 174 24 33 160 163 60 181 167 196 44 73 14 36 157 80 150 144 158 19 65 158 196 49 134 190 157 144 29 126 10 32 41 59 165 24 24 57 188 148 31 164 160 147 77 78 73
92 49 21 77 126 177 112 90 78 199 145 145 131 91 138 162 113 94 42 102 119 47 119 126 60 75 45 0 177 7 117 154 118 24 118 42 109 68 132 125 94 195 101 119 136 179 151 133 76 8 31 150 121 133 188 20 18 160 38 75 55 95 62 89 135 167 27 125 124 158 4 80 46 81 22 11 92 178 84 128 161 75 65 144 60 100 65 190 180 144 96 72 171 124 132 154 98 127
137 76 49 200 116 194 165 168 148 156 58 66 70 18 163 50 17 113 98 54 149 196 17 111 147 131 4 33 6 15 15 136 164 88 190 79 99 91 137 173 145 152 108 173 64 123 31 145 105 75 45 14 104 195 143 90 43 109 80 59 139 198 0 29 57 98 120 159 162 17 78 108 164 169 45 127 165 188 93 120 185 180 48 2 160 54 139 185 177 124 131 112 3 149 85 158 165 124
114 187 41 148 77 12 144 121 23 141 66 169 114 171 128 19 43 99 63 54 98 59 184 122 183 55 114 92 84 90 103 98 0 188 38 65 184 118 86 177 116 198 78 118 8 40 114 2 23 66 45 88 136 161 117 136 106 59 57 26 26 147 131 115 81 76 151 163 22 191 12 19 39 0 49 72 31 159 31 69 80 181 193 165 122 183 90 188 161 179 99 193 197 54 125 143 19 140
64 41 128 42 124 87 44 164 133 11 170 196 127 129 167 45 6 90 126 45 165 76 161 81 41 144 56 97 156 99 125 192 186 142 66 151 122 72 183 26 186 148 90 120 80 124 15 114 70 4 151 191 191 153 138 106 23 86 13 63 113 80 149 14 21 84 171 133 87 108 54 108 132 47 131 84 99 162 133 93 51 59 142 194 67 14 27 181 11 181 101 40 116 96 112 60 60 194
110 59 23 145 128 109 167 91 64 77 162 52 140 150 123 29 32 47 184 195 45 11 91 81 175 38 72 12 18 39 195 160 23 107 111 125 192 75 51 42 118 114 94 89 27 28 140 113 107 128 74 108 177 197 114 166 87 42 40 136 133 179 141 76 175 5 123 68 148 188 168 121 166 131 165 135 141 53 94 36 86 40 123 59 51 99 4 37 154 92 93 165 12 96 88 115 151 92
48 52 12 105 68 82 146 51 103 167 130 62 150 11 108 179 118 136 47 20 37 152 198 7 137 118 198 18 127 146 184 143 160 14 156 95 33 32 4 80 32 21 43 113 101 145 91 78 8 72 183 152 86 41 66 169 112 176 136 140 182 88 186 112 80 127 60 46 131 10 164 122 124 97 145 111 80 31 58 171 5 118 191 64 73 66 179 120 149 148 141 188 57 197 12 163 102 127
16 18 172 135 33 167 64 53 130 67 37 71 151 133 73 189 123 41 34 49 142 156 76 185 49 62 69 64 110 70 148 50 68 172 87 6 148 3 150 117 69 133 13 150 124 132 21 132 4 164 23 59 34 0 142 76 1 188 189 142 70 88 131 115 156 191 89 9 134 69 138 134 81 70 105 123 99 12 94 153 1 16 163 179 66 172 10 95 1 106 165 121 13 62 197 23 13 108
192 69 60 6 184 48 138 126 28 159 101 67 23 19 68 78 146 68 177 48 6 48 187 94 136 156 33 173 28 75 180 175 109 181 117 100 194 157 118 100 162 42 91 84 126 57 17 28 153 86 83 173 183 198 186 52 65 7 27 150 130 46 47 165 126 92 32 33 4 53 105 182 85 38 31 113 94 24 135 62 22 78 90 148 91 51 67 6 174 111 151 21 118 117 69 36 126 27
167 136 135 114 11 193 102 74 163 121 183 21 114 96 120 194 87 125 30 95 148 132 162 29 124 178 167 80 165 116 38 188 181 6 106 95 184 36 179 89 9 44 173 177 134 69 155 25 30 22 138 19 61 147 103 29 46 9 177 174 194 144 47 90 104 11 31 114 42 11 122 136 54 127 38 65 150 20 139 116 176 108 31 157 16 71 51 67 62 34 96 73 156 186 183 125 59 32
173 53 83 44 13 138 150 44 30 39 64 143 66 86 50 79 138 145 133 1 186 16 45 148 181 45 92 154 164 75 97 122 46 127 174 33 26 179 36 53 148 179 89 171 74 88 152 181 13 16 30 176 170 31 198 174 11 200 60 6 168 200 123 84 70 98 20 86 153 60 61 200 138 167 169 1 200 23 193 192 49 54 99 102 23 141 154 18 58 22 56 2 192 51 130 71 183 37
141 173 8 156 9 20 81 136 132 79 126 100 139 7 99 71 117 154 93 121 150 8 112 145 1 65 189 112 200 136 111 112 16 150 53 60 127 17 1 190 58 29 153 66 84 17 132 42 69 0 115 98 47 169 113 50 14 166 173 78 102 154 132 69 64 106 77 85 186 105 57 99 23 18 62 129 184 77 135 54 25 32 108 77 21 32 50 153 14 192 3 145 192 9 169 166 27 4
159 132 47 69 19 20 177 81 171 33 39 90 176 117 79 197 118 69 76 35 163 11 23 124 124 143 181 135 4 137 140 97 93 112 169 92 8 174 36 5 105 197 171 149 116 155 19 183 191 125 82 56 69 4 125 27 47 173 126 118 173 13 57 97 172 84 152 59 24 10 132 0 197 159 72 196 65 140 132 111 82 108 73 84 17 113 176 156 129 3 105 19 72 2 107 96 185 129
0 192 27 189 7 155 148 88 200 168 11 20 45 144 96 20 177 20 114 46 1 161 101 180 123 152 5 163 75 8 159 65 167 148 142 135 116 4 180 61 31 139 131 196 187 34 13 61 135 199 55 25 76 175 178 7 144 11 158 76 147 136 25 166 167 23 31 81 2 199 196 129 104 130 39 113 168 122 194 191 153 99 17 82 75 111 92 107 183 38 107 31 28 108 180 160 58 52
38 179 54 125 47 162 129 108 54 79 43 92 92 30 144 10 170 171 193 24 173 31 54 104 72 159 32 101 183 138 79 64 174 104 29 62 61 172 195 114 89 91 143 154 59 41 197 149 114 65 42 17 191 21 40 156 111 180 99 99 107 131 183 25 63 175 191 172 98 108 166 160 112 95 81 170 36 101 187 73 158 32 164 13 197 31 123 17 181 104 136 11 75 39 156 128 133 176
101 60 141 77 186 136 106 94 124 70 79 128 147 35 28 65 70 21 77 195 51 200 37 77 146 52 177 109 129 156 14 107 67 148 37 176 166 193 198 8 118 110 12 0 53 11 61 132 63 169 28 85 72 182 81 44 76 77 114 164 18 93 79 188 88 125 117 107 122 141 65 101 96 62 16 74 9 120 58 160 138 61 126 161 93 78 147 157 87 131 126 138 81 40 126 27 29 181
171 160 179 66 198 46 115 30 114 56 131 44 119 165 78 167 66 139 92 10 158 149 53 33 156 194 195 186 83 139 62 29 192 69 122 196 145 39 79 163 106 196 65 77 21 78 151 185 65 119 182 106 63 112 189 187 171 104 32 144 141 124 140 73 12 181 45 69 41 105 62 61 93 111 125 117 106 43 139 9 164 66 97 129 86 181 74 64 183 144 19 31 195 159 28 11 103 81
136 95 33 184 191 199 122 199 196 137 34 96 177 52 102 29 62 34 139 17 125 53 136 78 113 178 70 68 88 79 77 26 149 123 163 174 200 86 33 159 137 138 17 52 67 121 124 133 43 134 151 181 180 29 199 2 198 144 70 0 48 73 99 98 189 136 90 117 122 87 122 27 70 174 7 165 29 130 78 22 10 28 157 132 61 121 64 145 107 143 107 52 74 97 152 119 68 24
133 71 151 50 94 91 152 167 57 45 44 113 26 164 163 38 75 111 56 129 35 40 105 110 85 33 194 126 109 153 154 39 168 81 91 75 49 132 54 88 109 160 117 197 147 176 74 86 141 100 191 10 145 16 70 170 34 46 126 49 104 127 120 90 153 179 192 110 191 178 198 196 4 149 177 193 44 120 25 5 92 38 150 54 135 104 92 138 7 170 125 24 21 177 124 41 7 20
81 196 13 100 153 84 157 193 98 110 131 158 149 96 105 93 143 168 93 145 6 89 6 190 179 25 12 191 58 87 188 94 136 2 195 49 82 124 128 168 129 59 93 104 152 155 131 91 81 13 62 182 115 53 7 64 120 87 95 134 158 25 49 47 53 100 96 139 197 122 126 122 4 70 98 82 39 76 5 136 38 173 120 84 134 61 197 80 90 60 22 130 86 40 61 133 193 18
170 105 148 55 69 76 7 187 12 179 39 33 67 162 163 132 102 164 166 19 70 63 122 150 178 127 25 43 144 34 113 68 66 131 181 102 20 102 145 192 100 153 184 100 87 188 125 14 95 9 39 1 31 155 1 16 178 162 115 23 138 120 91 167 29 177 2 198 88 146 155 123 29 74 117 118 32 184 135 118 173 135 2 6 166 181 30 119 162 185 50 44 165 171 99 114 102 127
161 183 43 97 154 50 194 161 53 99 45 29 200 79 15 89 23 74 13 140 14 110 101 154 183 176 182 130 152 73 106 136 48 59 12 22 35 177 141 76 84 80 182 19 81 49 105 125 108 98 51 59 52 126 151 177 109 188 62 112 68 27 69 102 7 79 149 9 179 137 114 197 199 71 52 1 134 129 90 82 169 184 39 58 64 46 10 35 41 132 191 144 84 195 69 72 47 36
71 47 3 106 49 105 73 149 34 179 15 97 69 161 119 116 111 131 42 158 129 107 69 107 124 78 129 7 76 102 97 102 75 147 16 174 195 23 162 99 3 7 115 168 75 174 14 98 63 11 59 183 4 59 39 198 70 136 119 184 95 104 61 43 86 10 22 200 14 98 148 169 166 170 9 158 162 198 195 152 31 56 65 127 47 152 61 81 12 73 114 176 18 34 167 6 13 195
62 183 20 31 179 9 193 10 44 112 132 50 78 164 42 125 49 57 94 113 101 59 43 148 104 11 12 131 186 155 163 12 137 41 106 78 193 97 39 108 9 162 82 113 86 187 193 112 158 161 115 99 69 140 19 177 194 175 157 162 19 138 189 117 102 194 21 31 5 35 96 168 112 154 153 198 65 105 99 182 148 48 79 5 90 70 102 105 3 164 157 82 24 123 168 76 39 54
41 61 133 71 40 30 166 192 39 135 140 50 101 60 181 119 159 94 75 6 155 145 78 84 53 134 24 101 173 142 94 183 22 76 122 156 192 7 1 88 181 161 86 97 63 176 33 193 5 10 113 33 138 160 128 190 58 63 141 125 43 24 43 55 39 114 145 120 120 88 31 184 180 122 21 159 172 164 140 125 131 124 53 100 134 91 16 92 143 1 60 92 88 124 146 95 192 190
91 88 104 19 35 2 127 64 38 40 16 98 110 194 121 147 71 196 126 61 157 152 135 56 184 72 158 161 71 133 42 177 31 21 97 112 106 86 42 144 79 37 39 156 24 197 111 48 4 66 21 34 160 74 188 175 199 186 104 186 171 39 70 102 61 162 97 117 109 14 24 53 153 144 176 122 128 57 77 13 80 198 186 79 138 98 163 65 116 16 40 174 73 0 155 26 56 146
31 69 68 93 85 117 92 23 97 162 50 1 46 74 172 61 189 75 147 8 189 190 167 70 4 7 22 32 52 53 54 101 5 101 187 76 20 180 83 97 90 64 85 164 127 200 42 83 82 152 126 36 132 63 87 66 137 156 11 106 191 160 12 98 144 34 186 199 171 132 109 115 164 28 23 41 48 200 92 4 38 82 66 96 3 187 173 2 125 68 65 80 100 80 23 2 179 155
199 155 136 156 114 144 181 108 197 85 146 176 101 7 157 189 182 84 82 147 74 25 26 87 96 16 118 191 173 181 119 129 123 44 192 7 48 14 5 108 17 127 62 30 112 107 42 77 188 95 184 121 24 125 145 154 73 60 4 32 153 29 115 18 109 161 51 32 69 131 15 11 197 125 114 67 151 15 127 17 125 134 61 183 150 142 26 69 81 83 48 75 40 173 11 65 196 2
46 196 177 53 63 170 145 147 170 161 126 96 9 193 77 108 177 191 136 183 83 77 118 159 197 72 138 121 24 121 150 9 188 45 75 119 79 62 143 104 155 70 67 185 183 134 81 26 174 8 119 99 48 14 54 129 172 117 16 185 76 185 48 97 57 15 36 63 147 189 171 121 150 178 81 138 68 50 9 114 128 2 157 3 82 33 51 16 45 86 86 197 46 142 76 67 129 89
72 116 14 197 168 124 124 48 9 148 88 1 200 153 104 184 70 147 31 65 50 60 119 108 128 131 132 80 158 16 74 43 19 41 164 88 73 199 168 97 148 85 105 181 84 76 167 65 117 181 58 154 52 95 83 127 190 165 42 46 25 6 124 52 84 169 78 25 174 180 149 54 19 77 19 37 7 168 192 172 122 35 93 169 192 44 127 168 118 91 24 29 101 18 107 180 128 26
190 103 198 148 60 89 37 12 45 53 47 109 47 132 42 11 96 106 106 107 116 5 158 172 45 134 172 29 155 146 123 24 196 35 108 182 190 112 136 166 102 117 48 24 39 123 126 17 155 94 179 82 163 138 58 14 44 31 41 137 104 114 133 166 15 16 152 28 181 160 117 61 8 96 48 17 80 99 24 165 16 184 59 97 10 109 128 164 115 6 152 96 54 187 90 72 181 99
31 159 92 45 134 162 3 22 64 9 92 139 61 182 142 25 7 76 117 139 193 100 66 127 12 163 32 63 179 124 40 59 151 69 37 100 65 24 152 35 130 9 155 21 92 152 30 140 170 66 171 115 52 123 42 74 94 157 3 175 12 200 89 185 103 139 18 50 199 151 63 191 192 106 26 173 157 125 10 9 25 100 149 65 130 83 39 49 193 114 120 200 191 30 71 28 64 102
181 43 27 132 92 74 41 133 119 177 94 137 183 184 10 58 195 20 120 101 162 75 184 153 70 191 168 169 190 177 33 133 169 3 196 144 39 39 110 59 102 67 145 191 36 35 195 164 108 88 176 190 13 93 96 80 8 52 2 44 133 117 17 142 7 177 26 160 121 41 145 142 47 190 111 34 78 42 13 94 184 181 176 50 107 27 83 71 109 152 29 78 50 56 96 90 105 35
172 169 124 171 194 140 78 18 191 29 164 133 79 100 192 114 122 0 142 28 20 155 50 6 127 179 160 151 89 148 155 63 13 60 169 115 57 124 197 71 91 109 122 85 135 129 131 105 7 186 166 140 95 182 113 148 70 155 33 80 195 82 97 134 16 6 147 186 107 96 41 76 93 146 121 133 125 66 14 114 147 73 160 3 43 59 39 104 138 123 193 82 123 39 34 94 146 24
66 161 26 160 159 174 154 52 81 58 135 21 146 152 42 61 67 65 157 143 17 71 32 132 111 15 7 57 88 33 134 129 93 184 113 195 28 189 24 155 108 98 44 40 9 170 79 15 69 200 97 6 151 28 70 120 161 162 160 88 4 183 14 61 26 172 7 18 112 77 197 109 55 187 132 188 100 135 195 35 174 170 52 27 200 144 107 14 2 119 155 117 184 66 107 90 46 28
170 18 100 157 92 134 182 87 44 90 63 195 29 80 197 95 68 55 164 100 175 168 8 125 103 81 142 92 143 146 112 169 57 53 40 147 31 97 160 105 199 116 70 195 105 99 200 140 161 29 123 135 182 104 113 87 141 61 81 59 141 131 180 19 134 73 104 176 109 181 157 136 65 139 10 72 10 14 107 123 56 162 103 77 92 22 115 167 32 140 155 72 99 87 17 37 67 63
136 189 12 193 100 57 71 177 42 97 112 131 157 168 103 21 49 106 22 144 62 32 147 161 0 160 176 177 93 83 52 188 170 144 35 91 200 178 19 37 34 9 135 48 29 78 198 69 113 187 80 137 19 67 195 198 140 130 21 27 14 59 65 78 17 199 191 117 10 142 145 196 16 49 105 137 197 96 199 92 173 178 17 189 75 68 33 151 136 73 19 38 46 72 170 51 184 101
53 139 56 135 55 18 175 175 75 9 122 182 133 58 173 87 133 3 98 159 106 47 117 142 94 18 200 103 108 132 127 138 153 99 122 141 190 121 65 196 85 126 155 76 111 182 173 3 131 182 181 102 47 91 90 183 0 122 96 113 149 58 23 124 197 122 76 129 188 190 181 170 25 62 174 23 25 184 123 106 105 78 61 141 45 143 63 169 28 199 146 80 107 103 171 50 185 104
140 48 187 42 124 177 62 162 155 79 179 138 11 93 171 155 132 40 140 111 3 153 33 58 189 47 96 153 155 31 171 90 26 155 25 117 104 185 167 47 107 102 173 96 75 163 198 148 39 23 182 184 170 45 180 110 7 49 34 114 52 118 45 11 68 1 112 199 69 47 84 152 140 2 171 181 102 121 71 116 139 90 101 76 169 16 116 170 101 107 41 52 51 7 105 137 136 15
152 193 189 69 110 45 125 67 180 76 60 133 57 184 78 11 57 137 21 90 11 101 114 81 113 144 176 50 161 159 136 81 87 196 122 8 104 16 68 121 182 47 72 103 45 199 112 182 119 200 163 100 118 111 163 24 107 48 175 61 17 39 19 79 193 73 63 81 78 52 14 125 135 10 79 10 107 65 27 66 106 150 177 142 192 3 106 180 170 125 199 114 1 177 94 38 14 138
125 164 33 160 94 65 51 177 5 153 140 71 85 0 45 21 188 168 198 194 80 6 125 75 69 190 191 152 171 97 63 105 33 172 68 84 192 45 197 20 180 185 136 187 125 106 174 12 180 145 132 19 19 152 104 101 180 194 34 97 200 23 8 138 188 68 121 86 8 15 37 118 46 180 169 179 71 95 121 39 156 167 162 30 85 185 163 100 80 71 193 45 37 61 17 74 187 92
5 55 191 13 188 30 113 21 180 101 73 186 33 77 162 171 115 57 89 186 61 126 122 103 163 169 35 186 73 176 24 39 151 131 124 122 185 170 90 23 114 134 176 11 32 74 32 28 60 122 77 7 75 150 39 76 61 21 13 167 176 13 6 197 37 87 7 197 41 73 168 7 140 172 78 124 115 130 146 78 200 55 46 123 76 25 107 93 199 88 174 17 93 78 183 197 174 45
114 146 187 134 35 86 49 87 3 175 11 64 198 125 35 60 170 18 38 34 142 6 46 146 152 117 114 97 177 175 19 192 198 32 183 2 124 17 125 72 146 156 182 56 97 7 91 189 69 83 76 96 126 59 142 115 190 92 38 121 128 143 127 36 8 166 25 6 6 122 97 145 34 185 66 54 88 82 62 116 35 14 157 188 36 14 122 141 111 88 1 115 107 168 185 75 5 75
27 82 193 5 108 168 84 115 41 85 22 168 105 57 102 58 140 24 8 47 68 65 96 157 1 73 151 125 17 98 81 138 101 4 76 87 111 164 20 200 185 139 102 135 172 40 85 5 16 143 128 57 91 53 26 142 68 11 112 124 119 200 15 149 118 189 19 179 138 183 169 16 142 170 146 137 197 83 2 100 123 126 189 116 102 139 70 23 166 189 31 165 123 139 150 61 61 197
83 50 169 40 175 76 103 82 57 48 110 24 24 190 10 169 2 31 81 44 133 36 189 153 20 151 173 148 64 88 27 144 166 199 169 32 59 104 183 103 38 124 186 7 164 153 172 44 82 22 153 146 23 146 67 164 7 155 67 83 124 125 101 169 22 122 83 195 66 8 31 144 122 66 8 12 49 176 21 77 151 0 154 55 127 93 63 112 165 160 133 196 178 80 133 64 119 164
148 154 51 30 149 16 69 16 178 0 56 121 55 128 145 32 153 87 36 140 137 34 186 79 153 181 190 6 16 187 193 118 196 78 49 120 71 157 29 169 5 109 77 54 125 71 28 124 13 24 35 5 89 154 115 25 5 92 181 188 146 149 68 181 83 118 185 13 61 44 189 14 157 72 161 36 118 17 110 135 15 20 99 110 79 123 130 170 171 5 107 163 10 53 79 187 132 123
4 50 107 139 152 36 157 107 196 195 149 79 64 147 78 134 196 183 84 135 88 116 166 200 189 97 45 143 50 88 180 73 143 162 91 148 8 155 21 69 179 140 150 137 45 165 192 189 170 76 138 47 147 64 62 70 96 105 147 177 135 164 127 105 182 3 19 108 149 72 143 51 82 136 95 92 48 195 23 107 40 199 112 10 97 139 195 183 197 63 40 106 189 16 146 128 131 102
16 141 110 28 170 134 104 131 187 92 23 188 122 200 31 94 45 191 125 76 191 2 149 158 126 73 5 194 49 183 107 56 137 55 158 33 23 124 182 171 198 98 185 171 34 130 200 136 55 75 59 164 91 170 137 188 111 87 60 78 166 169 109 73 89 138 109 169 144 118 132 58 60 40 30 1 59 18 137 87 122 42 34 189 182 148 180 156 63 61 138 36 162 126 2 57 195 21
94 122 193 65 88 151 137 26 52 37 122 96 86 74 24 107 147 43 53 35 73 99 163 39 81 95 23 85 93 72 71 68 121 102 147 161 161 13 101 104 80 13 131 125 198 76 37 40 54 74 184 18 102 198 29 73 97 99 164 87 108 33 93 154 1 161 115 137 28 171 14 151 190 140 152 69 1 51 34 3 106 61 189 188 79 52 16 147 73 72 41 167 200 12 168 128 56 147
140 165 75 172 33 98 189 156 31 121 34 66 195 83 110 25 91 10 5 145 68 121 17 15 27 151 100 93 86 163 176 89 131 102 145 191 114 13 144 83 174 183 84 173 9 80 21 185 86 180 194 68 24 199 19 90 174 42 89 97 18 12 79 190 53 2 174 22 182 100 23 185 8 86 99 170 116 92 198 18 125 114 77 182 62 112 10 43 89 152 60 43 165 196 102 20 12 184
170 68 21 137 13 174 134 112 106 99 67 92 25 188 132 56 58 60 144 15 0 68 87 61 76 20 160 160 28 138 143 21 67 129 173 35 128 44 144 43 91 92 10 50 133 198 70 101 95 140 83 162 115 103 198 197 15 140 85 126 12 141 104 63 3 178 89 157 4 154 5 1 26 88 132 3 68 66 8 169 200 10 93 168 140 45 155 92 65 189 140 17 42 181 43 38 49 164
131 170 69 181 73 146 8 48 88 120 64 86 50 26 69 51 62 30 161 109 171 161 182 51 184 149 24 116 0 130 131 78 195 104 158 98 145 45 16 125 22 176 2 187 115 48 190 119 49 3 176 139 55 147 29 90 12 106 120 152 74 81 52 64 137 57 154 25 122 188 20 39 83 156 9 41 136 81 147 131 84 5 126 161 141 136 23 123 193 115 183 55 126 160 7 99 91 142
13 120 129 31 196 33 113 89 9 64 121 72 8 10 146 166 184 38 7 16 74 160 180 116 168 48 22 92 7 92 190 179 25 121 139 42 13 128 199 139 158 18 71 132 91 132 152 186 159 70 82 57 70 3 77 175 129 48 62 188 173 52 195 144 127 129 166 123 195 131 41 24 164 186 161 101 21 91 149 15 68 61 3 70 13 109 27 168 185 1 18 116 25 183 198 74 64 75
130 51 36 59 45 53 186 98 99 176 98 75 88 167 155 43 122 81 62 165 189 117 160 137 32 173 99 165 21 6 32 190 168 59 61 7 102 57 69 75 60 33 89 132 92 11 65 51 6 45 36 154 67 143 87 113 116 92 68 90 107 170 169 119 80 45 85 42 156 16 130 150 104 195 24 165 102 144 160 102 70 107 99 78 11 123 169 174 39 31 189 41 47 146 119 76 43 73
25 174 5 120 163 64 128 84 81 1 161 100 73 195 79 174 119 144 104 171 1 30 147 196 107 177 103 162 156 138 135 94 88 131 107 87 157 136 36 28 91 62 95 5 8 71 100 147 9 54 184 54 56 196 125 155 9 23 70 40 68 161 95 37 170 200 123 14 22 67 57 12 90 121 141 101 105 114 55 112 2 38 112 76 45 125 79 195 78 160 56 63 139 134 75 115 173 44
166 113 159 139 192 157 16 169 67 80 31 127 137 48 180 81 135 69 169 7 172 24 116 170 163 144 31 157 36 13 52 165 191 96 79 84 32 6 3 174 187 57 120 141 46 53 169 32 129 26 98 170 122 186 95 164 119 65 117 39 186 7 65 188 69 111 115 114 16 177 47 134 3 168 142 15 86 26 43 171 106 160 106 46 49 98 97 24 195 175 200 72 152 2 69 158 181 110
127 66 53 0 151 108 33 85 92 147 66 131 36 175 66 2 138 182 199 171 126 47 90 189 124 192 24 122 196 144 163 20 39 196 72 111 70 16 79 21 198 66 141 11 175 23 142 104 162 134 78 6 14 129 20 111 177 39 198 75 170 166 99 83 181 84 99 68 36 152 65 139 115 136 49 109 139 21 76 57 155 17 97 164 164 75 104 112 134 116 96 76 102 148 54 171 193 47
162 79 108 173 130 52 15 112 172 147 145 36 80 117 106 107 186 20 90 158 136 193 181 124 152 62 115 26 107 3 169 161 156 74 63 47 4 173 58 147 193 153 44 48 68 111 5 81 26 92 96 88 158 26 46 69 42 122 33 36 45 140 142 64 87 63 3 134 78 107 183 60 41 126 50 75 44 134 177 116 126 123 61 125 156 91 80 109 125 200 147 54 187 128 147 67 178 60
70 17 38 123 104 40 151 141 85 1 72 164 47 21 148 85 200 115 79 18 93 84 26 28 46 113 76 1 46 192 193 62 42 53 88 124 38 139 168 136 53 103 161 20 141 30 156 197 153 18 197 30 198 131 138 183 18 186 190 166 82 84 92 143 161 75 132 86 189 33 75 150 129 59 93 158 175 99 92 97 36 187 26 184 1 122 81 93 33 119 195 28 171 134 167 173 126 30
86 19 75 178 94 175 61 131 196 110 24 186 41 165 29 31 144 171 168 144 121 107 106 126 154 84 172 112 52 77 53 69 92 85 22 25 150 101 83 65 140 124 108 52 17 52 54 74 3 194 24 74 164 135 2 72 49 23 125 189 162 44 29 196 192 142 55 5 5 143 23 1 150 0 194 184 106 185 154 83 51 49 149 4 195 35 39 23 16 185 31 144 150 5 114 187 104 82
3 176 13 50 58 122 17 103 127 113 142 61 127 140 193 62 171 196 175 72 152 79 122 195 164 62 16 30 4 28 143 150 16 93 112 69 117 54 190 8 112 3 123 82 80 138 6 25 93 141 58 77 37 40 25 100 99 24 192 131 149 182 90 51 200 116 175 25 12 198 177 200 183 50 146 189 45 188 91 125 126 70 96 178 7 144 157 55 116 106 127 59 123 200 66 178 67 57
89 15 188 56 10 27 197 143 49 44 53 157 138 144 103 68 94 133 45 128 60 197 185 160 121 10 12 20 83 156 3 16 172 77 60 102 9 88 167 135 118 175 124 175 159 76 18 146 188 114 53 186 133 114 200 95 52 28 138 130 44 99 98 131 113 148 187 9 129 154 5 91 82 7 25 43 1 22 90 97 86 6 178 128 189 21 32 57 101 134 185 98 119 34 28 16 140 162
47 32 172 197 127 142 140 30 36 199 109 43 184 79 195 47 12 42 162 176 194 186 107 160 109 67 10 144 95 68 173 157 119 109 60 131 9 134 5 166 111 64 42 93 116 149 90 46 129 136 104 129 133 186 48 131 163 34 14 189 85 37 92 83 38 9 155 67 109 95 44 90 50 77 14 87 194 35 127 53 0 23 32 83 71 171 69 84 180 98 179 133 164 131 178 127 94 71
91 133 25 94 93 184 59 166 179 4 126 147 186 126 173 109 34 157 189 182 13 90 178 169 76 44 121 36 78 23 170 157 99 158 69 21 88 27 178 107 64 199 79 186 38 142 36 0 121 83 25 9 173 119 71 72 49 127 51 199 2 81 121 12 86 100 104 1 44 149 19 135 166 8 94 56 126 15 25 12 88 68 45 137 61 77 103 103 81 21 99 97 173 136 17 198 182 40
155 97 79 7 140 130 145 30 75 72 2 125 153 87 167 51 78 55 143 171 53 197 128 41 123 185 158 164 6 53 95 177 165 140 103 0 147 84 90 14 47 118 116 26 197 119 73 101 180 139 156 41 196 67 173 79 35 181 152 41 97 16 193 56 93 154 98 179 183 89 37 182 134 135 141 184 18 145 148 10 76 82 13 20 122 159 52 118 162 6 56 137 121 39 171 21 185 192
28 132 96 65 13 30 165 152 31 43 30 182 71 152 57 178 27 122 45 168 64 14 197 94 56 117 60 56 28 69 115 189 22 144 121 138 107 166 3 139 19 148 180 64 2 113 94 198 137 9 44 177 190 89 70 91 147 56 175 172 0 37 13 75 148 97 167 111 181 157 32 63 91 42 7 100 196 6 40 89 11 159 184 189 2 126 50 148 72 74 48 102 180 106 164 184 11 125
40 116 37 58 3 178 143 167 40 175 184 115 13 120 128 76 72 117 158 104 182 47 170 118 25 23 84 39 71 12 128 7 84 141 156 108 41 108 1 116 7 138 180 196 77 26 122 140 20 104 80 2 197 19 13 18 82 185 24 34 142 94 186 63 4 15 51 164 121 4 147 54 75 177 154 77 150 51 71 120 92 70 27 178 18 128 71 184 106 162 198 187 117 63 115 51 106 18
60 132 126 86 47 178 136 73 185 3 130 41 159 68 133 8 122 90 92 189 154 155 193 75 14 73 171 133 25 73 0 191 87 56 4 178 11 50 194 117 138 67 108 94 50 100 69 130 7 147 186 43 91 125 168 191 80 176 40 189 68 136 90 85 97 79 48 42 4 200 121 189 183 187 99 4 149 124 21 62 23 88 72 196 48 44 38 95 171 172 100 171 95 49 105 142 5 13
2 144 58 66 71 176 98 126 7 100 13 147 78 168 156 94 195 159 39 112 177 177 133 69 68 150 62 181 63 22 193 193 45 28 140 199 33 118 150 20 117 37 175 38 108 141 152 20 146 79 122 62 171 24 12 72 21 123 145 81 9 119 60 192 150 130 193 11 194 32 85 164 135 159 99 155 21 176 65 144 196 35 51 70 169 139 183 23 193 96 104 0 123 19 31 34 0 10
155 58 160 60 19 75 182 97 181 102 38 14 77 108 12 27 173 21 25 2 40 45 142 111 140 80 87 81 200 5 69 170 162 139 71 78 48 42 147 130 71 138 197 134 73 30 197 128 176 191 185 136 9 177 78 94 122 44 108 21 35 14 143 8 24 54 116 56 95 158 91 181 167 17 22 68 116 72 16 32 1 142 172 81 173 116 103 102 197 126 33 32 110 49 84 48 182 113
65 157 1 115 124 85 94 181 163 149 83 170 97 148 86 78 46 157 140 21 0 165 94 31 24 115 56 21 90 109 49 14 173 188 6 40 126 121 50 187 62 27 99 125 43 18 70 70 17 142 188 142 177 178 72 200 64 186 146 131 162 47 110 137 84 106 54 153 99 63 47 148 33 159 38 91 104 168 94 175 51 200 160 65 200 166 139 1 82 78 88 96 121 178 98 200 53 143
101 67 12 198 97 114 12 119 63 0 38 39 97 15 192 196 160 50 97 187 137 36 174 66 194 19 161 45 82 55 156 21 22 106 46 144 24 151 67 56 137 186 51 38 56 106 152 111 141 69 156 70 138 123 176 40 155 65 71 114 92 200 65 75 103 55 22 98 87 105 112 132 182 142 177 86 142 136 135 186 128 142 104 31 98 89 100 74 197 37 65 14 123 129 94 15 70 3
139 139 167 57 15 23 18 199 10 2 50 199 163 79 194 75 5 36 76 69 32 172 52 181 166 2 175 180 5 109 107 64 175 42 186 167 166 124 50 123 122 40 104 117 86 140 183 49 11 81 174 144 46 171 99 100 197 48 37 51 128 9 186 176 83 150 139 16 155 105 5 159 79 143 163 100 26 25 141 142 38 37 51 74 61 95 17 99 31 177 19 1 57 54 156 199 159 149
97 7 8 183 170 82 91 113 7 176 135 103 85 180 162 30 130 108 15 38 193 77 185 33 138 33 36 123 46 126 42 94 54 196 177 45 123 62 144 121 159 195 109 197 21 86 198 7 178 41 138 46 2 109 21 77 65 107 2 180 76 87 182 17 176 173 80 185 199 193 23 57 117 110 73 106 14 37 114 159 38 4 109 147 151 176 138 127 16 53 57 55 100 90 140 180 40 138
163 22 18 175 71 104 199 154 53 134 113 190 90 3 186 34 11 148 78 78 31 77 174 133 103 78 98 109 41 119 84 126 96 89 1 142 127 172 188 33 61 30 43 170 197 153 124 100 199 181 97 90 55 132 54 170 133 194 117 1 148 178 150 165 159 24 48 59 42 58 112 102 91 140 196 185 179 48 158 87 104 166 73 81 143 128 152 52 67 13 11 81 160 7 151 81 143 197
121 38 36 95 172 130 159 74 186 155 88 145 129 61 120 172 107 171 141 139 32 66 16 130 119 37 132 118 119 41 75 59 121 27 81 158 14 168 74 20 33 61 124 153 122 88 22 48 57 10 58 195 142 47 129 157 131 164 12 123 29 6 2 186 185 75 78 181 14 170 12 145 171 198 8 96 54 10 93 86 11 116 178 40 160 142 185 20 76 7 194 94 37 179 53 8 151 69
60 21 85 137 95 165 124 166 87 162 34 68 54 137 85 87 13 134 109 30 57 118 103 183 156 86 168 64 99 158 99 47 89 92 25 200 42 18 15 72 57 68 96 69 53 47 7 61 94 58 188 129 145 72 42 10 33 64 128 108 68 129 143 95 19 200 157 8 53 23 19 51 99 167 150 112 168 4 51 139 152 49 147 192 6 96 178 84 141 2 194 123 187 102 166 35 150 186
125 107 173 124 139 93 148 107 5 160 120 180 138 57 174 106 7 67 154 50 110 73 154 68 110 70 191 77 191 177 7 15 74 26 52 161 109 131 190 13 28 148 50 194 18 189 54 34 116 72 21 156 139 26 53 27 126 122 98 45 103 10 143 172 60 59 117 107 187 5 9 31 136 188 4 34 24 148 20 90 28 190 47 135 48 15 158 188 61 186 70 77 12 190 152 28 12 74
11 123 102 53 152 116 68 146 64 181 47 150 25 167 27 59 67 40 113 32 137 88 181 162 133 78 8 171 193 193 45 124 56 122 22 181 170 44 55 90 109 169 156 105 68 30 69 38 119 99 38 137 63 120 28 160 143 95 5 194 9 22 26 38 115 164 28 191 188 67 8 170 56 136 79 66 84 30 80 125 180 161 86 199 145 116 104 114 102 180 104 146 44 40 5 163 172 74
11 113 8 103 45 182 53 175 119 65 127 161 20 162 36 42 41 6 72 37 108 148 82 11 89 151 132 46 36 127 64 147 118 11 149 126 34 24 83 116 128 115 28 161 37 179 136 174 33 5 99 172 83 89 13 97 24 130 115 168 111 8 83 116 47 146 16 50 60 164 90 150 130 54 115 56 26 131 159 2 32 141 175 64 101 125 47 131 101 194 164 164 186 50 190 151 4 124
150 1 168 189 26 45 126 30 172 151 98 137 75 14 17 163 136 31 124 54 108 75 74 15 42 120 119 58 108 141 37 185 60 143 136 21 193 24 132 33 71 39 169 158 72 121 19 169 88 132 166 27 160 135 95 131 138 160 95 25 129 153 147 114 46 65 76 98 86 77 5 73 158 76 133 40 0 105 62 38 11 49 38 184 199 94 136 61 68 127 130 116 67 143 145 48 18 147
54 64 188 19 83 15 39 169 55 114 113 109 0 111 99 40 87 83 31 87 162 0 85 193 193 6 195 106 50 148 154 146 103 148 159 5 31 45 95 100 105 109 133 114 191 159 190 106 96 114 87 107 131 173 109 105 108 97 59 131 35 13 58 38 148 181 25 195 84 90 41 60 150 93 113 37 131 182 85 28 88 151 22 186 86 68 194 33 192 62 80 111 199 18 59 176 122 99
199 7 46 166 180 165 147 99 117 166 159 25 127 24 56 125 116 30 74 0 24 137 90 193 39 191 102 4 100 63 69 74 60 143 26 148 26 137 43 155 71 23 50 171 19 148 136 195 116 145 108 28 88 75 60 33 9 69 105 81 49 31 132 182 152 71 99 172 13 48 74 99 120 122 65 198 100 180 98 170 7 11 141 16 197 142 63 190 55 22 7 175 86 173 43 93 124 190
53 85 141 53 149 1 36 75 86 154 185 197 115 153 19 95 136 185 34 109 156 10 125 155 147 99 95 121 6 136 29 96 170 129 166 70 194 159 99 109 122 124 106 118 94 46 200 124 30 59 180 164 112 22 171 106 185 169 56 151 71 105 52 72 41 57 65 124 194 72 197 63 179 108 86 56 130 135 89 91 169 134 191 134 168 181 129 32 93 187 138 129 137 140 179 131 195 0
123 29 38 184 103 9 181 200 150 31 8 38 188 52 2 187 86 193 54 179 119 128 95 113 125 130 165 62 141 111 188 63 121 9 141 32 153 62 93 181 24 85 155 133 80 200 123 161 199 176 19 66 102 70 185 19 70 146 199 82 5 101 189 3 188 189 188 119 112 53 111 153 46 15 1 16 133 18 91 128 152 66 153 153 22 93 56 175 101 27 175 37 200 96 153 82 50 105
168 189 194 33 140 0 133 169 166 196 137 106 168 153 109 100 25 88 122 71 148 27 93 112 111 124 43 75 157 53 104 196 65 1 20 2 3 139 84 165 71 70 31 173 87 116 49 176 128 13 107 173 98 119 53 115 84 2 133 56 40 4 42 144 103 46 50 62 195 104 147 89 53 112 25 92 101 197 163 21 164 135 138 112 68 89 179 98 78 39 165 22 117 109 176 33 140 17
172 95 2 4 17 193 186 124 108 139 11 16 144 124 29 72 76 182 51 176 96 158 114 155 136 160 170 43 178 134 22 0 11 174 22 50 48 47 119 129 47 103 93 12 82 141 46 20 179 155 56 194 11 142 108 168 24 46 165 85 44 183 63 108 13 165 126 180 105 195 143 143 119 65 185 44 140 78 177 50 175 179 28 65 126 197 24 199 174 2 52 89 86 123 189 57 92 123
60 171 16 72 189 180 51 65 30 155 34 64 166 142 90 85 173 154 138 29 65 176 62 50 153 52 56 50 86 160 123 68 71 105 74 32 178 147 131 140 127 159 195 99 61 195 54 6 97 128 34 99 118 176 190 42 90 141 61 136 199 40 185 129 140 33 168 200 95 172 144 36 11 20 22 99 62 190 177 128 32 136 134 190 51 158 5 42 160 22 77 187 45 198 101 190 109 119
35 114 59 137 147 113 93 64 189 90 108 177 4 41 188 91 27 105 85 142 146 3 140 23 185 181 150 91 194 63 189 87 36 154 57 64 153 177 169 45 95 169 2 21 91 131 41 80 198 134 152 113 111 76 152 18 118 50 7 176 69 111 157 161 70 57 109 97 182 110 67 71 35 50 25 197 28 77 144 105 17 52 55 48 14 78 40 134 154 78 190 37 76 141 36 89 34 5
152 79 18 42 64 4 115 93 58 200 117 185 181 154 156 119 59 109 188 81 194 81 50 58 92 145 64 188 51 2 65 195 78 134 13 23 197 196 4 72 132 135 161 89 84 166 25 1 50 117 26 159 162 76 68 165 60 188 177 200 192 50 145 104 52 96 129 163 68 65 200 16 198 59 30 76 169 191 131 45 129 27 118 106 31 105 166 195 12 18 69 110 22 21 177 66 82 52
43 81 153 28 72 179 182 93 75 153 127 100 163 100 53 129 8 95 46 25 162 142 158 93 48 105 166 82 66 154 115 189 155 113 28 83 113 10 70 5 105 52 46 130 95 98 191 176 146 119 97 176 72 190 157 110 22 28 169 88 95 171 41 12 104 16 85 145 133 53 128 81 1 93 85 38 30 133 136 79 40 121 194 45 69 124 39 182 64 24 0 130 159 8 39 186 57 77
170 191 165 179 124 42 145 189 152 5 58 153 60 195 45 185 118 100 100 26 118 170 155 132 16 42 112 71 101 39 102 56 11 124 14 182 123 168 77 4 38 162 160 13 78 88 149 54 146 102 18 11 31 115 126 103 102 30 200 123 133 171 77 177 18 28 73 188 61 70 117 180 127 15 16 100 52 128 63 24 188 52 123 15 48 64 69 3 2 24 196 129 36 36 109 105 132 155
91 124 48 190 177 139 60 55 152 116 23 198 26 111 52 127 23 187 175 78 105 178 135 99 20 143 64 179 58 141 153 79 144 51 130 48 9 147 191 90 189 34 93 157 105 171 170 7 188 185 93 108 64 145 45 75 134 132 95 147 158 178 200 55 133 163 58 123 175 2 64 60 100 181 70 55 154 177 156 160 150 40 148 77 97 132 104 172 29 33 87 31 124 163 20 11 199 48
99 114 109 97 161 116 145 164 5 107 167 137 192 116 191 158 110 24 77 82 36 89 1 103 154 162 149 162 134 198 176 156 185 145 157 149 26 112 58 195 188 194 50 68 194 156 200 3 86 75 42 143 136 31 21 18 45 183 125 0 42 60 92 177 146 191 66 67 197 133 25 54 113 191 136 128 122 22 188 118 81 30 125 159 142 132 142 80 24 6 137 170 59 14 32 58 60 180
153 70 41 11 64 5 84 192 134 87 106 171 62 2 109 194 3 165 84 101 183 81 68 146 186 52 178 134 145 43 7 0 134 71 77 162 161 64 108 79 138 150 141 65 184 133 163 22 189 29 180 47 25 178 130 168 123 29 93 5 4 154 161 181 75 143 200 132 32 116 97 137 156 142 24 176 188 98 63 147 151 30 71 74 24 152 126 125 182 119 141 59 167 33 111 75 57 76
62 169 113 186 102 163 54 40 130 101 68 16 160 24 43 100 190 111 58 76 17 4 74 176 181 138 192 114 120 128 200 23 12 48 38 34 51 89 47 20 189 18 102 58 194 11 29 2 64 70 64 186 174 80 177 177 140 57 60 86 46 1 38 63 4 149 31 95 161 66 27 20 115 126 99 79 87 128 143 153 32 195 120 10 55 22 88 167 11 10 120 165 167 126 121 152 59 30
88 31 196 32 151 111 74 70 71 178 115 36 136 146 83 199 166 74 24 160 119 5 92 61 46 133 125 99 0 83 40 124 167 139 109 83 64 0 25 84 131 122 161 24 94 45 64 101 109 140 97 63 129 116 107 34 53 194 95 7 127 36 141 126 102 148 54 138 163 10 50 24 97 39 194 2 27 154 80 102 82 67 44 197 101 23 16 195 129 177 121 193 88 112 166 191 48 24
