99
169 194 154 183 130 22 77 85 89 30 81 156 100 106 110 72 196 12 160 189 32 159 35 170 28 171 186 170 45 69 125 78 136 68 98 50 92 152 67 29 23 110 38 129 169 154 4 32 124 102 27 86 81 167 191 15 165 53 128 189 126 69 102 22 136 51 194 35 152 87 32 164 121 76 48 107 193 186 182 103 86 161 175 117 168 80 47 56 58 193 184 180 72 19 36 161 167 16 104
126 59 53 192 22 7 68 114 62 176 181 128 146 72 137 34 173 33 174 172 21 151 171 88 120 48 129 34 97 26 46 148 187 31 13 69 115 50 3 6 97 60 92 120 50 101 89 141 17 25 1 88 49 192 168 28 84 124 84 58 96 54 72 143 112 168 159 18 18 180 110 122 180 157 77 180 29 116 191 200 188 25 97 91 25 108 131 5 37 54 153 39 182 177 185 153 33 50 171
93 99 191 0 178 91 197 20 75 60 69 95 57 140 190 68 116 139 157 80 173 77 39 15 2 20 44 59 131 45 95 194 12 142 61 102 39 190 122 171 90 112 125 161 120 143 24 142 83 171 1 117 188 98 163 7 38 155 9 1 77 24 121 25 150 189 158 157 144 19 68 147 59 52 57 168 24 141 70 129 116 148 177 179 163 65 64 141 197 191 122 93 166 13 144 173 121 127 96
108 169 166 87 70 44 62 57 14 19 91 114 158 122 176 164 177 110 88 200 33 57 200 185 97 109 191 59 149 149 82 175 87 121 15 194 88 136 140 175 114 93 51 14 166 177 66 121 61 73 94 37 95 67 107 175 169 131 15 167 197 122 79 158 4 4 177 120 197 193 102 40 116 4 46 86 115 139 180 119 49 152 83 69 189 200 91 142 183 128 4 124 125 3 100 53 40 105 108
153 119 119 173 20 40 167 8 184 51 124 123 89 99 66 26 176 156 62 125 76 4 164 49 83 22 30 182 173 39 128 60 19 54 142 45 53 116 194 108 8 29 112 158 161 198 17 31 116 25 98 78 100 130 167 149 188 104 143 26 29 141 168 26 30 77 172 190 26 184 98 21 76 82 51 126 167 47 147 102 186 4 189 4 28 43 171 106 169 7 182 100 178 103 183 171 162 147 25
80 72 162 68 158 100 157 166 99 53 49 180 55 177 98 178 100 178 38 30 42 200 34 39 181 140 93 196 120 25 180 190 185 39 5 76 50 186 84 126 129 132 175 137 107 93 108 2 21 165 171 92 193 50 58 92 120 188 15 80 37 36 70 19 36 3 152 183 165 26 35 28 53 173 21 36 73 168 170 141 183 90 181 83 131 56 103 32 198 65 8 18 38 43 191 109 187 111 20
171 57 27 46 4 14 141 199 5 125 127 136 190 104 186 45 144 87 88 124 18 122 6 93 51 55 0 141 115 132 134 35 47 185 143 18 96 33 61 85 154 98 29 159 166 108 66 28 144 197 196 26 78 170 77 8 43 29 61 175 186 169 146 39 41 89 74 13 190 36 23 1 79 171 151 101 26 128 62 183 122 107 194 23 48 144 135 119 191 170 57 83 112 127 70 43 173 4 81
114 152 50 110 84 79 39 140 130 82 153 176 69 66 141 91 180 42 28 47 43 188 115 161 99 152 195 162 169 102 135 179 175 27 90 70 154 137 81 26 95 121 191 154 182 189 25 124 94 48 150 140 149 22 2 103 82 28 120 152 102 117 107 146 108 2 198 143 133 37 72 197 4 195 45 130 191 45 22 114 45 168 127 151 37 155 27 167 35 75 25 192 79 38 118 126 193 162 43
133 6 141 150 71 24 55 1 185 181 192 154 192 1 83 113 133 86 143 128 138 177 100 156 102 111 147 101 147 168 103 45 194 132 9 6 106 94 157 133 154 83 74 110 29 127 100 168 60 191 166 145 126 195 185 60 155 183 57 110 97 80 64 51 141 91 166 34 127 51 172 24 50 134 82 4 141 63 154 37 164 186 57 200 178 18 172 195 43 4 78 137 18 162 157 165 143 78 130
40 116 112 166 77 58 112 56 121 33 192 176 78 144 188 18 190 4 27 110 50 181 10 114 40 15 109 135 66 76 193 131 139 118 155 40 69 96 83 93 127 172 66 187 126 193 73 54 44 131 11 3 196 24 25 147 119 29 144 127 43 92 73 181 59 145 129 8 40 47 128 64 179 13 53 5 86 8 165 66 128 2 189 150 181 161 2 1 134 137 71 81 194 41 86 64 176 12 60
175 98 91 117 23 168 93 35 39 67 40 93 75 23 124 78 61 69 23 23 65 113 47 151 20 149 27 164 91 109 19 147 83 150 98 37 115 104 132 169 67 101 196 151 89 122 65 83 98 118 149 198 110 183 160 126 152 16 81 190 196 176 108 142 59 34 103 62 182 195 67 138 156 180 112 30 49 26 140 69 5 167 8 184 105 28 156 171 184 98 145 57 158 143 150 46 113 31 124
142 74 21 25 96 105 45 139 141 115 50 110 28 175 40 161 114 120 117 89 57 103 57 115 108 194 141 3 159 45 89 58 185 5 159 147 1 37 42 61 198 26 169 62 54 68 195 153 194 57 88 41 2 150 35 130 81 55 154 35 19 33 132 151 109 169 66 68 169 105 89 183 118 177 58 16 188 97 180 86 89 161 100 143 139 140 118 166 120 174 58 164 59 100 176 54 168 182 152
18 54 175 125 73 76 143 66 136 51 72 166 4 25 132 142 181 74 61 195 109 192 170 53 20 55 180 50 147 58 73 51 88 58 62 60 50 190 1 146 88 197 138 77 52 152 83 80 7 153 191 164 125 93 90 116 34 174 41 81 169 74 63 123 86 176 137 143 7 28 129 183 73 55 75 29 11 138 182 137 59 176 160 17 19 91 128 24 140 6 165 166 79 156 67 145 160 157 162
88 157 159 104 107 102 123 157 111 100 110 36 35 82 150 136 183 13 28 128 17 25 28 151 146 34 9 198 71 4 5 117 159 94 108 150 59 104 35 171 75 23 39 39 71 182 126 19 151 99 6 190 126 16 26 22 126 11 187 104 28 22 23 123 177 87 15 87 155 44 77 93 139 115 52 16 89 162 172 68 64 81 155 19 133 175 19 84 78 195 88 85 5 6 98 16 3 171 152
103 186 136 121 148 75 90 115 194 174 136 107 148 11 46 77 53 168 54 68 200 44 58 146 13 167 133 9 40 93 194 155 122 150 172 75 116 118 94 164 7 53 30 52 200 153 33 184 173 164 167 130 14 162 49 22 28 146 188 62 47 186 187 177 56 64 107 35 186 61 98 34 40 77 107 174 78 145 33 73 147 81 112 77 183 105 124 20 194 165 12 41 178 157 173 179 118 65 57
134 195 171 183 92 135 141 154 193 80 183 43 103 60 25 4 143 118 173 101 172 166 144 44 54 42 81 110 90 196 53 138 193 164 191 169 126 50 186 0 104 139 157 31 176 29 90 195 70 119 198 146 127 163 19 41 87 28 61 111 148 44 175 86 45 168 165 74 130 3 42 145 160 118 88 143 123 178 184 155 153 189 180 1 109 175 58 38 46 75 40 52 26 13 173 68 93 62 188
157 141 40 115 181 59 61 5 153 34 50 18 102 192 192 102 20 114 54 114 9 122 154 131 167 33 174 173 187 139 72 177 52 91 125 32 58 103 43 169 143 17 0 136 192 169 7 125 166 27 197 34 151 25 165 186 16 98 93 94 139 109 4 126 185 174 98 0 32 168 101 168 51 59 59 95 123 147 128 1 50 88 174 4 45 49 71 107 54 92 143 23 126 50 173 179 191 44 4
88 32 182 56 162 32 3 122 47 175 128 82 115 154 189 129 94 149 82 188 70 18 26 46 17 133 0 48 126 127 67 12 143 7 33 149 103 19 174 23 196 43 62 165 101 89 88 90 52 175 84 153 16 30 11 7 187 29 194 57 86 68 58 164 49 103 63 152 20 200 183 163 70 58 49 159 163 171 16 158 6 199 38 122 101 110 121 181 56 1 40 36 83 143 138 68 144 105 79
91 87 178 11 102 1 133 51 18 21 156 76 46 19 175 85 0 51 157 124 50 72 96 182 116 148 46 177 63 0 123 105 128 182 20 88 167 8 138 106 168 102 32 126 33 189 178 139 24 130 184 61 90 144 139 78 105 62 173 110 27 18 136 181 108 29 91 57 94 43 36 51 20 93 169 44 197 62 198 174 83 8 52 149 180 33 102 177 97 111 134 198 151 34 72 97 34 133 87
45 62 103 119 49 130 145 124 37 53 85 113 182 194 190 24 183 0 57 32 134 30 46 74 28 42 27 139 191 157 116 190 10 54 199 0 26 63 60 189 105 27 55 146 132 69 197 13 125 178 117 30 200 21 37 165 146 3 102 138 121 73 173 135 51 29 168 25 170 63 141 127 169 12 199 123 88 58 47 124 186 28 89 146 32 91 62 192 65 59 177 13 53 70 143 109 176 189 160
132 158 163 104 182 48 133 49 199 120 134 126 139 15 42 162 190 136 105 65 137 171 182 150 200 85 192 30 25 50 2 87 197 22 39 143 148 38 117 43 51 171 146 118 118 58 109 59 12 22 4 84 173 17 151 112 113 99 15 198 31 35 173 194 91 13 156 155 114 140 17 66 98 76 61 190 101 45 154 92 30 131 132 164 133 46 164 101 179 62 54 33 68 6 0 163 143 81 79
194 95 105 104 26 73 80 106 98 110 189 102 68 149 68 15 180 71 104 120 164 165 132 195 162 39 188 196 182 46 97 64 73 112 40 102 130 91 36 53 56 86 193 46 111 92 146 200 130 32 14 141 164 49 38 184 128 4 192 187 196 64 37 155 180 86 42 184 64 189 198 99 5 58 13 69 190 117 36 142 113 54 74 196 62 109 6 185 75 33 74 168 87 182 178 106 184 21 69
172 87 197 25 97 34 31 193 92 103 21 51 57 105 152 138 116 163 166 176 199 67 29 17 146 116 24 193 33 164 0 100 107 184 155 120 60 35 81 4 198 90 36 114 200 193 77 84 78 118 99 19 148 4 167 22 104 106 142 145 104 47 142 51 154 163 178 195 39 25 171 10 87 57 101 27 177 94 28 143 188 80 146 130 161 195 87 138 122 51 12 164 12 83 195 138 92 163 126
135 65 151 20 6 163 67 72 14 1 108 192 142 23 173 143 5 20 81 183 74 21 191 151 184 163 159 28 85 171 64 192 194 75 55 143 178 146 13 67 145 162 31 15 181 55 11 1 91 128 146 173 130 182 180 137 185 146 144 121 181 177 93 31 158 140 152 160 15 52 198 31 146 18 198 168 20 155 31 86 101 10 198 101 120 9 182 193 39 62 101 42 157 187 82 157 100 48 173
105 56 115 186 84 172 26 133 193 19 15 10 8 158 125 11 132 6 52 99 119 146 12 139 69 23 94 30 170 146 52 80 159 53 100 169 157 38 165 10 20 0 180 1 98 156 4 185 48 186 0 119 60 73 176 81 123 22 120 26 39 147 11 20 75 168 36 51 53 106 167 72 23 98 167 127 25 27 196 187 200 166 107 3 183 196 70 90 189 26 198 159 129 123 152 104 46 10 78
31 116 73 183 54 127 66 161 165 49 86 154 100 19 76 45 7 111 17 154 73 67 50 177 32 54 113 67 15 175 3 197 187 174 109 68 154 142 170 57 109 17 149 46 26 5 136 157 79 44 6 153 23 163 98 58 148 28 29 53 178 51 99 159 17 176 51 117 159 72 3 114 72 10 78 96 41 6 178 146 199 64 14 24 42 0 188 59 58 200 118 125 9 48 145 49 46 103 155
144 125 19 84 156 97 19 39 96 73 161 42 195 135 70 144 106 34 168 184 138 179 25 23 97 143 127 185 27 20 59 163 81 26 13 26 90 176 181 80 164 196 10 100 117 65 91 194 115 144 95 96 175 124 194 34 66 148 107 122 144 7 55 66 60 120 147 100 168 14 80 183 23 71 45 12 143 136 7 159 164 182 14 26 117 34 170 194 102 159 77 192 65 161 186 189 64 51 10
53 165 141 156 200 81 11 50 5 149 87 165 64 161 184 188 115 179 114 13 111 50 163 91 191 3 13 36 95 100 182 102 98 144 9 117 52 53 138 178 39 153 156 167 197 143 132 80 74 95 49 15 21 30 139 164 123 143 188 109 25 14 26 44 158 41 97 195 139 122 123 197 62 188 29 26 187 144 32 175 166 195 74 49 12 57 38 127 75 174 29 35 107 71 176 49 124 6 169
172 67 86 85 115 121 169 66 8 104 26 96 112 112 66 6 66 180 14 95 134 102 15 115 133 177 29 173 176 69 1 47 121 9 179 103 165 50 48 2 110 59 79 169 57 74 188 20 7 199 119 144 108 23 68 134 156 140 33 32 61 157 125 200 53 176 75 184 117 121 161 95 35 160 4 1 95 117 46 32 142 69 33 33 184 50 162 25 45 108 23 58 75 117 117 97 58 4 156
187 69 5 159 97 18 5 35 88 87 173 94 191 137 120 150 132 183 24 88 53 51 27 112 46 120 192 178 98 33 195 143 21 189 48 46 77 177 44 12 41 172 200 11 142 34 40 52 183 151 128 159 27 9 74 152 15 178 188 194 172 165 101 62 149 178 149 66 169 7 35 192 189 11 175 45 32 156 110 96 200 21 4 117 37 160 30 24 130 117 90 132 191 12 46 4 45 80 21
99 12 182 199 113 162 2 51 157 192 163 168 196 35 90 41 158 101 1 38 120 171 177 50 32 172 59 88 89 159 87 141 120 142 60 117 172 23 134 191 70 163 29 10 24 116 150 2 84 58 106 198 37 196 160 170 178 185 140 33 46 135 187 130 77 146 191 38 76 197 160 168 36 145 46 195 168 11 157 58 184 172 195 106 127 42 169 54 173 16 166 119 147 167 191 159 177 124 32
109 53 165 178 106 95 75 46 97 24 134 30 133 10 54 56 121 74 161 97 89 145 64 19 112 102 169 5 86 133 99 17 168 184 67 173 155 171 35 80 144 25 6 199 62 137 48 97 159 73 104 4 148 112 116 108 135 198 105 30 192 180 73 105 99 87 114 162 162 192 26 52 33 148 112 158 145 22 64 120 121 101 91 128 166 99 108 111 123 184 135 100 133 14 133 78 164 199 65
98 93 164 81 113 67 185 2 11 186 195 167 155 72 152 21 134 133 129 15 138 159 96 27 177 24 29 172 114 71 176 115 184 104 176 127 190 102 90 144 163 60 93 23 91 63 151 91 196 154 13 5 23 16 117 77 17 39 40 190 158 81 32 33 163 14 199 96 193 27 179 118 33 137 120 8 165 15 86 155 12 177 150 31 195 149 60 195 74 91 109 187 188 191 16 146 126 172 173
1 90 109 70 43 102 21 132 15 104 86 10 3 38 100 102 132 185 104 188 63 39 5 139 138 17 50 181 46 95 103 47 2 151 160 125 194 67 39 99 79 109 140 77 0 103 152 21 136 55 154 130 60 88 66 8 173 28 42 150 92 1 129 38 21 134 109 136 177 27 194 95 173 120 59 34 168 119 148 96 73 186 174 161 83 131 178 115 45 160 123 196 150 26 147 41 0 23 193
77 106 88 133 4 132 119 52 193 44 194 46 190 172 79 108 15 13 58 63 112 41 96 146 33 77 17 0 134 100 110 24 99 19 62 67 4 94 30 98 11 122 85 50 89 65 73 135 89 192 94 188 67 55 51 57 191 133 107 167 108 154 102 195 42 119 27 94 173 6 115 82 34 139 6 99 112 9 43 20 117 23 96 171 32 196 114 182 116 19 135 137 42 200 100 190 81 8 18
19 108 29 151 134 44 149 163 20 78 28 108 49 141 42 121 44 49 102 113 129 136 88 92 39 144 74 132 156 44 24 130 121 197 27 40 20 56 132 161 105 40 53 151 167 121 142 16 87 195 139 102 87 53 121 121 156 135 0 164 139 110 23 71 90 169 5 85 110 116 173 118 199 185 35 109 16 132 83 182 69 41 27 49 8 108 105 9 32 151 135 192 80 114 20 33 17 130 23
28 18 140 42 41 155 192 166 154 149 110 63 137 74 165 187 112 18 87 40 61 152 163 163 102 164 0 136 9 122 69 107 95 86 109 96 30 96 29 131 185 107 121 166 103 191 159 157 165 99 60 76 159 190 83 5 59 34 58 75 138 190 81 93 5 75 156 122 105 162 113 178 100 163 8 126 4 165 44 135 129 184 89 117 136 177 2 179 140 142 92 159 28 2 167 103 77 149 49
189 84 39 153 25 55 192 6 66 58 175 29 14 100 51 183 95 101 120 105 126 15 134 163 153 148 141 96 164 124 7 178 101 185 168 122 110 193 25 9 133 67 144 116 38 12 38 143 136 26 79 160 127 11 62 29 134 100 39 82 109 48 108 132 51 13 11 41 65 11 100 91 32 6 68 118 35 120 141 22 148 126 44 61 180 179 43 138 26 118 100 186 128 65 181 51 61 138 45
146 14 50 124 119 142 54 90 71 75 44 8 152 78 97 110 14 85 189 196 198 36 107 136 60 191 105 109 31 148 74 33 47 90 119 173 124 139 96 16 198 5 10 78 101 187 17 91 112 89 69 86 37 73 146 4 168 30 179 159 134 98 196 75 81 58 41 82 151 83 188 71 38 69 143 143 196 152 118 106 9 151 48 43 30 143 145 0 173 157 75 28 109 117 87 59 135 137 91
176 35 96 173 48 119 172 31 8 96 192 159 4 91 0 57 177 92 192 191 42 191 96 86 40 10 162 182 133 134 66 126 60 94 105 102 112 45 39 100 148 174 61 30 167 118 107 53 101 176 2 68 6 111 182 6 178 140 86 157 198 14 124 82 115 161 86 53 144 63 43 178 185 82 43 6 109 170 147 4 5 161 68 33 53 34 114 138 28 37 176 133 191 143 34 28 57 125 91
123 99 123 128 196 21 183 90 155 150 38 31 26 17 94 81 181 157 67 187 60 73 83 163 32 18 43 45 75 96 19 23 131 138 82 75 173 103 3 33 160 123 101 146 144 12 162 131 84 71 170 187 140 123 85 149 200 187 9 96 63 120 41 100 182 113 161 193 178 65 60 74 29 134 200 148 105 200 22 150 173 10 125 81 76 122 141 194 27 7 194 180 104 17 99 178 101 159 92
68 95 149 120 176 146 177 185 71 66 73 118 51 44 19 87 9 185 17 153 64 114 48 185 17 115 146 126 155 83 200 25 39 53 58 39 77 188 103 186 154 122 111 37 23 31 165 131 145 60 188 111 38 76 63 127 135 200 79 110 130 89 150 183 140 75 80 145 82 49 177 132 179 89 134 46 150 48 200 107 178 111 92 16 192 105 47 11 115 142 196 143 26 149 19 172 23 65 170
34 171 97 44 14 34 135 163 44 121 66 35 0 126 59 78 9 88 137 164 92 105 93 99 17 169 150 3 170 87 187 80 24 146 37 107 110 184 181 53 118 20 88 193 21 35 22 49 186 112 34 16 58 53 117 126 169 89 184 85 167 176 36 133 20 32 174 63 16 9 151 103 200 157 174 69 7 80 139 68 96 103 4 179 100 43 33 101 45 193 84 88 15 104 165 136 54 122 67
14 115 157 41 11 104 63 116 93 175 135 137 48 199 74 182 28 111 194 7 137 198 49 64 70 20 92 128 183 170 51 115 198 44 173 131 127 186 180 95 86 125 109 169 8 188 129 51 114 4 123 127 73 129 106 117 6 78 60 59 118 15 131 45 102 106 84 132 157 95 10 56 20 163 139 184 158 106 126 22 162 37 180 189 121 113 22 128 33 41 145 153 87 192 37 36 85 163 186
150 148 182 98 98 77 31 42 45 177 45 159 96 183 109 136 30 180 50 34 102 57 138 25 121 58 36 181 34 158 164 170 106 53 106 29 33 91 147 34 166 99 41 64 31 148 132 191 173 157 137 113 78 150 21 143 44 11 70 193 29 120 181 153 61 55 88 105 85 60 3 135 162 149 115 114 180 170 62 48 16 111 49 60 75 12 67 130 44 23 22 64 158 27 12 176 5 67 182
80 35 109 172 52 129 187 61 179 196 113 16 101 30 39 112 115 141 129 200 84 186 121 31 164 52 100 100 5 175 98 38 10 173 68 122 73 188 42 86 150 10 157 148 115 75 18 49 154 114 188 166 194 23 176 21 85 47 83 164 31 36 103 158 163 67 32 68 100 180 26 36 9 178 24 185 46 167 139 13 16 57 116 177 65 191 192 140 122 110 100 60 182 180 60 162 25 5 122
51 32 193 9 146 51 177 124 74 47 59 145 160 14 192 112 60 74 67 152 64 25 32 84 106 103 193 185 25 118 164 11 53 8 173 111 89 189 123 25 119 116 88 66 138 116 94 98 153 6 66 40 113 104 104 53 177 117 119 187 186 32 172 93 193 100 150 43 165 106 84 71 90 160 174 35 15 24 49 93 138 11 146 137 30 122 89 114 12 80 65 167 102 45 89 105 14 86 166
125 23 78 7 51 25 85 169 0 91 169 187 138 58 166 134 151 69 65 75 10 79 28 171 151 43 185 24 63 21 100 48 122 173 43 70 177 44 1 77 166 164 30 79 196 22 195 126 181 13 198 112 52 91 46 170 115 2 134 60 38 11 121 43 15 69 70 15 63 116 171 83 85 131 128 125 71 191 143 68 143 51 164 200 72 183 171 65 125 100 121 37 192 108 177 155 185 11 79
188 55 105 16 32 150 118 74 75 97 42 185 182 49 158 1 147 62 195 98 77 98 121 194 173 167 14 55 25 98 96 115 184 189 200 123 185 105 143 189 25 7 20 181 13 106 173 170 70 136 20 144 22 83 13 129 30 197 74 54 132 114 128 58 11 92 122 35 119 168 147 110 98 3 94 68 166 80 122 55 188 111 62 28 195 188 113 161 18 5 188 140 64 154 37 175 41 46 1
98 58 102 192 177 156 6 194 94 23 36 38 176 106 38 113 152 171 145 91 136 76 180 21 165 72 192 50 3 154 122 199 191 104 193 139 129 107 84 145 169 90 149 130 117 42 159 198 136 191 198 9 108 167 158 124 27 80 194 142 179 177 53 141 73 142 14 91 58 195 12 26 55 66 71 45 186 49 126 192 167 119 186 101 69 73 107 114 171 8 114 36 50 12 186 46 172 146 185
20 87 59 196 39 48 143 14 33 40 141 42 158 3 65 120 56 72 102 26 62 6 68 15 102 130 87 187 31 18 46 166 162 168 189 173 105 159 170 18 195 80 43 189 140 26 53 68 5 58 130 72 158 113 39 24 70 9 187 87 133 48 104 106 140 189 114 33 55 154 105 32 138 86 97 185 135 110 30 61 113 174 54 186 63 51 43 58 49 103 91 22 65 126 99 72 50 182 183
47 187 119 124 15 6 61 135 107 74 95 170 199 105 115 157 195 24 43 56 173 115 126 179 72 55 22 92 161 177 156 123 8 178 139 6 163 195 160 59 73 80 67 160 163 37 95 13 109 2 81 70 189 48 6 89 51 78 17 118 10 170 33 139 72 107 140 21 158 160 38 189 55 10 27 176 134 18 90 150 7 119 32 186 185 79 110 161 78 15 37 137 123 45 121 31 72 75 93
67 160 137 102 68 16 175 137 19 3 43 62 144 183 3 156 53 44 47 143 152 96 48 123 153 104 65 171 36 177 15 46 153 46 79 20 193 173 54 160 23 45 54 123 61 195 154 61 28 38 37 93 55 63 137 35 149 198 151 166 67 14 48 64 161 24 113 72 122 37 200 35 120 170 113 20 158 164 190 115 157 90 190 111 120 16 59 188 34 5 149 184 102 117 14 100 63 193 199
91 114 155 187 196 176 145 141 189 172 9 165 178 14 33 113 183 13 195 184 10 161 166 17 194 92 91 127 101 159 115 199 165 64 197 192 36 145 81 14 51 79 102 103 108 97 145 50 173 31 159 111 159 84 20 49 75 183 162 187 90 39 15 54 33 51 179 173 34 32 102 3 86 37 67 131 133 112 129 143 128 26 194 83 21 148 32 85 146 1 24 1 193 24 152 33 79 128 3
87 157 122 54 79 140 193 156 160 122 160 200 139 64 14 61 113 176 7 146 43 112 193 4 184 200 0 152 23 29 126 7 47 28 61 114 36 120 73 116 139 13 63 54 129 61 41 125 115 103 103 109 185 51 129 11 176 99 153 74 24 116 145 189 190 56 48 23 66 84 9 173 160 46 177 52 76 54 143 86 89 55 148 147 165 98 70 3 111 23 138 31 174 129 180 12 103 105 93
77 125 11 195 13 0 85 107 92 118 126 27 136 22 125 176 28 145 32 183 129 124 97 200 50 44 47 117 166 86 181 80 93 166 163 129 51 117 142 195 79 152 37 43 138 153 35 39 87 66 89 34 159 130 108 95 186 98 26 137 145 171 132 189 0 70 146 136 179 183 102 0 179 82 48 20 64 157 15 165 59 77 189 56 49 40 29 154 163 116 129 57 33 175 94 176 99 130 110
24 83 154 13 38 30 153 32 64 183 75 19 82 25 123 45 188 176 186 17 21 10 19 130 147 144 140 141 134 95 58 157 135 50 124 148 67 162 37 25 133 24 68 153 101 160 128 172 50 57 49 177 109 139 33 71 7 100 145 116 154 97 139 50 140 5 107 192 152 55 105 113 135 190 77 97 47 56 156 156 27 108 74 171 105 77 175 3 62 109 166 167 188 73 150 55 70 141 173
174 117 88 110 38 130 21 7 196 116 101 185 134 87 71 14 159 171 164 38 134 160 14 178 88 137 147 81 173 103 0 170 127 143 119 85 172 80 39 89 63 193 45 2 154 30 96 38 167 114 143 182 31 194 97 56 10 35 129 118 154 85 52 94 110 73 92 126 131 118 157 177 25 7 133 200 16 46 57 101 115 63 13 5 82 135 100 121 10 13 8 41 74 112 40 188 82 180 31
185 1 140 105 183 87 144 171 95 150 161 45 2 74 115 86 90 200 10 200 12 179 26 123 13 190 76 83 34 119 52 134 182 111 85 17 71 8 65 119 22 188 142 186 37 104 178 193 12 197 120 144 63 54 162 84 176 33 21 69 91 88 60 11 51 61 7 7 65 144 142 169 122 22 75 59 125 133 106 98 178 14 178 44 189 82 160 96 17 107 156 84 114 38 178 100 149 19 186
168 159 128 40 83 1 169 43 46 102 59 3 35 66 158 26 11 101 125 133 31 139 7 161 102 149 99 128 60 155 152 49 176 191 83 24 65 0 108 192 18 47 10 117 26 22 60 111 66 1 143 131 53 119 64 166 116 164 32 14 83 189 26 187 142 100 2 182 95 104 61 168 31 158 33 84 165 30 37 83 116 33 10 62 129 188 121 92 15 171 141 49 199 138 159 58 22 13 132
133 173 163 175 90 189 64 64 2 85 66 9 47 61 151 103 136 167 32 137 53 5 83 114 134 19 118 96 166 172 1 125 180 100 42 27 54 130 195 51 31 132 79 197 161 44 118 64 123 184 85 98 172 92 124 66 12 88 152 181 116 47 99 138 42 184 186 18 44 174 79 19 38 31 70 163 73 119 195 48 102 163 176 91 80 44 83 48 57 119 37 155 165 125 118 80 17 42 10
163 16 117 118 25 107 192 78 49 51 141 31 46 80 39 126 133 117 127 126 127 45 69 52 154 160 152 197 180 6 50 98 34 100 2 117 106 95 123 175 124 172 167 140 135 115 1 94 143 4 198 80 40 191 71 141 19 64 117 61 123 70 172 184 36 52 102 121 177 1 83 73 121 18 169 161 83 128 51 72 129 148 146 44 36 32 101 93 43 75 20 99 4 35 126 54 77 48 185
174 121 78 9 142 126 123 179 195 179 143 144 34 68 76 42 138 90 92 180 91 10 28 32 9 141 166 101 134 48 136 33 12 20 158 71 3 149 110 147 10 1 189 51 9 14 115 16 15 88 198 13 108 164 79 138 86 87 200 74 186 194 151 46 148 173 157 90 155 117 70 153 115 156 154 102 111 167 176 91 142 185 15 137 127 109 37 91 95 12 32 105 127 101 19 149 48 52 123
176 29 141 168 8 18 44 181 184 195 131 29 83 130 157 138 122 155 169 32 164 191 182 65 21 58 88 13 118 185 80 83 64 111 3 134 81 13 170 13 100 192 30 186 98 169 132 1 53 42 5 123 175 120 187 121 76 189 63 198 65 170 111 29 94 27 140 63 103 139 191 18 91 75 60 52 111 89 142 148 41 118 45 186 22 33 112 142 37 105 165 46 181 83 6 101 103 182 1
134 89 118 79 113 75 96 169 112 78 195 55 72 196 12 129 8 157 14 103 67 135 6 128 99 121 19 190 60 112 139 154 121 146 196 80 176 177 153 174 173 156 70 119 149 174 84 20 146 57 31 151 102 53 78 74 60 195 78 70 35 61 103 127 129 35 104 132 54 141 40 198 50 190 0 51 168 144 95 21 128 149 69 29 31 172 158 94 58 133 73 170 23 56 191 48 53 11 84
185 166 76 123 29 149 81 47 105 139 82 174 39 54 113 101 58 190 149 51 70 51 104 0 6 26 17 11 59 31 140 85 135 8 105 58 132 142 137 5 115 0 18 146 42 14 113 179 102 173 23 138 171 10 5 63 100 160 21 30 72 107 27 9 175 27 53 82 186 125 182 82 1 190 1 149 103 169 110 40 139 109 122 165 24 10 95 19 116 95 91 125 108 44 96 182 10 55 161
132 79 119 3 88 46 116 179 19 146 0 109 121 127 175 87 25 77 115 36 31 168 167 0 24 160 159 65 52 21 188 0 121 66 100 53 168 148 44 123 93 121 80 102 44 52 108 104 141 58 196 82 176 52 26 103 155 130 60 170 182 101 46 89 159 104 122 199 183 124 200 163 10 134 156 132 117 37 151 106 149 6 190 111 93 164 57 109 53 169 9 123 183 152 104 160 74 92 42
92 198 75 2 24 173 106 150 11 107 114 139 16 63 160 87 39 165 150 141 91 163 26 139 29 183 72 102 57 133 84 10 96 176 115 95 71 76 28 106 143 3 98 87 166 122 54 51 76 147 180 69 32 196 24 18 96 166 156 27 13 9 144 166 188 162 90 13 171 130 30 36 181 102 102 60 89 55 153 48 124 100 59 93 123 69 6 62 152 95 81 73 39 110 121 89 193 114 74
200 20 60 0 85 139 134 120 22 39 108 109 127 192 88 61 138 129 80 110 30 176 81 58 110 179 140 78 111 161 51 138 181 25 152 16 49 177 179 30 7 70 171 155 166 74 70 35 190 67 8 43 164 17 45 148 102 167 125 9 143 169 103 16 126 90 95 139 116 160 3 44 179 72 171 53 124 136 160 173 130 82 113 135 30 12 93 194 179 52 134 131 21 3 105 49 181 18 65
180 148 181 53 9 110 37 76 153 103 138 50 76 120 122 162 154 36 97 68 137 139 42 13 116 42 72 190 104 162 0 56 72 197 106 74 183 76 195 28 100 36 129 26 29 164 114 65 27 123 2 40 48 62 94 167 41 148 76 34 59 77 102 51 97 68 96 36 74 156 113 60 11 18 40 135 98 158 50 183 101 153 42 56 162 103 181 83 94 14 17 179 78 79 123 157 73 178 35
18 49 11 128 128 75 196 91 125 112 40 44 195 52 147 40 54 53 129 27 169 100 152 60 162 73 130 183 172 2 131 65 155 4 132 50 185 35 109 68 179 48 89 164 191 119 57 45 68 124 43 30 109 189 88 70 7 107 136 107 173 38 61 40 173 25 109 6 160 154 199 50 153 163 53 198 1 96 163 45 16 15 100 177 154 39 164 22 176 162 106 89 31 69 143 49 1 170 28
160 143 136 39 161 135 120 7 117 183 8 190 108 196 2 101 148 113 50 120 70 71 194 9 10 10 28 175 198 50 14 27 74 62 142 149 148 37 72 138 81 58 35 136 128 194 97 79 62 152 14 158 195 182 46 72 54 52 143 67 7 187 87 54 158 51 130 114 39 63 90 117 135 106 75 33 36 2 83 188 123 108 104 73 200 184 142 73 126 102 91 91 140 164 158 59 124 134 68
132 138 173 21 67 24 51 163 61 195 54 193 34 192 127 74 14 86 156 152 6 188 157 186 4 1 23 121 18 126 120 26 51 31 110 72 83 41 103 139 3 166 68 114 18 75 180 43 132 13 124 173 70 164 138 12 56 114 56 63 136 155 69 200 7 120 88 115 191 35 37 117 191 0 126 191 11 113 60 153 62 199 25 9 87 3 175 128 139 22 80 71 45 31 156 118 159 85 190
108 78 17 134 192 136 56 59 106 145 32 50 163 145 52 3 138 167 77 129 38 180 106 146 91 174 152 143 150 71 58 199 123 40 3 68 19 127 142 20 154 23 162 125 75 125 55 197 3 198 121 197 88 50 94 162 15 82 5 43 89 106 196 36 55 106 52 185 98 83 186 95 111 113 63 52 16 0 29 2 180 96 181 189 105 199 91 195 126 10 162 16 104 22 183 114 114 101 18
84 127 88 81 55 93 192 110 137 143 63 188 172 80 2 177 8 168 189 81 10 169 181 44 89 75 85 19 17 131 4 141 176 13 98 131 50 195 30 84 83 102 70 58 89 86 1 11 69 146 28 149 124 68 108 103 106 48 53 6 102 68 16 131 103 74 142 20 83 25 195 71 148 89 184 138 148 23 132 1 70 74 144 35 121 9 23 110 79 179 178 139 52 156 15 42 78 12 13
107 146 55 103 20 158 155 131 95 139 69 21 29 76 72 36 99 89 95 108 167 142 169 138 121 120 125 95 100 115 61 184 145 160 166 196 131 105 113 32 94 119 57 139 140 163 1 88 4 126 90 191 139 90 120 197 122 190 150 8 54 177 77 90 34 173 176 158 99 11 113 116 191 158 116 174 180 32 147 18 93 171 55 2 116 135 186 96 67 105 185 96 25 1 21 63 189 156 156
131 182 131 66 198 123 121 189 28 39 152 154 98 51 65 88 144 196 192 118 6 84 68 158 174 73 123 76 47 116 41 166 139 174 138 64 197 97 177 24 106 90 44 22 163 102 118 159 14 174 110 159 171 34 149 176 18 95 77 146 146 54 155 137 191 141 4 100 140 136 107 66 39 38 127 128 148 33 87 114 123 156 37 4 1 149 20 129 108 181 152 36 39 181 174 139 68 126 14
42 78 34 186 113 165 116 24 34 123 58 133 178 55 155 40 52 16 21 113 146 127 118 5 13 39 176 198 141 58 24 146 137 83 132 139 90 0 69 131 178 42 81 146 152 146 128 117 31 177 182 154 14 49 39 89 126 13 189 149 29 102 192 132 87 46 27 11 122 121 184 103 38 31 19 21 52 196 83 125 151 172 22 44 11 130 157 96 94 200 170 68 50 33 38 59 45 104 143
75 12 65 138 58 102 193 36 192 62 192 0 7 20 59 0 99 87 107 51 193 131 136 88 44 33 199 119 69 113 196 27 199 144 28 23 2 39 88 43 161 165 62 101 59 129 199 26 120 189 8 104 163 2 118 194 194 21 144 161 182 126 60 123 116 89 145 48 46 198 184 59 104 138 100 77 67 162 178 181 108 100 158 23 150 197 145 9 165 42 142 119 44 98 40 58 69 120 200
32 165 14 186 13 113 60 142 17 20 28 147 178 49 117 67 109 75 61 151 3 135 61 115 194 149 57 48 185 146 54 34 90 23 164 69 103 70 111 64 138 80 105 1 179 157 176 85 3 117 73 92 8 108 128 63 181 40 23 198 41 155 156 160 130 184 182 122 138 55 172 134 115 20 94 104 19 84 54 165 174 157 122 24 95 106 190 3 25 29 151 180 86 191 30 103 71 152 109
154 39 31 38 79 126 82 134 140 196 64 177 101 24 120 87 143 169 155 173 52 78 131 31 50 124 130 72 22 146 34 102 75 61 165 86 23 7 192 131 48 164 171 156 75 80 56 49 170 107 39 190 119 156 193 118 87 162 148 119 51 83 155 15 76 158 177 28 119 38 85 61 116 173 2 4 15 78 154 189 198 94 152 157 11 140 145 159 194 148 165 77 192 78 159 66 117 173 64
139 12 5 53 20 81 60 48 160 19 23 79 59 156 39 135 135 154 41 3 76 6 128 128 100 118 120 50 87 116 144 43 136 32 146 50 140 25 152 138 80 52 8 143 200 64 80 46 107 114 164 191 175 50 176 181 155 116 172 192 43 168 94 179 195 26 89 120 46 113 83 71 73 49 168 86 152 95 200 165 173 187 169 131 81 79 108 115 63 168 183 119 199 11 90 151 31 105 119
38 147 171 55 17 38 98 138 154 9 115 90 35 77 182 140 31 115 178 106 27 192 135 88 134 1 37 179 7 15 10 123 79 62 196 105 63 148 178 90 161 2 60 108 106 133 182 184 166 85 38 94 96 188 123 187 10 78 97 45 174 140 119 123 111 57 128 165 30 71 190 132 49 100 13 22 126 104 109 118 158 61 35 183 89 70 74 139 77 195 185 170 156 117 156 46 31 53 74
121 39 24 138 132 125 178 135 92 8 179 168 6 30 187 108 19 171 155 36 100 199 24 125 41 21 108 159 65 120 76 115 27 12 138 128 59 160 167 184 116 193 37 15 12 94 165 78 186 21 71 36 21 186 164 49 9 146 108 82 128 177 15 160 43 121 143 15 30 123 89 134 181 94 145 41 119 185 67 169 179 145 31 68 131 145 109 95 43 166 32 45 55 185 145 157 52 133 15
175 132 38 135 149 49 151 65 155 84 125 68 71 27 161 84 22 29 96 161 10 112 96 158 173 171 71 66 9 109 94 61 78 181 198 158 94 104 49 92 162 16 120 13 12 86 2 190 96 169 81 42 171 43 21 39 15 133 124 159 29 114 28 11 194 33 100 173 140 121 181 41 132 142 62 120 183 30 14 77 6 82 9 138 86 148 115 78 147 197 72 187 145 124 124 2 1 62 19
175 132 110 165 102 157 37 105 171 73 117 78 120 126 58 165 169 121 127 92 163 68 119 85 184 127 74 75 67 4 185 95 77 159 146 197 74 71 21 176 30 13 3 46 72 197 41 181 42 195 76 72 182 10 104 65 93 67 95 7 183 109 77 164 177 24 67 178 89 101 188 190 4 150 67 33 193 86 185 144 7 196 104 104 66 170 164 168 166 138 76 186 193 183 82 113 133 166 145
59 184 148 171 63 113 10 2 197 55 156 137 102 174 86 82 118 183 184 28 141 200 137 36 100 115 112 12 136 24 138 89 74 132 97 56 137 175 180 183 178 128 127 65 58 88 17 53 179 116 86 70 3 157 115 171 16 18 16 103 152 194 26 85 60 187 36 34 187 197 119 180 29 88 114 178 38 13 116 104 41 158 65 131 98 19 147 130 92 62 23 53 26 43 70 44 105 0 2
182 182 126 127 178 154 189 70 43 48 189 35 77 108 19 34 77 168 193 148 106 23 15 184 142 72 71 99 157 177 183 150 37 134 35 57 141 199 121 175 103 156 154 21 113 77 154 54 101 102 21 76 165 40 50 90 151 136 153 73 16 49 144 121 39 194 32 11 91 134 182 62 11 74 176 118 167 133 41 186 155 82 67 15 166 106 141 69 113 35 140 21 134 127 19 35 200 60 109
196 162 157 120 113 178 38 76 175 171 124 180 38 183 80 197 167 155 92 41 42 33 159 158 62 153 132 118 158 175 19 17 108 11 185 189 74 23 154 27 127 189 127 42 195 132 88 130 197 180 140 169 161 13 90 1 42 178 135 82 194 32 169 179 66 141 106 148 89 23 88 94 83 51 138 2 76 106 144 85 46 61 45 14 18 149 92 142 93 25 49 132 143 159 185 18 176 191 117
86 112 100 43 87 87 175 147 189 164 133 157 137 137 137 178 93 34 193 163 173 28 6 73 62 145 28 14 176 13 172 170 197 29 113 20 109 106 170 10 114 13 170 40 176 120 172 195 24 11 8 1 173 24 32 91 199 107 77 141 152 30 115 87 21 200 150 20 186 166 41 56 74 196 45 79 81 148 76 102 89 128 3 0 54 151 137 98 7 197 52 60 97 137 65 21 129 99 170
138 147 56 56 177 154 115 82 65 17 41 168 142 131 63 62 96 78 123 101 183 49 158 35 187 3 147 127 68 49 21 40 169 106 56 83 120 89 196 14 72 113 132 11 68 142 26 125 191 185 109 59 150 106 50 180 47 76 86 54 157 51 123 199 13 7 44 91 165 27 26 112 3 2 76 109 41 90 196 57 156 124 141 102 110 66 25 2 88 76 81 102 190 41 10 82 192 54 177
192 179 130 16 105 166 177 148 0 40 155 160 68 61 87 153 93 162 84 187 58 139 14 54 92 189 136 138 30 68 93 38 49 26 157 135 172 96 154 58 115 96 2 87 200 105 193 142 147 1 54 0 180 143 184 111 179 110 166 69 2 64 185 93 86 6 106 83 136 59 191 74 42 191 146 179 96 69 191 92 184 107 127 168 15 195 54 180 0 110 138 169 140 185 22 156 90 149 199
123 92 140 199 184 46 128 164 180 53 96 16 0 5 60 131 107 43 179 164 63 111 110 37 188 88 149 99 88 183 12 186 91 24 91 79 96 102 90 60 197 57 131 126 118 157 197 5 40 33 4 18 142 137 126 109 139 176 183 189 142 46 33 66 191 121 80 77 120 53 113 100 176 8 128 193 122 200 5 175 23 92 122 57 83 128 62 155 51 128 97 110 81 87 45 90 15 0 19
129 148 72 110 197 124 168 127 199 83 150 200 9 109 97 181 151 30 100 171 125 17 168 27 22 151 196 40 139 83 129 83 48 189 62 148 162 122 21 137 111 26 198 99 56 171 69 22 66 37 70 118 63 181 44 168 38 135 4 122 158 99 77 130 183 4 161 96 48 168 120 200 91 37 187 192 159 101 167 190 59 77 200 13 175 1 121 31 143 105 52 98 30 159 126 113 126 131 33
196 22 148 166 132 125 91 78 194 181 42 109 154 183 121 95 95 158 71 178 171 85 131 171 60 84 96 127 22 198 70 69 106 133 176 41 190 103 139 167 36 142 136 5 40 45 115 185 170 146 185 162 149 77 197 172 130 2 136 85 15 196 15 87 4 37 165 166 115 107 50 190 70 27 54 91 117 128 159 17 57 119 110 19 62 161 133 22 1 93 138 84 118 143 89 60 184 17 150
68 62 152 83 68 97 45 90 70 122 112 16 192 131 167 175 97 170 14 32 84 49 39 139 62 126 53 72 167 90 119 92 73 181 163 96 63 67 37 102 56 67 119 86 152 152 134 155 103 133 141 60 105 43 88 172 44 176 12 60 78 139 107 67 187 27 166 184 73 188 103 176 97 96 19 48 39 164 90 110 5 6 139 41 55 8 64 122 3 144 83 170 180 84 149 105 182 129 199
17 20 18 173 58 111 124 51 180 10 37 126 132 200 3 144 157 54 21 41 187 147 19 180 175 176 157 160 182 41 35 66 199 115 167 174 26 100 17 103 12 11 63 42 121 40 71 161 77 139 10 8 185 95 166 145 77 43 31 68 152 102 169 141 48 163 66 111 111 102 82 87 9 101 188 40 39 118 125 48 46 39 81 177 119 55 141 21 155 189 168 20 100 105 108 107 166 16 0
186 118 31 162 91 8 199 107 40 50 120 62 160 122 88 97 54 20 181 47 157 15 1 163 76 170 97 75 5 52 175 42 30 142 136 20 193 142 23 131 169 171 2 66 75 143 131 27 23 100 29 108 195 90 1 86 99 40 55 158 188 43 99 166 148 22 32 123 137 7 52 76 16 43 11 51 15 77 26 150 110 14 44 149 188 47 70 142 197 196 144 180 150 121 172 140 15 43 142
86 88 82 83 136 90 20 54 133 129 74 138 71 152 30 119 176 143 154 27 91 193 126 2 80 110 90 19 94 132 69 70 179 98 72 36 124 9 138 88 21 21 42 120 10 123 159 63 78 98 28 26 200 181 172 16 25 143 19 113 197 163 82 42 56 95 77 150 82 119 104 96 82 83 108 92 130 123 125 5 113 27 121 75 55 70 149 149 83 13 52 123 125 95 41 156 13 66 168
